0 0 0 0 0 0 0 0 0 0 0 0 0 0 0 0 0 0 0 0 0 0 0 0 0 0 0 0 0 0 0 0 0 0 0 0 0 0 0 0 0 0 0 0 0 0 1 1 1 1 1 1 1 0 0 0 0 0 0 0 0 0 0 0 0 0 0 0 0 0 0 0 0 0 0 0 0 0 0 0 0 0 0 0 0 0 0 0 0 0 0 0 0 0 0 0 0 0 0 0 0
0 0 0 0 0 0 0 0 0 0 0 0 0 0 0 0 0 0 0 0 0 0 0 0 0 0 0 0 0 0 0 0 0 0 0 0 0 0 0 0 0 0 0 0 1 1 1 1 1 1 1 1 1 0 0 0 0 0 0 0 0 0 0 0 0 0 0 0 0 0 0 0 0 0 0 0 0 0 0 0 0 0 0 0 0 0 0 0 0 0 0 0 0 0 0 0 0 0 0 0 0
0 0 0 0 0 0 0 0 0 0 0 0 0 0 0 0 0 0 0 0 0 0 0 0 0 0 0 0 0 0 0 0 0 1 1 1 0 0 0 0 1 1 1 1 1 1 1 1 1 1 1 1 0 0 0 0 0 0 0 0 0 0 0 0 0 0 0 0 0 0 0 0 0 0 0 0 0 0 0 0 0 0 0 0 0 0 0 0 0 0 0 0 0 0 0 0 0 0 0 0 0
0 0 0 0 0 0 0 0 0 0 0 0 0 0 0 0 0 0 0 0 0 0 0 0 0 0 1 1 1 1 1 1 1 1 1 1 0 1 1 1 1 1 1 1 1 1 1 1 1 1 1 1 1 1 1 0 0 0 0 0 1 1 1 1 1 1 1 1 0 0 0 0 0 0 0 0 0 0 0 0 0 0 0 0 0 0 0 0 0 0 0 0 0 0 0 0 0 0 0 0 0
0 0 0 0 0 0 0 0 0 0 0 0 0 0 0 0 0 0 0 0 0 0 0 0 0 1 1 1 1 1 1 1 1 1 0 0 0 1 1 1 1 1 1 1 1 1 1 1 1 1 1 1 1 1 1 0 1 1 1 1 1 1 1 1 1 1 1 1 1 0 0 0 0 0 0 0 0 0 0 0 0 0 0 0 0 0 0 0 0 0 0 0 0 0 0 0 0 0 0 0 0
0 0 0 0 0 0 0 0 0 0 0 0 0 0 0 0 0 0 0 0 0 0 0 0 0 1 1 1 1 1 1 1 1 0 0 0 1 1 1 1 1 1 1 1 1 1 1 1 1 1 1 1 1 1 1 1 1 1 1 1 1 1 1 1 1 1 1 1 1 1 0 0 0 0 0 0 0 0 0 0 0 0 0 0 0 0 0 0 0 0 0 0 0 0 0 0 0 0 0 0 0
0 0 0 0 0 0 0 0 0 0 0 0 0 0 0 0 0 0 0 0 0 0 0 0 0 0 0 1 1 1 1 1 1 1 0 1 1 1 1 1 1 1 1 1 1 1 1 1 1 1 1 1 1 1 1 1 1 1 1 1 1 1 1 1 1 1 1 1 1 1 1 1 0 0 0 0 0 0 0 0 0 0 0 0 0 0 0 0 0 0 0 0 0 0 0 0 0 0 0 0 0
0 0 0 0 0 0 0 0 0 0 0 0 0 0 0 0 0 0 0 0 0 0 0 0 0 0 0 0 1 1 1 1 1 1 1 1 1 1 1 1 1 1 1 1 1 1 1 1 1 1 1 1 1 1 1 1 1 1 1 1 1 1 1 1 1 1 1 1 1 1 1 1 0 0 0 0 0 0 0 0 0 0 0 0 0 0 0 0 0 0 0 0 0 0 0 0 0 0 0 0 0
0 0 0 0 0 0 0 0 0 0 0 0 0 0 0 0 0 0 0 0 0 0 0 0 0 0 0 0 1 1 1 1 1 1 1 1 1 1 1 1 1 1 1 1 1 1 1 1 1 1 1 1 1 1 1 1 1 1 1 1 1 1 1 1 1 1 1 1 1 1 1 1 1 0 0 0 0 0 0 0 0 0 0 0 0 0 0 0 0 0 0 0 0 0 0 0 0 0 0 0 0
0 0 0 0 0 0 0 0 0 0 0 0 0 0 0 0 0 0 0 0 0 0 0 0 0 0 0 0 1 1 1 1 1 1 1 1 1 1 1 1 1 1 1 1 1 1 1 1 1 1 1 1 1 1 1 1 1 1 1 1 1 1 1 1 1 1 1 1 1 1 1 1 1 1 0 0 0 0 0 0 0 0 0 0 0 0 0 0 0 0 0 0 0 0 0 0 0 0 0 0 0
0 0 0 0 0 0 0 0 0 0 0 0 0 0 0 0 0 0 0 0 0 0 0 0 -37 -36 0 0 -36 -36 -36 -36 1 1 1 1 1 1 1 1 1 1 1 1 1 1 1 1 1 1 1 1 1 1 1 1 1 1 1 1 1 1 1 1 1 1 1 1 1 1 1 1 1 1 0 0 0 0 0 0 0 0 0 0 0 0 0 0 0 0 0 0 0 0 0 0 0 0 0 0 0
0 0 0 0 0 0 0 0 0 0 0 0 0 0 0 0 0 0 0 0 0 0 0 -37 -36 -36 0 0 -36 -36 1 1 1 1 1 1 1 1 1 1 1 1 1 1 1 1 1 1 1 1 1 1 1 1 1 1 1 1 1 1 1 1 1 1 1 1 1 1 1 1 1 1 1 1 0 0 0 0 0 0 0 0 0 0 0 0 0 0 0 0 0 0 0 0 0 0 0 0 0 0 0
0 0 0 0 0 0 0 0 0 0 0 0 0 0 0 0 0 0 0 0 0 -37 -37 -37 -36 -36 -36 -36 -36 1 1 1 1 1 1 1 1 1 1 1 1 1 1 1 1 1 1 1 1 1 1 1 1 1 1 1 1 1 1 1 1 1 1 1 1 1 1 1 1 1 1 1 1 1 0 0 0 0 0 0 0 0 0 0 0 0 0 0 0 0 0 0 0 0 0 0 0 0 0 0 0
0 0 0 0 0 0 0 0 0 0 0 0 0 0 0 0 1 -37 0 0 -37 -37 -36 -36 -36 0 -36 -36 1 1 1 1 1 1 1 1 1 1 1 1 1 1 1 1 1 1 1 1 1 1 1 1 1 1 1 1 1 1 1 1 1 1 1 1 1 1 1 1 1 1 1 1 1 1 0 0 0 0 0 0 0 0 0 0 0 0 0 0 0 0 0 0 0 0 0 0 0 0 0 0 0
0 0 0 0 0 0 0 0 0 0 0 0 0 0 0 0 -38 -37 -37 0 -37 -37 -36 -36 0 0 -36 -36 1 1 1 1 1 1 1 1 1 1 1 1 1 1 1 1 1 1 1 1 1 1 1 1 1 1 1 1 1 1 1 1 1 1 1 1 1 1 1 1 1 1 1 1 1 1 1 0 0 0 0 0 0 0 0 0 0 0 0 0 0 0 0 0 0 0 0 0 0 0 0 0 0
0 0 0 0 0 0 0 0 0 0 0 0 0 0 0 0 -38 -37 -37 0 -36 -36 0 0 -36 -36 -36 -36 1 1 1 1 1 1 1 1 1 1 1 1 1 1 1 1 1 1 1 1 1 1 1 1 1 1 1 1 1 1 1 1 1 1 1 1 1 1 1 1 1 1 1 1 1 1 1 1 0 0 0 0 0 0 0 0 0 0 0 0 0 0 0 0 0 0 0 0 0 0 0 0 0
0 0 0 0 0 0 0 0 0 0 0 0 0 0 0 0 -38 -38 -37 -36 -36 0 0 -36 -36 -36 -36 -36 1 1 1 1 1 1 1 1 1 1 1 1 1 1 1 1 1 1 1 1 1 1 1 1 1 1 1 1 1 1 1 1 1 1 1 1 1 1 1 1 1 1 1 1 1 1 1 1 1 0 0 0 0 0 0 0 0 0 0 0 0 0 0 0 0 0 0 0 0 0 0 0 0
0 0 0 0 0 0 0 0 0 0 0 0 0 0 0 0 -38 -38 -38 -36 -36 -36 -36 1 -36 -36 -36 -36 1 1 1 1 1 1 1 1 1 1 1 1 1 1 1 1 1 -1 -1 -1 1 1 1 1 1 1 1 1 1 1 1 1 1 1 1 1 1 1 1 1 1 1 1 1 1 1 1 1 1 1 0 0 0 0 0 0 0 0 0 0 0 0 0 0 0 0 0 0 0 0 0 0 0
0 0 0 0 0 0 0 0 0 0 0 0 0 0 0 0 -38 -38 -36 -36 -36 -36 1 1 -36 -36 -36 -36 1 1 1 1 1 1 1 1 1 1 1 1 1 1 1 1 1 -1 -1 -1 -1 -1 -1 1 1 1 1 1 1 1 1 1 1 1 1 1 1 1 1 1 1 1 1 1 1 1 1 1 1 1 1 0 0 0 0 0 0 0 0 0 0 0 0 0 0 0 0 0 0 0 0 0 0
0 0 0 0 0 0 0 0 0 0 0 0 0 0 0 0 -38 -36 -36 -36 -36 -36 1 1 -36 -36 -36 -36 1 1 1 -18 -18 -18 1 1 1 1 1 1 1 1 1 1 1 -1 -1 -1 -1 -1 -1 -1 -1 -1 -1 1 1 1 1 1 1 1 1 1 1 1 1 1 1 1 1 1 1 1 1 1 1 1 1 1 0 0 0 0 0 0 0 0 0 0 0 0 0 0 0 0 0 0 0 0 0
0 0 0 0 0 0 0 0 0 0 0 0 0 0 0 -38 -38 -36 -36 -36 -36 1 1 1 -36 -36 -36 -36 1 1 1 -18 -18 -18 -18 1 1 1 1 1 1 1 1 1 1 1 1 -1 -1 -1 -1 -1 -1 -1 -1 -1 -1 -1 1 1 1 1 1 1 1 1 1 1 1 1 1 1 1 1 1 1 1 1 1 1 1 1 0 0 0 0 0 0 0 0 0 0 0 0 0 0 0 0 0 0 0
0 0 0 0 0 0 0 0 0 0 0 0 0 -38 -38 -38 -38 -36 -36 -36 1 1 -36 -36 -36 -36 -36 -8 -8 -8 1 -18 -18 -18 1 1 1 1 1 1 1 1 1 1 1 1 1 1 1 1 1 -1 -1 -1 -1 -1 -1 -1 -1 1 1 1 1 1 1 1 1 1 1 1 1 1 1 1 1 1 1 1 1 1 1 1 1 0 0 0 0 0 0 0 0 0 0 0 0 0 0 0 0 0 0
1 1 0 0 0 0 0 0 0 0 0 -38 -38 -38 -38 -38 -40 -40 -40 1 1 1 -36 -36 -36 -36 -8 -8 -8 -8 1 1 1 1 1 1 1 -7 -7 -7 -7 1 1 1 1 1 1 1 1 1 1 1 -1 -1 -1 -1 -1 -1 -1 -1 1 1 1 1 1 1 1 1 1 1 1 1 1 1 1 1 1 1 1 1 1 1 1 1 0 0 0 0 0 0 0 0 0 0 0 0 0 0 0 0 0
1 1 1 0 0 0 0 0 0 0 -38 -38 -38 -38 -40 -40 -40 -40 -40 1 1 1 -36 -36 -36 1 1 -8 -8 -8 1 1 1 1 1 1 1 -7 -7 -7 -7 1 1 1 1 1 1 1 1 1 -2 -2 -2 1 1 1 -1 -1 -1 -1 1 1 1 1 1 1 1 1 1 1 1 1 1 1 1 1 1 1 1 1 1 1 1 1 1 0 0 0 0 0 0 0 0 0 0 0 0 0 0 0 0
1 1 1 1 0 0 0 0 0 0 -39 -38 -38 -38 -40 -40 0 -40 -40 1 1 1 1 1 1 1 1 -8 -8 -8 1 1 1 1 1 1 1 1 -7 -17 -17 -17 1 1 1 1 1 1 1 -2 -2 -2 -2 1 1 1 1 -1 -1 1 1 1 1 1 1 1 1 1 1 1 1 1 1 1 1 1 1 1 1 1 1 1 1 1 1 1 1 0 0 0 0 0 0 0 0 0 0 0 0 0 0
1 1 1 1 0 0 0 0 0 0 -39 -38 -38 -38 -40 -40 0 -40 -40 -40 1 1 1 1 1 1 1 -9 -8 -8 1 1 1 1 1 1 -17 -17 -17 -17 -17 -17 1 1 1 1 1 1 1 1 -2 -2 1 1 1 1 1 1 1 1 1 1 1 1 1 1 1 1 1 1 1 1 1 1 1 1 1 1 1 1 1 1 1 1 1 1 1 1 1 1 0 0 0 0 0 0 0 0 0 0 0
1 1 1 1 0 0 0 0 0 0 -39 -39 -40 -40 -40 -40 0 0 -40 -40 -40 1 1 1 -13 -13 -13 -9 -9 -9 1 1 1 1 1 -17 -17 -17 -17 -17 -17 -17 1 1 1 1 1 1 1 1 1 1 1 1 1 1 1 1 1 1 1 1 1 1 1 1 1 1 1 1 1 1 1 1 1 1 1 1 1 1 -44 -44 1 1 1 1 1 1 1 1 1 1 0 0 0 0 0 0 0 0 0
1 1 1 1 0 0 0 0 0 0 -39 -39 -40 -40 -40 -40 -40 0 -40 -40 -40 1 -27 -27 -13 -13 -13 -13 -13 -13 -13 -13 -13 -13 1 -17 -17 -17 -17 -17 -17 -17 -17 1 1 1 1 1 1 1 1 1 1 1 1 1 1 1 1 1 1 1 1 1 1 1 1 1 1 1 1 1 1 1 1 1 1 1 1 -44 -44 -44 1 1 1 1 1 1 1 1 1 1 1 0 0 0 0 0 0 0 0
1 1 1 1 1 0 0 1 1 -39 -39 -39 -41 -41 -40 -40 -40 0 0 -40 -40 -27 -27 -27 -13 -13 -13 -13 -13 -13 -13 -13 -13 -13 -13 -13 -17 -17 -17 -17 -17 -17 -17 1 1 1 1 1 1 1 1 1 1 -5 -5 -5 1 1 1 1 1 1 1 1 1 1 1 1 1 1 1 1 1 1 1 1 1 1 1 -44 -44 -44 1 1 1 1 1 1 1 1 1 1 1 1 0 0 0 0 0 0 0
1 1 1 1 1 0 0 1 1 1 1 -41 -41 -41 0 -40 -40 -40 -40 -40 -43 -27 -27 -27 -13 -13 -13 -13 -13 -13 -13 -13 -13 -13 -13 -13 -13 -13 -17 -17 -17 -17 -17 -17 1 1 1 1 1 1 1 1 1 -5 -5 -5 -14 1 1 1 1 1 1 1 1 1 1 1 1 1 1 1 1 1 1 1 1 1 1 1 -44 1 1 1 1 1 1 1 1 1 1 1 1 1 1 1 1 0 0 0 0
1 1 1 1 0 0 0 1 1 1 1 -41 -41 0 -41 -41 -40 -40 -40 -43 -43 -27 -27 -27 1 1 -13 -13 -13 -13 -13 -13 -13 -13 -13 -13 -13 -13 -17 -17 -17 -17 -14 -14 1 1 1 1 1 1 1 1 1 -5 -5 -14 -14 -14 1 1 1 1 1 1 1 1 1 1 1 1 1 1 1 1 1 1 1 1 1 1 1 1 1 1 1 1 1 1 1 1 1 1 1 1 1 1 1 0 0 0 0
1 1 1 1 1 0 0 1 1 1 1 0 0 0 -43 -43 -43 -43 -43 -43 -43 -27 -43 -43 -43 1 1 1 -25 1 1 1 -13 -13 -13 1 -13 -13 1 -17 -17 -14 -14 -14 1 1 -6 -6 -6 1 1 1 1 1 -14 -14 -14 -14 -14 1 1 1 1 1 1 1 1 1 1 1 1 1 1 1 1 1 1 1 1 1 1 1 1 1 1 1 1 1 1 1 1 1 1 1 1 1 1 0 0 0 0
1 1 1 1 1 0 0 1 1 1 0 0 0 0 -43 -43 -43 -43 -43 0 -43 -43 -43 -43 -43 -43 -25 -25 -25 -25 -25 -25 -13 -13 -13 1 1 1 -21 -21 -14 -14 -14 -14 -14 1 -6 -6 -6 1 1 1 1 1 -3 -3 -14 -14 -14 1 1 1 1 1 1 1 1 1 1 1 1 1 1 1 1 1 1 1 1 1 1 1 1 1 1 1 1 1 1 1 1 1 1 1 1 1 0 0 0 0 0
1 1 1 1 1 1 0 0 1 1 0 0 0 0 -43 -43 0 -43 -43 -43 -43 0 0 -43 -43 -43 -25 -25 -25 -25 -25 -25 -25 -25 -25 -25 1 1 -21 -21 -14 -14 -14 -14 -14 -14 -6 -6 -14 -14 -14 -14 1 1 -3 -3 -3 -14 -14 1 1 1 1 1 1 1 1 1 1 1 1 1 1 1 1 1 1 1 1 1 1 1 1 1 1 1 1 1 1 1 1 1 1 1 1 0 0 0 0 0 0
1 1 1 1 1 1 1 0 0 1 1 0 0 0 -43 -43 0 -43 -43 -43 -43 -43 -43 0 0 0 0 -25 -25 -25 -25 -25 -25 -25 -25 -25 -25 1 1 -21 -14 -14 -14 -14 -14 -14 1 -14 -14 -14 -14 -14 1 1 1 -3 1 -14 -14 -14 1 1 1 1 1 1 1 1 1 1 1 1 1 1 1 1 1 1 1 1 1 1 1 1 1 1 1 1 1 1 1 1 1 1 1 0 0 0 0 0 0
1 1 1 1 1 1 1 1 0 1 -43 0 0 0 -43 -43 -43 -43 -43 -43 -43 -43 -43 -43 -43 0 0 0 0 -25 -25 -25 -25 -25 -25 -29 -29 -29 1 1 1 1 -32 -32 -32 -32 1 -14 -14 -14 -14 -14 1 1 1 1 -14 -14 -14 -14 1 1 1 1 -24 -24 -24 1 1 1 1 1 1 1 1 1 1 1 1 1 1 1 1 1 1 1 1 1 1 1 1 1 1 1 1 0 0 0 0 0 0
1 1 1 1 1 1 1 1 1 -43 -43 0 0 0 -43 -43 -43 -43 -43 -43 -43 -43 -43 -43 -43 0 0 0 0 -25 -25 -25 -25 -29 -29 -29 -29 -29 -29 -29 1 1 1 -32 -32 -32 -32 1 -30 -30 -30 -30 1 1 -11 -11 -11 -14 -14 -14 -14 -14 1 1 -24 -24 -24 -24 1 1 1 1 1 1 1 1 1 1 1 1 1 1 1 1 1 1 1 1 1 1 1 1 1 1 1 1 0 0 0 0 0
1 1 1 1 1 1 1 1 1 -43 -43 -43 -43 -43 -43 -43 -43 -43 -43 -43 -43 -43 -10 -10 -43 -43 -25 -10 -25 0 -25 -25 -25 -25 -29 -29 -29 -29 -29 -29 -29 -29 1 1 -32 -32 -32 1 -30 -30 -30 -30 -11 -11 -11 -11 -11 -11 -14 -14 -14 -14 1 1 -24 -24 -24 -24 1 1 1 1 1 1 1 1 1 1 1 1 1 1 1 1 1 1 1 1 1 1 1 1 1 1 1 1 0 0 0 0 0
1 1 1 1 1 1 1 1 1 1 -43 -43 -43 -43 -43 -43 -43 -43 -43 -10 -10 -10 0 0 -10 -10 -10 -10 -10 -25 -25 -25 -25 -25 -25 -29 -29 -29 -29 -29 -29 -29 -29 -12 -12 -32 -32 -34 -34 -4 -4 0 -11 -11 -11 -11 -11 -11 -14 -14 -14 -14 -24 -24 -24 -24 -24 -24 1 1 1 1 1 1 1 1 1 1 1 1 1 1 1 1 1 1 1 1 1 1 1 1 1 1 1 1 1 0 0 0 0
1 1 1 1 1 1 1 1 1 1 1 1 -43 -43 -43 -10 -10 -10 -10 -10 -10 0 0 0 -10 -10 0 -10 -10 -10 -25 -25 -25 -25 -29 -29 -29 -33 -33 -33 -29 -29 1 -12 -12 -12 -34 -34 -34 -35 -4 -4 -4 -11 -11 -11 1 1 -24 -14 -24 -24 -24 -24 -24 -24 -24 -24 1 1 1 1 1 1 1 1 1 1 1 1 1 1 1 1 1 1 1 1 1 1 1 1 1 1 1 1 1 0 0 0 0
1 1 1 1 1 1 1 1 1 1 1 1 1 1 -10 -10 -10 -10 0 0 0 0 0 0 -10 -10 0 0 -10 -10 -10 -10 -10 -10 -10 -29 -19 -19 -33 -33 -33 -33 1 -12 -12 -12 -12 -31 -31 -31 -4 -4 -4 -11 -11 -11 -11 -24 -24 -24 -24 -24 -24 -24 -24 -24 -24 -24 1 1 1 1 1 1 1 1 1 1 1 1 1 1 1 1 1 1 1 1 1 1 1 1 1 1 1 1 1 1 0 0 0
1 1 1 1 1 1 1 1 1 1 1 1 1 -10 -10 -10 -10 0 0 0 0 0 0 0 0 0 0 0 0 -10 -10 -10 -10 -10 -10 -19 -19 -19 -33 -33 -33 -33 1 -12 -12 -12 -12 -31 -31 -31 -22 -22 -11 -11 -11 -11 -11 -24 -24 -24 -24 -24 -24 -24 -24 -24 -24 -24 -24 1 1 1 1 1 1 1 1 1 1 1 1 1 1 1 1 1 1 1 1 1 1 1 1 1 1 1 1 1 1 1 0
1 1 1 1 1 1 1 1 1 1 1 -10 -10 -10 -10 -10 0 0 0 0 0 0 0 0 0 0 0 0 0 -10 -10 -10 -10 -10 -19 -19 -19 -19 -19 -33 -33 -33 -12 -12 -12 -12 -12 -31 -31 -31 -22 -22 -22 -11 -11 -11 -11 -11 -24 -24 -24 -24 -24 -24 -24 -24 -24 -24 -24 1 1 1 1 1 1 1 1 1 1 1 1 1 1 1 1 1 1 1 1 1 1 1 1 1 1 1 1 1 1 1 0
1 1 1 1 1 1 1 1 1 1 1 -10 -10 0 0 0 0 0 0 0 0 0 0 0 0 0 0 0 0 0 -10 -10 -10 -10 -19 -19 -19 -19 -19 -19 0 -16 -12 -12 -12 -12 -12 -31 -31 -31 -22 -22 1 1 -11 -11 -11 -11 -24 -24 -24 -24 -24 -24 -24 -24 -24 -24 -24 -24 -26 -26 1 1 1 1 1 1 1 1 1 1 1 1 1 1 1 1 1 1 1 1 1 1 1 1 1 1 1 1 0
1 1 1 1 1 1 1 1 1 1 1 -10 0 0 0 0 0 0 0 0 0 0 0 0 0 0 0 0 0 0 0 -10 -10 -10 -10 -19 1 -19 -19 -19 -19 -16 -16 -12 1 -12 -31 -31 -31 -31 1 1 1 1 1 -11 -11 -11 -24 -24 -24 -24 -24 -24 -24 -24 -24 -24 -24 -26 -26 -26 -26 -26 -26 1 1 1 1 1 1 1 1 -45 -45 1 1 1 1 1 1 1 1 1 1 -46 -46 1 1 1 0
1 1 1 1 1 1 1 1 1 1 -10 -10 0 0 0 0 0 0 0 0 0 0 0 0 0 0 0 0 0 0 0 0 -10 -10 -10 1 1 1 -19 -19 -19 -16 1 1 1 1 1 1 1 1 1 1 1 1 1 1 1 1 1 -24 -24 -24 -24 -24 -24 1 -24 -24 -24 -26 -26 -26 -26 -26 -26 1 1 1 1 1 1 -45 -45 -45 -45 -45 1 1 1 1 1 1 1 1 1 -46 -46 -46 1 1 0
1 1 1 1 1 1 1 1 1 1 1 -10 -10 0 0 0 0 0 0 0 0 0 0 0 0 0 0 0 0 0 0 0 -10 -10 1 1 1 1 -20 -20 -20 1 1 1 1 -23 -23 -23 1 1 1 1 1 1 1 1 1 1 1 1 1 1 -24 -24 -24 -24 1 1 1 1 -26 -26 1 -26 1 1 1 1 1 1 -45 -45 -45 -45 -45 -45 1 1 1 1 1 1 1 1 1 -46 -46 1 1 1 0
1 1 1 1 1 1 1 1 1 1 1 -10 -10 0 0 0 0 0 0 0 0 0 0 0 0 0 0 0 0 0 0 0 -10 -10 -10 -10 -10 1 -20 -20 -20 -20 1 1 1 -23 -23 -23 -23 1 1 1 1 1 1 1 1 1 1 1 1 1 -24 -24 -24 -24 1 1 1 1 1 1 1 1 1 1 1 1 1 1 -45 -45 -45 -45 1 1 1 1 1 1 1 1 1 1 1 1 1 1 1 1 0
1 1 1 1 1 1 1 1 1 1 1 -10 -10 0 0 0 0 0 0 0 0 0 0 0 0 0 0 0 0 0 0 0 -10 -10 -10 -10 -10 1 1 -20 -20 -23 -23 1 -23 -23 -23 -23 1 1 1 1 1 1 1 1 1 1 1 1 1 1 1 1 1 1 1 1 1 1 1 1 1 1 1 1 1 1 1 1 1 1 1 1 1 1 1 1 1 1 1 1 1 1 1 1 1 1 1 1 0
1 1 1 1 1 1 1 1 1 1 1 -10 -10 0 0 0 0 -10 -10 -10 -10 -10 -10 0 0 0 0 0 0 0 0 -10 -10 -10 -10 -10 -10 1 1 1 -23 -23 -23 -23 -23 -23 -23 -23 1 1 1 1 1 1 1 1 1 1 1 1 1 1 1 1 1 1 1 1 1 1 1 1 1 1 1 1 1 1 1 1 1 1 1 1 1 1 1 1 1 1 1 1 1 1 1 1 1 1 1 1 0
1 1 1 1 1 1 1 1 1 1 1 -10 -10 -10 -10 -10 -10 -10 -10 -10 1 -10 -10 -10 0 0 0 0 0 0 0 -10 -10 1 1 1 1 1 1 1 -23 -23 -23 -23 -23 -23 -23 1 1 1 1 1 1 1 1 1 1 1 1 1 1 1 1 1 1 1 1 1 1 1 1 1 1 1 1 1 1 1 1 1 1 1 1 1 1 1 1 1 1 1 1 1 1 1 1 1 1 1 1 0 0
1 1 1 1 1 1 1 1 1 1 1 1 -10 -10 -10 -10 -10 -10 1 1 1 1 -10 -10 -10 -10 -10 0 0 -10 -10 -10 -10 1 1 1 1 1 1 1 1 -23 -23 0 -23 -23 -23 1 1 1 1 1 1 1 1 1 1 1 1 1 1 1 1 1 1 1 1 1 1 1 1 1 1 1 1 1 1 1 1 1 1 1 1 1 1 1 1 1 1 1 1 1 1 1 1 1 1 1 1 0 0
1 1 1 1 1 1 1 1 1 1 1 1 1 1 1 1 1 1 1 1 1 1 1 1 -10 -10 -10 -10 0 -10 -10 -10 1 1 1 1 1 1 1 1 -23 -23 -23 0 0 -23 -23 1 1 1 1 1 1 1 1 1 1 1 1 1 1 1 1 1 1 1 1 1 1 1 1 1 1 1 1 1 1 1 1 1 1 1 1 1 1 1 1 1 1 1 1 1 1 1 1 1 1 1 1 0 0
1 1 1 1 1 1 1 1 1 1 1 1 1 1 1 1 1 1 1 1 1 1 1 1 1 -10 -10 -10 0 0 -10 -10 1 1 1 1 1 1 1 -23 -23 0 0 -23 -23 -23 -23 -23 -23 1 1 1 1 1 1 1 1 1 1 1 1 1 1 1 1 1 1 1 1 1 1 1 1 1 1 1 1 1 1 1 1 1 1 1 1 1 1 1 1 1 1 1 1 1 1 1 1 1 0 0 0
1 1 1 1 1 1 1 1 1 1 1 1 1 1 1 1 1 1 1 1 1 1 1 1 1 1 -10 -10 -10 -10 -10 -10 1 1 1 1 1 -23 -23 -23 0 0 -23 -23 -23 -23 -23 -23 -23 -23 1 1 1 1 1 1 1 1 1 1 1 1 1 1 1 1 1 1 1 1 1 1 1 1 1 1 1 1 1 1 1 1 1 1 1 1 1 1 1 1 1 1 1 1 1 1 1 1 0 0 0
1 1 1 1 1 1 1 1 1 1 1 1 1 1 1 1 1 1 1 1 1 1 1 1 1 1 1 -10 -10 -10 -10 1 1 1 1 1 1 -23 -23 0 0 -23 -23 -23 -23 -23 -23 -23 -23 -23 1 1 1 1 1 1 1 1 1 1 1 1 1 1 1 1 1 1 1 1 1 1 1 1 1 1 1 1 1 1 1 1 1 1 1 1 1 1 1 1 1 1 1 1 1 1 1 1 0 0 0
1 1 1 1 1 1 1 1 1 1 1 1 1 1 1 1 1 1 1 1 1 1 1 1 1 1 1 1 1 1 1 1 1 1 1 1 1 -23 -23 -23 -23 -23 -23 -23 -23 -23 -23 -23 1 1 1 1 1 1 1 1 1 1 1 1 1 1 1 1 1 1 1 1 1 1 1 1 1 1 1 1 1 1 1 1 1 1 1 1 1 1 1 1 1 1 1 1 1 1 1 1 1 1 0 0 0
1 1 1 1 1 1 1 1 1 1 1 1 1 1 1 1 1 1 1 1 1 1 1 1 1 1 1 1 1 1 1 1 1 1 1 1 -23 -23 -23 -23 -23 -23 -23 -23 -23 -23 -23 -23 1 1 1 1 1 1 1 1 1 1 1 1 1 1 1 1 1 1 1 1 1 1 1 1 1 1 1 1 1 1 1 1 1 1 1 1 1 1 1 1 1 1 1 1 1 1 1 1 1 1 0 0 0
1 1 1 1 1 1 1 1 1 1 1 1 1 1 1 1 1 1 1 1 1 1 1 1 1 1 1 1 1 1 1 1 1 1 1 1 -23 -23 -23 -23 -23 -23 -23 -23 -23 -23 -23 1 1 1 1 1 1 1 1 1 1 1 1 1 1 1 1 1 1 1 1 1 1 1 1 1 1 1 1 1 1 1 1 1 1 1 1 1 1 1 1 1 1 1 1 1 1 1 1 1 1 1 0 0 0
1 1 1 1 1 1 1 1 1 1 1 1 1 1 1 1 1 1 1 1 1 1 1 1 1 1 1 1 1 1 1 1 1 1 1 1 1 1 -23 -23 -23 -23 -23 1 1 1 1 1 1 1 1 1 1 1 1 1 1 1 1 1 1 1 1 1 1 1 1 1 1 1 1 1 1 1 1 1 1 1 1 1 1 1 1 1 1 1 1 1 1 1 1 1 1 1 1 1 1 1 0 0 0
