1298
id tag_no yr mo day lat lon yr_rec mo_rec day_rec lat_rec lon_rec len_rel len_rec
9144 P07590 2006 9 21 -3.8846 145.6833 2009 10 23 -3.1841 149.8746 48 38
17121 P14394 2006 10 23 -4.9067 145.9104 2009 10 8 -2.4665 141.9824 46 46
20270 P16512 2006 10 29 -1.163 146.491 2009 10 5 1.5 137 46 55
31639 P25528 2007 3 7 -6.7912 149.9284 2009 10 19 -3.8667 150.0565 52 57
34531 P25316 2007 3 13 -1.5567 150.7337 2009 10 30 -2.3167 142.7 45 60
52370 P38474 2007 5 1 -4.9122 145.9136 2009 10 19 -3.8667 150.0565 38 54
90751 P60300 2008 3 16 -7.4386 158.976 2009 10 30 3.9928 175.4266 38 64
112536 P71611 2008 7 14 7.3382 157.6143 2009 10 1 -3.6933 182.4647 49 65
113172 P69679 2008 7 15 7.3824 155.2729 2009 10 5 2.4961 188.0242 56 62
113464 P69232 2008 7 18 7.2666 157.8962 2009 10 5 -1.0593 159.7153 54 67
114774 P71787 2008 7 22 2.712 156.4172 2009 10 2 -2.216 190.4448 55 60
115380 P72441 2008 7 24 7.1303 157.9405 2009 10 18 -4.9 179.5333 52 69
122735 P74263 2008 8 27 4.4008 132.3256 2009 10 3 -3.4683 150.7517 46 NA
129181 P77835 2008 10 2 -0.3929 129.4714 2009 10 25 2.1667 130.6667 39 44
131799 P80696 2008 10 5 0.1924 131.0064 2009 10 18 1.2043 126.6885 39 40
131842 Z60291 2008 10 5 0.1924 131.0064 2009 10 13 4.205 128.3183 35 39
132744 P80916 2008 10 5 0.2554 130.8246 2009 10 28 0.2349 131.7917 38 38
133390 P83753 2008 10 6 0.9488 130.6071 2009 10 7 -3.5667 146.0833 39 40
134799 P83087 2008 10 10 -2.3204 125.2768 2009 10 16 2.1667 130.6667 38 39
137101 P81676 2008 10 12 -2.7122 125.6081 2009 10 10 2.1667 129.6667 38 46
137763 Z59184 2008 10 12 -2.7431 125.6322 2009 10 16 2.1667 130.6667 34 42
142521 P102164 2008 10 18 -4.2388 129.2307 2009 10 30 -6.1333 127.3167 38 38
143675 P95501 2008 10 19 -3.6107 132.1181 2009 10 6 2.5 127.1167 39 49
143737 P95562 2008 10 19 -3.6107 132.1181 2009 10 20 1.3333 126 37 40
145794 P97171 2008 10 20 -3.5979 132.3994 2009 10 3 -3.4683 150.7517 40 NA
146801 P97677 2008 10 21 -2.5095 130.1425 2009 10 20 1.3333 126 45 45
148207 Z57375 2008 10 22 -1.9099 129.1432 2009 10 21 2.3343 126.1717 35 32
148377 Z58521 2008 10 22 -1.9099 129.1432 2009 10 22 4.3905 128.2372 36 55
148432 Z57755 2008 10 22 -1.9099 129.1432 2009 10 21 2.3343 126.1717 35 30
150346 P84018 2008 10 24 -0.5079 131.4001 2009 10 17 -3.6862 149.1805 40 59
150446 P85517 2008 10 24 -0.5079 131.4001 2009 10 23 -3.3237 173.6387 40 62
150869 P85240 2008 10 24 -0.5079 131.4001 2009 10 22 4.3905 128.2372 43 55
151136 P84456 2008 10 24 -0.5079 131.4001 2009 10 13 4.205 128.3183 42 40
153676 P87525 2008 10 29 -0.2883 138.2173 2009 10 3 -3.4683 150.7517 45 NA
154751 P89040 2008 11 5 0.265 145.8023 2009 10 9 1.1296 145.2323 48 57
168989 P99999 2009 3 17 -10.9713 154.0614 2009 10 13 -2.9946 145.4438 51 57
169032 P113005 2009 3 17 -10.9713 154.0614 2009 10 9 4.1821 174.323 53 62
169121 P104406 2009 3 17 -10.9713 154.0614 2009 10 18 2.0663 175.903 50 40
169872 P104739 2009 3 18 -10.8417 153.8687 2009 10 25 -4.0966 177.4056 55 45
170025 P105027 2009 3 18 -10.8417 153.8687 2009 10 18 -3.662 149.9767 50 60
170351 P104944 2009 3 18 -10.8417 153.8687 2009 10 18 -3.6593 149.972 58 61
171838 Z62764 2009 3 18 -10.8589 153.3492 2009 10 31 -7.4463 149.1562 34 46
172091 Z64091 2009 3 18 -10.8015 153.2572 2009 10 6 -2.3667 141.9833 36 39
172781 P105952 2009 3 19 -10.2537 153.925 2009 10 17 -2.1 142.5167 48 33
174054 Z65418 2009 3 20 -10.5194 153.5019 2009 10 13 0.213 159.906 35 44
174669 Z65239 2009 3 20 -10.5194 153.5019 2009 10 10 -7.3333 156.45 36 56
176048 P106738 2009 3 21 -10.8188 154.3479 2009 10 19 -3.8667 150.0565 39 43
176120 Z72235 2009 3 21 -10.8188 154.3479 2009 10 12 -1.9946 145.5627 34 49
176823 P106637 2009 3 21 -10.8188 154.3479 2009 10 6 -1.2947 158.3627 48 53.2
176884 P106698 2009 3 21 -10.8188 154.3479 2009 10 28 0.7767 143.7 46 NA
176891 Z72135 2009 3 21 -10.8188 154.3479 2009 10 29 -5.432 177.3747 34 45
177156 P106968 2009 3 21 -10.9323 155.1699 2009 10 10 -7.403 156.599 39 50
179485 P108742 2009 3 27 -0.0179 155.9623 2009 10 3 0.7592 159.0259 40 51
181146 P110484 2009 3 29 4.9756 156.0328 2009 10 4 -2.1507 155.926 41 53
182033 P111508 2009 3 29 5.2514 156.295 2009 10 25 2.0013 175.176 57 59
182427 P111030 2009 3 31 6.6368 157.6502 2009 10 24 -1.1193 185.818 53 55
182908 P112613 2009 3 31 6.2185 157.3699 2009 10 26 -0.4826 168.784 61 68
183909 P114034 2009 4 2 6.7504 157.7837 2009 10 29 -6.2477 179.011 42 52
183972 P114097 2009 4 2 6.7504 157.7837 2009 10 26 -3.7355 176.7871 51 66
184019 P112755 2009 4 2 6.7504 157.7837 2009 10 6 -1.2946 158.3627 44 58.6
184329 P112965 2009 4 2 6.7504 157.7837 2009 10 30 -6.25 147.25 44 NA
184501 P114137 2009 4 5 6.5777 158.8924 2009 10 3 0.7609 159.0263 48 52
184866 P114248 2009 4 7 5.0387 165.0056 2009 10 24 -5.7964 179.2093 42 56
185193 P115034 2009 4 7 5.0387 165.0056 2009 10 11 -8.45 177.85 40 NA
185279 P115079 2009 4 7 5.0387 165.0056 2009 10 30 -6.25 147.25 40 NA
186029 P115321 2009 4 7 5.0387 165.0056 2009 10 2 -0.9266 177.8332 40 43
186037 P115329 2009 4 7 5.0387 165.0056 2009 10 25 2.022 175.16 45 60
186318 P115803 2009 4 16 5.7115 169.1579 2009 10 31 -4.276 170.5318 44 57
186450 P115980 2009 4 18 5.8847 169.4415 2009 10 30 3.1633 177.4794 45 61
186465 P116050 2009 4 18 5.8847 169.4415 2009 10 25 5.8333 180.5 43 54.5
187151 P116994 2009 4 20 7.1966 171.2204 2009 10 3 5.4576 173.9364 42 60
187269 P116213 2009 4 20 7.1966 171.2204 2009 10 25 5.55 180.7167 43 55.5
187279 P116223 2009 4 20 7.1966 171.2204 2009 10 31 2.6818 175.256 44 61
187430 P117061 2009 4 23 3.9791 172.9801 2009 10 5 2.4981 188.0191 66 98
187834 P117903 2009 4 23 3.4575 173.0762 2009 10 19 0.5006 176.5786 41 53.5
188200 P117789 2009 4 26 1.9499 172.7724 2009 10 2 -0.8773 171.2247 46 NA
188673 P118686 2009 4 27 1.9929 172.8551 2009 10 3 2.7043 171.009 44 57
188676 P120202 2009 4 27 1.9929 172.8551 2009 10 9 4.4972 174.0532 43 53.5
188704 P120218 2009 4 27 1.9929 172.8551 2009 10 22 -1.0373 178.0453 44 55
188730 P118111 2009 4 27 1.9929 172.8551 2009 10 31 2.6825 175.2564 46 57
189604 P119468 2009 4 27 1.9929 172.8551 2009 10 3 -1.7727 178.4907 45 43
189628 P119486 2009 4 27 1.9929 172.8551 2009 10 22 0.7793 176.7693 44 59
189658 P118215 2009 4 27 1.9929 172.8551 2009 10 2 -0.8773 171.2247 45 NA
189904 P118802 2009 4 27 1.9929 172.8551 2009 10 5 2.0596 175.9795 46 53
189991 P118847 2009 4 27 1.9929 172.8551 2009 10 5 -4.7635 179.4688 46 48
190014 P118866 2009 4 27 1.9929 172.8551 2009 10 20 -5.3791 178.5231 48 61
190137 P119189 2009 4 27 1.9929 172.8551 2009 10 10 -1.2549 170.462 46 40
190317 P118519 2009 4 27 1.9929 172.8551 2009 10 25 -2.0327 175.796 45 55
190827 P120006 2009 4 27 1.9929 172.8551 2009 10 13 0.8521 164.108 46 60
190907 P120046 2009 4 27 1.9929 172.8551 2009 10 22 -2.6852 184.8364 45 55
190939 P120062 2009 4 27 1.9929 172.8551 2009 10 3 -1.7727 178.4907 40 43
190982 P120442 2009 4 27 1.9929 172.8551 2009 10 11 0.7499 165.5957 45 57
191063 P120481 2009 4 27 1.9929 172.8551 2009 10 26 -0.4826 168.7838 47 57
190176 P120722 2009 4 27 2.0022 172.8634 2009 10 31 2.6821 175.2566 45 59
189322 P120637 2009 4 27 2.0129 173.0204 2009 10 15 -3.7789 179.7305 45 69
190477 P120837 2009 4 27 2.0129 173.0204 2009 10 3 -3.4235 177.6796 44 49
193038 P123223 2009 4 30 1.1627 173.0142 2009 10 2 -3.4141 176.788 47 56
193168 P122675 2009 4 30 1.1627 173.0142 2009 10 25 -1.2447 166.3032 48 62
193180 P122686 2009 4 30 1.1627 173.0142 2009 10 4 7.1772 171.3349 47 55
193202 P122929 2009 4 30 1.1627 173.0142 2009 10 14 -6.8139 183.488 48 55
193216 P122943 2009 4 30 1.1627 173.0142 2009 10 22 0.7793 176.7693 46 56.5
193618 P123174 2009 4 30 1.1627 173.0142 2009 10 22 -0.6751 179.6052 46 59
193632 P123185 2009 4 30 1.1627 173.0142 2009 10 25 -4.094 177.4061 46 56
193659 P123198 2009 4 30 1.1627 173.0142 2009 10 24 -5.7964 179.2093 42 53
193369 P122512 2009 4 30 1.0332 173.0681 2009 10 19 -3.1127 178.9 43 55
193724 P123332 2009 4 30 1.0332 173.0681 2009 10 3 -7.606 178.98 43 55
193819 P122899 2009 4 30 0.9234 173.1251 2009 10 20 -3.0947 177.6673 44 44
193877 P123347 2009 4 30 0.6059 173.564 2009 10 10 4.3213 172.6583 44 55
193944 P123417 2009 4 30 0.5722 173.624 2009 10 26 -3.6393 177.0053 44 57
193989 P123381 2009 4 30 0.5722 173.624 2009 10 26 -3.7531 176.7845 42 55
194008 P123716 2009 4 30 0.5327 173.691 2009 10 27 -2.8912 177.4054 47 61
194171 P123463 2009 5 1 0.4647 173.7252 2009 10 31 2.6818 175.2576 53 74
194256 P124326 2009 5 1 0.4647 173.7252 2009 10 21 -3.0698 185.154 46 60
194435 P123682 2009 5 1 0.4647 173.7252 2009 10 30 -7.9188 158.308 43 57
194445 P123692 2009 5 1 0.4647 173.7252 2009 10 30 3.7893 175.6747 44 49
194554 P123879 2009 5 1 0.4647 173.7252 2009 10 1 -2.877 177.25 42 52
194578 P124103 2009 5 1 0.4647 173.7252 2009 10 26 -3.7377 176.7873 46 63
194715 P123940 2009 5 1 0.5267 173.7232 2009 10 2 -0.9267 177.8333 44 43
195337 P125782 2009 5 3 1.9712 172.8395 2009 10 2 -0.8773 171.2247 47 NA
195694 P126340 2009 5 3 1.9712 172.8395 2009 10 27 0.2767 176.2873 47 60
195701 P126347 2009 5 3 1.9712 172.8395 2009 10 5 2.0596 175.9795 44 50
195800 P127246 2009 5 3 1.9712 172.8395 2009 10 12 0.5427 160.01 44 56
195977 P124688 2009 5 3 1.9712 172.8395 2009 10 20 -4.7571 176.5159 46 56
196126 P125637 2009 5 3 1.9712 172.8395 2009 10 23 0.4233 176.662 47 59
196178 P125689 2009 5 3 1.9712 172.8395 2009 10 3 2.7043 171.009 45 54
196249 P125860 2009 5 3 1.9712 172.8395 2009 10 10 -5.8466 176.6409 47 54
196342 P126453 2009 5 3 1.9712 172.8395 2009 10 5 -1.0687 159.7293 46 48
196430 P126741 2009 5 3 1.9712 172.8395 2009 10 2 -0.8773 171.2247 46 NA
196546 P126957 2009 5 3 1.9712 172.8395 2009 10 2 -0.8773 171.2247 45 NA
196551 P126962 2009 5 3 1.9712 172.8395 2009 10 20 3.1 175.8666 47 54.6
196632 P127342 2009 5 3 1.9712 172.8395 2009 10 19 -3.1127 178.9 46 59
196688 P127398 2009 5 3 1.9712 172.8395 2009 10 2 -0.8773 171.2247 46 NA
196951 P124964 2009 5 3 1.9712 172.8395 2009 10 22 -6.1613 180.0073 45 57
197145 P125956 2009 5 3 1.9712 172.8395 2009 10 4 -1.9287 157.8953 45 54
197171 P125981 2009 5 3 1.9712 172.8395 2009 10 10 2.8853 173.4807 45 52
197262 P126567 2009 5 3 1.9712 172.8395 2009 10 18 -1.2495 174.1418 43 53
197716 P127608 2009 5 3 1.9712 172.8395 2009 10 2 -0.8773 171.2247 45 NA
198093 P125224 2009 5 3 1.9712 172.8395 2009 10 2 -0.8773 171.2247 44 NA
198478 P125182 2009 5 3 1.9712 172.8395 2009 10 25 -2.0327 175.796 46 57
198489 P125188 2009 5 3 1.9712 172.8395 2009 10 26 0.9502 175.5426 46 60
198499 P125194 2009 5 3 1.9712 172.8395 2009 10 2 -0.8773 171.2247 44 NA
198512 P125093 2009 5 3 1.9712 172.8395 2009 10 10 2.6973 173.466 46 56
198549 P125534 2009 5 3 1.9712 172.8395 2009 10 6 -2.198 165.186 49 61
198647 P126154 2009 5 3 1.9712 172.8395 2009 10 14 0.486 170 44 56
198736 P127019 2009 5 3 1.9712 172.8395 2009 10 24 -5.7964 179.2093 46 60
198838 P126227 2009 5 3 1.9712 172.8395 2009 10 22 -2.004 175.796 44 59
198848 P127068 2009 5 3 1.9712 172.8395 2009 10 29 5.6088 171.5493 47 55
198932 P127092 2009 5 3 1.9712 172.8395 2009 10 27 0.95 175.5427 44 57
198970 P126258 2009 5 3 1.9712 172.8395 2009 10 28 -5.5407 177.224 50 62
197858 P128335 2009 5 3 1.9899 172.8541 2009 10 18 0.4974 176.4386 48 54
196822 P128435 2009 5 3 2.0061 172.8336 2009 10 20 -4.7569 176.516 42 56
196831 P128444 2009 5 3 2.0061 172.8336 2009 10 24 -0.1045 175.5748 44 39.5
196866 P128478 2009 5 3 2.0061 172.8336 2009 10 3 -3.4235 177.6796 44 50
197304 P128509 2009 5 3 1.9932 172.7902 2009 10 2 -0.9267 177.8334 45 43
197349 P128533 2009 5 3 1.9932 172.7902 2009 10 31 2.6816 175.2572 45 56
197420 P128571 2009 5 3 1.9932 172.7902 2009 10 10 2.6973 173.466 44 55
197451 P128583 2009 5 3 1.9932 172.7902 2009 10 31 2.6817 175.2559 43 59
197469 P128600 2009 5 3 1.9932 172.7902 2009 10 29 5.98 171.5167 42 52
198237 P129024 2009 5 3 1.9932 172.7902 2009 10 29 -4.6968 176.6741 46 55
199296 P128883 2009 5 4 1.1594 173.0112 2009 10 3 0.7632 159.0216 45 52
199511 P129629 2009 5 4 1.1594 173.0112 2009 10 22 -6.7106 180.2966 49 58
199530 P129648 2009 5 4 1.1594 173.0112 2009 10 4 -2.3333 179.1667 46 51
199716 P128925 2009 5 4 1.1594 173.0112 2009 10 20 -3.0939 177.6669 48 43
199756 P128939 2009 5 4 1.1594 173.0112 2009 10 3 -4.3667 169.1667 48 61
199763 P128942 2009 5 4 1.1594 173.0112 2009 10 20 2.7167 192 47 NA
199986 P129209 2009 5 5 1.1628 173.0098 2009 10 21 2.31 161.2283 48 48
200366 P129856 2009 5 6 1.9934 172.8531 2009 10 3 0.7599 159.026 41 51
200412 P129887 2009 5 6 1.9934 172.8531 2009 10 23 -2.5282 174.2507 42 53
200415 P129398 2009 5 6 1.9934 172.8531 2009 10 19 4.467 136.653 44 58
200457 P129518 2009 5 6 1.9934 172.8531 2009 10 2 -0.8773 171.2247 43 NA
200520 P129546 2009 5 6 1.9934 172.8531 2009 10 22 -4.7 175.85 45 57.5
200583 P129291 2009 5 6 1.9934 172.8531 2009 10 30 3.7894 175.6747 44 51
200592 P130183 2009 5 6 1.9934 172.8531 2009 10 24 -5.73 177.368 46 55
200788 P129420 2009 5 6 1.9624 173.3085 2009 10 26 -3.7384 176.7869 43 58
200970 P130543 2009 5 6 1.9624 173.3085 2009 10 27 -5.4912 177.4015 43 54
202127 P131748 2009 5 8 1.926 172.6783 2009 10 27 -2.8912 177.4054 45 53
202249 P131445 2009 5 8 1.926 172.6783 2009 10 5 2.2969 175.8887 44 56
202760 P130753 2009 5 8 1.926 172.6783 2009 10 5 2.0596 175.9795 43 40
202939 P131243 2009 5 8 1.926 172.6783 2009 10 24 -0.2846 175.7269 45 52
203225 P131984 2009 5 8 1.926 172.6783 2009 10 14 0.486 170 47 59
203267 P132326 2009 5 8 1.926 172.6783 2009 10 5 2.3055 175.8968 47 55.5
203374 P132394 2009 5 8 1.9802 172.5483 2009 10 11 -0.3631 161.1267 44 56
203387 P132546 2009 5 8 1.6997 172.383 2009 10 2 -0.8773 171.2247 43 NA
203024 P132087 2009 5 8 1.6522 172.326 2009 10 5 2.0596 175.9795 44 45
203033 P132096 2009 5 8 1.6522 172.326 2009 10 6 -2.1744 165.3948 44 54
203066 P132458 2009 5 8 1.6522 172.326 2009 10 12 1.7491 187.0103 45 55
203419 P132575 2009 5 8 1.6522 172.326 2009 10 10 -5.8469 176.6405 47 54
203454 P132822 2009 5 8 1.5212 172.3498 2009 10 13 0.852 164.108 43 54
203456 P132824 2009 5 8 1.5212 172.3498 2009 10 9 -0.2135 164.8436 42 58
203787 P133313 2009 5 8 1.5212 172.3498 2009 10 1 -2.877 177.25 45 56
203643 P132635 2009 5 8 1.4833 172.3183 2009 10 2 -2.216 190.4448 77 39
203699 P132660 2009 5 8 1.4667 172.3333 2009 10 26 -0.602 168.516 47 57
203701 P132662 2009 5 8 1.4667 172.3333 2009 10 16 -0.241 160.8319 47 59
203823 P133349 2009 5 8 1.4667 172.3333 2009 10 10 -2.5384 184.5626 42 110
203950 P133204 2009 5 12 -1.0935 174.6258 2009 10 3 0.6353 159.0253 45 49.5
203964 P133394 2009 5 12 -1.0935 174.6258 2009 10 23 -3.3237 173.6387 46 59
204854 P134270 2009 5 14 1.1688 172.8908 2009 10 5 2.4974 188.0223 45 52
204922 P132975 2009 5 14 1.1688 172.8908 2009 10 26 -3.7387 176.785 44 64
206973 Z40188 2009 6 2 -10.3662 160.953 2009 10 10 -7.3436 156.4508 35 45
207063 Z40289 2009 6 2 -10.3662 160.953 2009 10 13 0.213 159.906 38 42
207206 P136860 2009 6 7 -8.277 159.0111 2009 10 7 -8.2167 157.1833 40 45
207254 Z40363 2009 6 7 -8.277 159.0111 2009 10 29 -7.9167 158.3 37 47
207523 P135755 2009 6 7 -8.277 159.0111 2009 10 21 -8.4716 158.4605 39 51
207543 P135775 2009 6 7 -8.277 159.0111 2009 10 21 -8.4716 158.4605 41 49
207613 Z40094 2009 6 7 -8.277 159.0111 2009 10 29 -7.9167 158.3 31 59
207629 P135397 2009 6 7 -8.277 159.0111 2009 10 30 -7.9044 158.5013 38 48
208030 P135920 2009 6 7 -8.277 159.0111 2009 10 30 -8.5651 158.7056 55 61
208067 P135938 2009 6 7 -8.277 159.0111 2009 10 9 -8.35 159.0333 41 60
208089 P136083 2009 6 7 -8.277 159.0111 2009 10 14 -8.1167 158.7 38 57
208114 P135965 2009 6 7 -8.277 159.0111 2009 10 3 -8.7547 157.23 42 48
208118 P135969 2009 6 7 -8.277 159.0111 2009 10 9 -8.3333 158.5667 42 59
208121 P136087 2009 6 7 -8.277 159.0111 2009 10 7 -7.417 156.1837 41 55
208174 P136108 2009 6 7 -8.277 159.0111 2009 10 27 -8.5667 158.9666 40 48
208193 P136116 2009 6 7 -8.277 159.0111 2009 10 7 -7.4167 156.1834 42 52
208279 P136234 2009 6 7 -8.277 159.0111 2009 10 30 -8.5651 158.7056 42 50
208388 P135687 2009 6 7 -8.277 159.0111 2009 10 7 -8.5078 156.9908 39 50
208514 P136940 2009 6 7 -8.277 159.0111 2009 10 29 -7.9167 158.3 42 48
208610 Z74008 2009 6 7 -8.277 159.0111 2009 10 1 -8 157.9167 37 43
208747 P136580 2009 6 7 -8.277 159.0111 2009 10 27 -8.7333 158.3833 45 52
209003 P136671 2009 6 7 -8.277 159.0111 2009 10 12 -8.2073 158.7907 42 62
209035 P136682 2009 6 7 -8.277 159.0111 2009 10 14 -8.1147 158.7047 41 60
209059 P136691 2009 6 7 -8.277 159.0111 2009 10 1 -8 157.9167 40 54
209663 P136803 2009 6 7 -8.277 159.0111 2009 10 21 -8.4653 158.4493 44 45
210048 P136715 2009 6 7 -8.277 159.0111 2009 10 3 -8.7547 157.23 51 42
210141 P136761 2009 6 7 -8.277 159.0111 2009 10 1 -8.6253 159.3107 41 49
210166 P136772 2009 6 7 -8.277 159.0111 2009 10 7 -8.4635 156.8457 48 88
210319 P136319 2009 6 7 -8.277 159.0111 2009 10 14 -7.298 156.6355 39 44
210420 P136358 2009 6 7 -8.277 159.0111 2009 10 10 -8.382 159.0167 40 40
210448 P135880 2009 6 7 -8.277 159.0111 2009 10 30 -8.5651 158.7056 38 48
210476 P135895 2009 6 7 -8.277 159.0111 2009 10 29 -8.1833 158.6153 44 50
207386 P138281 2009 6 7 -8.3406 158.8847 2009 10 13 -8.0747 158.5987 40 55
207454 Z73568 2009 6 7 -8.3406 158.8847 2009 10 27 -8.5667 158.9667 34 46
208781 P137386 2009 6 7 -8.3406 158.8847 2009 10 7 -8.502 157.0807 41 50
208851 P137421 2009 6 7 -8.3406 158.8847 2009 10 17 -8.5033 158.812 41 53
209180 P137113 2009 6 7 -8.3406 158.8847 2009 10 22 -8.7 159.45 38 48
209188 P137653 2009 6 7 -8.3406 158.8847 2009 10 1 -8.6253 159.3107 38 47
209226 P137668 2009 6 7 -8.3406 158.8847 2009 10 17 -8.504 158.8127 40 45
209298 P137696 2009 6 7 -8.3406 158.8847 2009 10 12 -8.2153 158.7827 42 59
209336 P137170 2009 6 7 -8.3406 158.8847 2009 10 22 -8.7164 159.4574 41 49
209353 P137181 2009 6 7 -8.3406 158.8847 2009 10 21 -8.4716 158.4605 39 55
209434 P137514 2009 6 7 -8.3406 158.8847 2009 10 30 -7.9044 158.5013 43 45
209437 P137722 2009 6 7 -8.3406 158.8847 2009 10 1 -8.6253 159.3107 40 48
209485 P137747 2009 6 7 -8.3406 158.8847 2009 10 29 -8.1833 158.6153 38 40
209502 P137535 2009 6 7 -8.3406 158.8847 2009 10 30 -7.9 158.5 41 50
209504 P137753 2009 6 7 -8.3406 158.8847 2009 10 27 -8.5667 158.9667 39 48
209513 P138021 2009 6 7 -8.3406 158.8847 2009 10 31 -8.8 159.3 39 58
209533 P138030 2009 6 7 -8.3406 158.8847 2009 10 14 -7.2833 156.6333 39 64
209589 P137561 2009 6 7 -8.3406 158.8847 2009 10 2 -8.6613 159.162 40 46
209720 P137826 2009 6 7 -8.3406 158.8847 2009 10 1 -8.0133 157.9217 41 55
209737 P137836 2009 6 7 -8.3406 158.8847 2009 10 31 -8.1 158.0167 38 35
209862 P137882 2009 6 7 -8.3406 158.8847 2009 10 31 -8.1455 158.0188 38 46
210027 P137213 2009 6 7 -8.3406 158.8847 2009 10 10 -8.382 159.0167 39 53
210125 P137250 2009 6 7 -8.3406 158.8847 2009 10 30 -7.9 158.5 41 46
210173 P137275 2009 6 7 -8.3406 158.8847 2009 10 30 -7.9044 158.5013 38 46
210377 P137943 2009 6 7 -8.3406 158.8847 2009 10 15 -8.1933 158.742 39 58
210584 Z73376 2009 6 7 -8.3406 158.8847 2009 10 27 -8.7424 158.3951 37 50
209873 P138090 2009 6 7 -8.1106 158.7029 2009 10 17 -8.504 158.8127 39 46
210803 P138664 2009 6 8 -8.0158 158.409 2009 10 16 -8.032 158.6133 40 60
210834 P138682 2009 6 8 -8.0158 158.409 2009 10 14 -7.7797 157.6273 43 48
210921 Z73745 2009 6 8 -8.0158 158.409 2009 10 1 -7.5572 157.1533 34 49
210947 P137957 2009 6 8 -8.0158 158.409 2009 10 3 -8.7547 157.23 41 48
211107 Z40724 2009 6 9 -8.097 158.5126 2009 10 31 -8.6333 158.4666 39 48
211114 Z40731 2009 6 9 -8.097 158.5126 2009 10 26 -8.5167 158.35 38 50
211280 P138360 2009 6 10 -8.6391 158.4551 2009 10 29 -7.9167 158.3 39 50
211402 Z74146 2009 6 10 -8.6391 158.4551 2009 10 13 -7.4 156.8667 36 47
212436 P138737 2009 6 10 -8.6391 158.4551 2009 10 9 -8.7008 159.4962 41 50
212760 P138989 2009 6 10 -8.7747 158.4881 2009 10 10 -8.382 159.0167 38 51
212541 P139606 2009 6 10 -8.8185 158.5662 2009 10 20 -7.65 157.2 40 45
213403 P139572 2009 6 10 -8.8185 158.5662 2009 10 1 -8 157.9167 38 55
211913 Z75145 2009 6 10 -8.7663 158.612 2009 10 23 -8.7502 159.5398 37 50
211920 Z75148 2009 6 10 -8.7663 158.612 2009 10 16 -8.4687 158.8393 37 39
213161 P139149 2009 6 10 -8.7663 158.612 2009 10 14 -7.2833 156.6333 41 50
213177 P139159 2009 6 10 -8.7663 158.612 2009 10 15 -8.2794 158.7561 40 61
213191 P139164 2009 6 10 -8.7663 158.612 2009 10 21 -8.4716 158.4605 38 46
214413 P140207 2009 6 11 -9.2481 157.6559 2009 10 9 -8.3333 158.5667 49 59
214700 Z76121 2009 6 11 -8.9978 157.6588 2009 10 21 -8.4716 158.4605 32 42
214730 P140382 2009 6 11 -8.9978 157.6588 2009 10 29 -6.0895 178.8633 52 63
215287 Z75791 2009 6 13 -7.3999 156.6107 2009 10 27 -8.5667 158.9667 36 47
215470 P140923 2009 6 13 -7.3999 156.6107 2009 10 2 -8.6613 159.162 44 49
215482 P140931 2009 6 13 -7.3999 156.6107 2009 10 23 -8.7502 159.5398 44 44
215510 P140955 2009 6 13 -7.3999 156.6107 2009 10 29 -8.75 159.0333 41 60
215542 P142125 2009 6 13 -7.3999 156.6107 2009 10 10 -7.403 156.599 38 52
215618 P142164 2009 6 13 -7.3999 156.6107 2009 10 7 -8.2167 157.1833 42 45
215673 Z76233 2009 6 13 -7.3999 156.6107 2009 10 16 -8.032 158.6133 34 54
215829 P140599 2009 6 13 -7.3999 156.6107 2009 10 11 -7.4333 156.9833 39 42
215845 P139906 2009 6 13 -7.3999 156.6107 2009 10 9 -7.4167 156.1833 44 48
215861 P139914 2009 6 13 -7.3999 156.6107 2009 10 7 -8.502 157.0807 40 48
215895 P139929 2009 6 13 -7.3999 156.6107 2009 10 12 -7.2667 156.7333 50 49
215929 P139949 2009 6 13 -7.3999 156.6107 2009 10 14 -7.2833 156.6333 40 49
215977 P139973 2009 6 13 -7.3999 156.6107 2009 10 7 -8.4635 156.8457 38 50
215992 P139982 2009 6 13 -7.3999 156.6107 2009 10 7 -8.4635 156.8457 40 80
216100 P141012 2009 6 13 -7.3999 156.6107 2009 10 27 -8.5667 158.9667 39 48
216276 P141377 2009 6 13 -7.3999 156.6107 2009 10 12 -8.1527 158.3687 41 48
216293 P141384 2009 6 13 -7.3999 156.6107 2009 10 7 -8.2167 157.1833 45 58
216295 Z76828 2009 6 13 -7.3999 156.6107 2009 10 1 -8 157.9167 35 47
216322 P141396 2009 6 13 -7.3999 156.6107 2009 10 7 -8.502 157.0807 50 55
216324 P141397 2009 6 13 -7.3999 156.6107 2009 10 10 -8.692 159.4653 50 49
216506 Z76386 2009 6 13 -7.3999 156.6107 2009 10 26 -8.5251 158.354 35 46
216510 P140403 2009 6 13 -7.3999 156.6107 2009 10 2 -3.1283 144.4802 39 NA
216512 Z76390 2009 6 13 -7.3999 156.6107 2009 10 14 -7.514 156.9913 37 48
216615 P141625 2009 6 13 -7.3999 156.6107 2009 10 9 -8.7008 159.4962 44 53
216688 P141647 2009 6 13 -7.3999 156.6107 2009 10 9 -7.4166 156.1833 42 51
216701 P141652 2009 6 13 -7.3999 156.6107 2009 10 9 -8.7008 159.4962 52 55
216711 P140473 2009 6 13 -7.3999 156.6107 2009 10 29 -8.1833 158.6153 41 52
216755 P141677 2009 6 13 -7.3999 156.6107 2009 10 25 -7.7433 157.412 46 49
216767 P141682 2009 6 13 -7.3999 156.6107 2009 10 9 -8.7008 159.4962 45 50
216770 P141683 2009 6 13 -7.3999 156.6107 2009 10 9 -7.4167 156.1833 46 46
216773 P141684 2009 6 13 -7.3999 156.6107 2009 10 12 -8.2153 158.7827 51 61
216844 P141698 2009 6 13 -7.3999 156.6107 2009 10 7 -8.502 157.0806 53 62
216879 Z76517 2009 6 13 -7.3999 156.6107 2009 10 10 -7.3436 156.4508 36 38
216969 P141941 2009 6 13 -7.3999 156.6107 2009 10 2 -8.2333 158.1167 48 48
216970 P141942 2009 6 13 -7.3999 156.6107 2009 10 1 -8 157.9167 48 58
216984 P141955 2009 6 13 -7.3999 156.6107 2009 10 7 -8.5078 156.9908 50 45
216992 P141961 2009 6 13 -7.3999 156.6107 2009 10 9 -7.4167 156.1833 49 47
217003 Z76677 2009 6 13 -7.3999 156.6107 2009 10 13 -8.466 159.1287 37 39
217032 P141977 2009 6 13 -7.3999 156.6107 2009 10 7 -8.502 157.0807 49 60
217061 P141996 2009 6 13 -7.3999 156.6107 2009 10 23 -8.7502 159.5398 47 53
217062 P141997 2009 6 13 -7.3999 156.6107 2009 10 26 -8.525 158.3521 49 50
217111 Z76591 2009 6 13 -7.3999 156.6107 2009 10 7 -8.5078 156.9908 36 50
217154 Z77201 2009 6 13 -7.3999 156.6107 2009 10 13 -7.4067 156.871 37 47
217337 P141224 2009 6 13 -7.3999 156.6107 2009 10 3 5.4576 173.9364 39 54
217376 P141229 2009 6 13 -7.3999 156.6107 2009 10 9 -8.3333 158.5667 41 55
217479 P141261 2009 6 13 -7.3999 156.6107 2009 10 9 -7.4167 156.1834 37 45
217687 P141411 2009 6 13 -7.3999 156.6107 2009 10 22 -8.7 159.45 42 58
217839 P141500 2009 6 13 -7.3999 156.6107 2009 10 1 -8 157.9167 49 54
217902 P141836 2009 6 13 -7.3999 156.6107 2009 10 8 -9.4167 159.8333 45 60
217961 P141861 2009 6 13 -7.3999 156.6107 2009 10 9 -8.35 159.0333 49 60
218007 P141884 2009 6 13 -7.3999 156.6107 2009 10 20 -7.65 157.2 47 47
218197 Z75946 2009 6 13 -7.3999 156.6107 2009 10 1 -8 157.9167 35 48
218356 Z77079 2009 6 13 -7.3999 156.6107 2009 10 21 -8.4716 158.4605 42 48
218480 Z77441 2009 6 13 -7.3999 156.6107 2009 10 24 -8.3833 159.1 38 48
218648 P140770 2009 6 13 -7.3999 156.6107 2009 10 14 -7.2833 156.6333 42 40
218841 P142045 2009 6 13 -7.3999 156.6107 2009 10 7 -8.502 157.0807 46 49
218850 P142050 2009 6 13 -7.3999 156.6107 2009 10 24 -8.3833 159.1 49 56
218947 P141145 2009 6 13 -7.3999 156.6107 2009 10 14 -8 159 38 48
219021 P141187 2009 6 13 -7.3999 156.6107 2009 10 2 -8.2333 158.1167 49 45
219023 P141189 2009 6 13 -7.3999 156.6107 2009 10 13 -7.4067 156.871 48 63
219030 P141196 2009 6 13 -7.3999 156.6107 2009 10 1 -8 157.9167 41 50
219180 Z76758 2009 6 13 -7.3999 156.6107 2009 10 31 -8.0999 158.0166 37 45
219383 P141739 2009 6 13 -7.3999 156.6107 2009 10 30 -8.55 158.7 52 56
219444 P141780 2009 6 13 -7.3999 156.6107 2009 10 8 -9.4167 159.8333 52 52
219496 Z76901 2009 6 13 -7.3999 156.6107 2009 10 27 -8.7424 158.3951 33 46
219513 Z76904 2009 6 13 -7.3999 156.6107 2009 10 1 -7.5572 157.1533 37 47
217303 P142259 2009 6 13 -7.3473 156.4429 2009 10 9 -8.7008 159.4962 48 53
217342 P142283 2009 6 13 -7.3473 156.4429 2009 10 29 -7.9167 158.3 50 51
218820 P142313 2009 6 13 -7.3473 156.4429 2009 10 7 -8.502 157.0807 38 50
218958 P142348 2009 6 13 -7.3473 156.4429 2009 10 8 -9.4167 159.8333 48 56
215198 Z77934 2009 6 13 -7.3397 156.3453 2009 10 16 -7.6833 157.1165 34 57
217905 Z77314 2009 6 13 -7.3397 156.3453 2009 10 20 -7.65 157.2 36 38
217921 Z77325 2009 6 13 -7.3397 156.3453 2009 10 9 -7.4166 156.1834 34 35
219665 Z78212 2009 6 13 -7.3397 156.3453 2009 10 9 -7.4167 156.1833 35 46
219728 Z78243 2009 6 13 -7.3397 156.3453 2009 10 9 -7.4166 156.1833 36 36
219897 Z77831 2009 6 13 -7.3397 156.3453 2009 10 14 -7.514 156.9913 33 55
218437 P142722 2009 6 13 -7.3364 156.2231 2009 10 23 -8.7502 159.5398 49 53
218438 P142723 2009 6 13 -7.3364 156.2231 2009 10 26 -8.5251 158.354 42 49
219823 P142891 2009 6 13 -7.3364 156.2231 2009 10 9 -7.4167 156.1834 40 47
220122 Z78561 2009 6 13 -7.3364 156.2231 2009 10 20 -2.8927 145.1301 34 NA
220787 P63468 2009 5 22 0.0133 205.0267 2009 10 30 0.6 204.4833 41 NA
223364 P142683 2009 7 22 6.9757 158.0874 2009 10 1 -3.1887 181.686 52 52
223921 Z79165 2009 7 26 1.9566 156.0128 2009 10 6 1.2054 158.9232 34 37.5
224121 Z78900 2009 7 26 1.9566 156.0128 2009 10 5 -4.333 179.734 35 42
224549 Z79233 2009 7 26 1.9564 156.012 2009 10 5 -3.2695 180.5515 36 28
224575 Z79259 2009 7 26 1.9564 156.012 2009 10 10 1.3907 172.9453 36 45
224602 Z79709 2009 7 26 1.9564 156.012 2009 10 10 2.6973 173.466 38 49
225056 P143598 2009 7 27 -0.1676 155.9675 2009 10 3 3.0273 158.0107 52 99
225145 Z79669 2009 7 31 -0.7469 148.1824 2009 10 12 -3.1493 146.7973 37 46
225146 Z79670 2009 7 31 -0.7469 148.1824 2009 10 6 -3.75 146.0833 37 42
225184 P143913 2009 7 31 -0.7469 148.1824 2009 10 2 -4.382 149.4533 39 30
225206 P143935 2009 7 31 -0.7469 148.1824 2009 10 22 -3.63 150.285 39 46
225222 P144019 2009 7 31 -0.7469 148.1824 2009 10 11 -3.0373 145.1947 38 46
225229 P144026 2009 7 31 -0.7469 148.1824 2009 10 13 -2.9487 145.8527 38 53
225301 P144135 2009 7 31 -0.7469 148.1824 2009 10 15 -1.0536 143.2815 38 NA
225323 P144146 2009 7 31 -0.7469 148.1824 2009 10 15 -2.6167 147.8333 38 NA
225348 P144302 2009 7 31 -0.7469 148.1824 2009 10 26 -4 150 40 NA
225389 P144199 2009 7 31 -0.7469 148.1824 2009 10 29 -7.3633 148.8102 42 NA
225435 Z80204 2009 7 31 -0.7469 148.1824 2009 10 25 -2.0274 143.517 35 45
225441 Z80208 2009 7 31 -0.7469 148.1824 2009 10 2 -3.1433 144.488 36 43
225457 Z80217 2009 7 31 -0.7469 148.1824 2009 10 17 -2.35 142.45 37 43
225462 Z80220 2009 7 31 -0.7469 148.1824 2009 10 11 -2.1833 142.55 36 45.5
225470 Z80226 2009 7 31 -0.7469 148.1824 2009 10 2 -3.1433 144.488 36 50
225483 P143359 2009 7 31 -0.7469 148.1824 2009 10 18 -3.6593 149.972 40 68
225501 P143374 2009 7 31 -0.7469 148.1824 2009 10 2 -3.1283 144.4802 38 NA
225507 P143380 2009 7 31 -0.7469 148.1824 2009 10 8 -2.4333 142.6833 38 49
225511 P143384 2009 7 31 -0.7469 148.1824 2009 10 15 -0.8802 143.3068 39 NA
225581 Z80021 2009 7 31 -0.7469 148.1824 2009 10 13 -2.9946 145.4438 37 33
225623 P143809 2009 7 31 -0.7469 148.1824 2009 10 25 -3.6796 149.9722 50 60
225631 P143817 2009 7 31 -0.7469 148.1824 2009 10 22 -3.63 150.285 46 46
225649 P143835 2009 7 31 -0.7469 148.1824 2009 10 9 -2.7842 144.8513 38 46
225687 Z79697 2009 7 31 -0.7469 148.1824 2009 10 10 -2.4913 144.0833 37 43
225688 Z79698 2009 7 31 -0.7469 148.1824 2009 10 17 -2.35 142.45 37 46
225701 P143960 2009 7 31 -0.7469 148.1824 2009 10 1 -4.8426 146.1998 40 NA
225731 P143990 2009 7 31 -0.7469 148.1824 2009 10 17 -2.35 142.4501 39 52
225766 Z79825 2009 7 31 -0.7469 148.1824 2009 10 10 -2.4914 144.0834 37 47
225785 P144213 2009 7 31 -0.7469 148.1824 2009 10 19 -3.8667 150.0565 41 64
225841 Z80504 2009 8 1 1.9996 147.0398 2009 10 9 -0.2143 164.844 35 45
226021 Z79885 2009 8 1 1.9996 147.0398 2009 10 9 -0.2129 164.8442 34 44
226066 Z80265 2009 8 1 1.9996 147.0398 2009 10 11 -0.07 158.938 34 46
226141 Z79501 2009 8 2 -0.025 147.0098 2009 10 16 -3.2913 148.8393 36 51
226186 Z79524 2009 8 2 -0.025 147.0098 2009 10 15 -3.528 148.8013 36 53
226227 Z80577 2009 8 2 -0.025 147.0098 2009 10 17 -2.35 142.45 35 54
226241 Z80590 2009 8 2 -0.025 147.0098 2009 10 17 -2.35 142.45 35 42
226261 P144330 2009 8 2 -0.025 147.0098 2009 10 23 0.7767 143.7 37 NA
226281 P144350 2009 8 2 -0.025 147.0098 2009 10 19 -3.8667 150.0565 44 57
226334 P144703 2009 8 2 -0.025 147.0098 2009 10 3 -4.34 149.4567 41 42
226352 P144721 2009 8 2 -0.025 147.0098 2009 10 18 -2.1 142.5167 38 45
226402 P144771 2009 8 2 -0.025 147.0098 2009 10 9 -1.2177 147.4661 39 43
226407 P144776 2009 8 2 -0.025 147.0098 2009 10 24 -0.8514 141.9812 40 51
226438 P144797 2009 8 2 -0.025 147.0098 2009 10 13 -2.9946 145.4438 38 57
226462 Z79938 2009 8 2 -0.025 147.0098 2009 10 1 -0.368 158.9247 36 42
226492 Z79968 2009 8 2 -0.025 147.0098 2009 10 18 -2.342 141.5753 36 41
226521 P143891 2009 8 2 -0.025 147.0098 2009 10 1 -0.368 158.9247 40 43
226562 P144452 2009 8 2 -0.025 147.0098 2009 10 10 1.4273 156.67 38 48.5
226603 Z80327 2009 8 2 -0.025 147.0098 2009 10 8 -3.0698 145.2957 35 49
226620 Z80344 2009 8 2 -0.025 147.0098 2009 10 17 -2.35 142.45 36 42
226641 Z80365 2009 8 2 -0.025 147.0098 2009 10 18 1.2051 159.1992 36 49
226657 Z80381 2009 8 2 -0.025 147.0098 2009 10 17 -2.35 142.45 35 53
226658 Z80382 2009 8 2 -0.025 147.0098 2009 10 1 -4.1 146.8 34 39
226685 Z80608 2009 8 2 -0.025 147.0098 2009 10 3 -2.945 143.9615 36 30
226688 Z80611 2009 8 2 -0.025 147.0098 2009 10 6 -3.084 145.6787 37 49
226698 Z80621 2009 8 2 -0.025 147.0098 2009 10 17 -2.35 142.45 36 52
226701 Z80624 2009 8 2 -0.025 147.0098 2009 10 28 -7.2426 148.8428 37 64
226706 Z80629 2009 8 2 -0.025 147.0098 2009 10 6 -1.2947 158.3627 36 45
226728 Z80408 2009 8 2 -0.025 147.0098 2009 10 3 -2.2376 143.5978 36 43
226745 Z80425 2009 8 2 -0.025 147.0098 2009 10 22 -3.63 150.285 37 46
226748 Z80428 2009 8 2 -0.025 147.0098 2009 10 15 0 127 35 NA
226766 Z80446 2009 8 2 -0.025 147.0098 2009 10 15 -0.8708 143.3253 37 NA
226777 Z80457 2009 8 2 -0.025 147.0098 2009 10 17 -2.35 142.45 35 42
226799 Z80479 2009 8 2 -0.025 147.0098 2009 10 1 -2.5867 144.2325 36 38
226804 Z80484 2009 8 2 -0.025 147.0098 2009 10 24 0.45 157.0667 36 42.9
226917 P144531 2009 8 2 -0.025 147.0098 2009 10 17 -2.342 141.5753 40 47
226952 Z79570 2009 8 3 -2.1687 148.715 2009 10 28 0.7767 143.7 36 NA
226974 P145025 2009 8 3 -2.1687 148.715 2009 10 10 -2.566 142.9143 37 48
227001 P145052 2009 8 3 -2.1687 148.715 2009 10 29 -7.3633 148.8102 38 NA
227127 P144920 2009 8 3 -2.1687 148.715 2009 10 5 -2.1733 145.4232 39 64
227266 Z80670 2009 8 3 -2.1687 148.715 2009 10 12 -3.4167 145.3 37 32
227368 P144598 2009 8 3 -2.1687 148.715 2009 10 17 -4.3713 148.547 38 48
227382 Z79993 2009 8 3 -2.1687 148.715 2009 10 26 -4.0159 149.0244 36 NA
227407 P145122 2009 8 3 -2.1687 148.715 2009 10 9 -2.7842 144.8513 40 46
227095 Z79593 2009 8 3 -2.2113 148.7926 2009 10 26 -4 150 36 NA
227645 P145403 2009 8 4 -2.36 148.666 2009 10 8 -2.4333 142.6833 39 47
227686 P145432 2009 8 4 -2.36 148.666 2009 10 2 -0.5658 161.588 38 45
227882 P144864 2009 8 4 -2.36 148.666 2009 10 26 -2.5 141.906 38 47
227906 P144888 2009 8 4 -2.36 148.666 2009 10 17 -3.6862 149.1805 52 56
227987 P145290 2009 8 4 -2.6728 148.7198 2009 10 20 -3.7927 150.1033 57 54
228060 P145582 2009 8 4 -2.6728 148.7198 2009 10 20 -3.554 150.4147 53 NA
228109 P145733 2009 8 5 -2.8316 150.6789 2009 10 18 -3.6367 149.9467 59 50
228182 P146066 2009 8 5 -2.8316 150.6789 2009 10 3 -3.4683 150.7517 52 40
228208 P146086 2009 8 5 -2.8316 150.6789 2009 10 18 -3.6367 149.9467 48 50
228227 P145612 2009 8 5 -2.8316 150.6789 2009 10 5 1 125.2833 53 66
228320 P146005 2009 8 5 -2.8316 150.6789 2009 10 18 -3.6398 149.9468 50 60
228321 P146006 2009 8 5 -2.8316 150.6789 2009 10 18 -3.6367 149.9467 52 50
228354 P146039 2009 8 5 -2.8316 150.6789 2009 10 18 -3.6367 149.9801 47 40
228422 P146755 2009 8 5 -2.8316 150.6789 2009 10 18 -3.6593 149.972 58 64
228437 P146770 2009 8 5 -2.8316 150.6789 2009 10 26 -2.9035 150.8533 56 60
228465 P146798 2009 8 5 -2.8316 150.6789 2009 10 18 -3.5433 150.0313 51 51
228473 P147106 2009 8 5 -2.8316 150.6789 2009 10 18 -3.659 149.9693 50 61
228687 P146549 2009 8 5 -2.8316 150.6789 2009 10 19 -3.8667 150.0565 50 57
228783 P146144 2009 8 5 -2.8316 150.6789 2009 10 17 -3.6862 149.1805 55 59
228971 P147354 2009 8 5 -2.8316 150.6789 2009 10 23 -3.9327 150.306 53 51
229075 P147092 2009 8 5 -2.8316 150.6789 2009 10 18 -3.6398 149.9468 51 60
229327 P146365 2009 8 5 -2.8316 150.6789 2009 10 17 -3.6862 149.1805 48 53
229331 P146366 2009 8 5 -2.8316 150.6789 2009 10 22 -3.6293 150.286 50 47
229372 P147208 2009 8 5 -2.8316 150.6789 2009 10 22 -3.63 150.286 50 55
229401 P147237 2009 8 5 -2.8316 150.6789 2009 10 29 -7.3609 148.8127 57 51
229418 P147254 2009 8 5 -2.8316 150.6789 2009 10 22 -3.63 150.2873 52 44
229573 P146409 2009 8 5 -2.8316 150.6789 2009 10 18 -3.6367 149.9467 53 50
229729 P146265 2009 8 5 -2.8316 150.6789 2009 10 22 -3.6293 150.286 50 45
229824 P147709 2009 8 8 -3.2446 150.8874 2009 10 26 -3.926 148.576 50 58
230003 P148388 2009 8 8 -3.2446 150.8874 2009 10 22 -3.6302 150.2848 53 47
230139 P148457 2009 8 8 -3.2446 150.8874 2009 10 22 -3.63 150.2851 51 51
230206 P148494 2009 8 8 -3.2446 150.8874 2009 10 12 -1.9947 145.5627 50 58
230226 P148155 2009 8 8 -3.2446 150.8874 2009 10 20 -4.0367 147.216 52 50
230322 P148228 2009 8 8 -3.2446 150.8874 2009 10 29 -7.3633 148.8102 52 NA
230388 P148574 2009 8 8 -3.2446 150.8874 2009 10 8 -4.5987 149.9667 48 49
230541 P147611 2009 8 8 -3.2446 150.8874 2009 10 22 -3.63 150.2851 51 46
230555 P147620 2009 8 8 -3.2446 150.8874 2009 10 22 -3.63 150.2851 48 48
230579 P147633 2009 8 8 -3.2446 150.8874 2009 10 13 -2.9946 145.4438 51 57
230622 P147658 2009 8 8 -3.2446 150.8874 2009 10 3 -4.3667 149.4553 50 43
230914 P148080 2009 8 8 -3.2446 150.8874 2009 10 22 -3.63 150.2851 49 51
230944 P147910 2009 8 8 -3.2446 150.8874 2009 10 22 -3.63 150.2851 50 51
230947 P147913 2009 8 8 -3.2446 150.8874 2009 10 26 -4 150 54 NA
230977 P147943 2009 8 8 -3.2446 150.8874 2009 10 18 -3.7434 148.3768 52 53
230992 P147958 2009 8 8 -3.2446 150.8874 2009 10 22 -3.63 150.2851 51 53
231016 P147982 2009 8 8 -3.2446 150.8874 2009 10 22 -3.63 150.285 52 45
231192 P148676 2009 8 11 -5.0524 149.4018 2009 10 1 -3.9935 148.2504 41 NA
231294 P149072 2009 8 11 -5.0524 149.4018 2009 10 22 -3.63 150.285 39 44
231364 Z80119 2009 8 11 -5.0524 149.4018 2009 10 20 -4.197 147.291 37 42
231466 P149762 2009 8 11 -5.0524 149.4018 2009 10 26 -4.0159 149.0244 43 NA
231470 P149766 2009 8 11 -5.0524 149.4018 2009 10 15 -2.6167 147.8333 43 NA
231582 P149414 2009 8 11 -5.2518 149.1974 2009 10 4 -2.5159 149.2287 42 44
231712 P149281 2009 8 11 -5.2518 149.1974 2009 10 26 -4 150 40 NA
231815 P149529 2009 8 11 -5.2518 149.1974 2009 10 1 -2.8287 143.3533 42 40
231877 P149128 2009 8 11 -5.2518 149.1974 2009 10 15 -2.6167 147.8333 41 NA
232144 P149965 2009 8 11 -5.2518 149.1974 2009 10 13 -2.248 142.831 40 35
232199 P149489 2009 8 12 -4.3136 150.1233 2009 10 20 -4.115 147.243 44 47
232201 P149491 2009 8 12 -4.3136 150.1233 2009 10 28 -5.2167 149.248 47 51
232212 P149578 2009 8 12 -4.3136 150.1233 2009 10 8 -4.2068 146.9751 46 45
232283 P148981 2009 8 12 -4.3136 150.1233 2009 10 26 -4 150 46 NA
232340 P149883 2009 8 12 -4.3136 150.1233 2009 10 19 -3.8667 150.0565 47 57
232233 P149599 2009 8 12 -4.3333 150.1441 2009 10 20 -4.0367 147.216 46 44
232276 P148998 2009 8 12 -4.3333 150.1441 2009 10 20 -4.0367 147.216 45 46
232310 P150019 2009 8 12 -4.3333 150.1441 2009 10 18 -3.6387 149.954 46 47
232349 P150041 2009 8 12 -4.3333 150.1441 2009 10 13 -3.5333 145.35 44 50
232373 P150058 2009 8 12 -4.3333 150.1441 2009 10 22 -3.63 150.285 48 51
232376 P150061 2009 8 12 -4.2397 150.1962 2009 10 22 -3.63 150.2851 47 48
232396 P150081 2009 8 12 -4.2397 150.1962 2009 10 1 -4.8426 146.1998 45 46
232412 P150097 2009 8 12 -4.2397 150.1962 2009 10 26 -4 150 42 NA
232432 P149639 2009 8 12 -4.2397 150.1962 2009 10 3 -3.4683 150.7517 48 NA
232433 P149640 2009 8 12 -4.2397 150.1962 2009 10 31 -5.0793 149.4011 51 58
232435 P149642 2009 8 12 -4.2397 150.1962 2009 10 22 -3.63 150.2851 41 45
232458 P149665 2009 8 12 -4.2397 150.1962 2009 10 26 -4.0159 149.0244 47 NA
232461 P149668 2009 8 12 -4.2397 150.1962 2009 10 22 -3.63 150.286 45 52
232463 P149670 2009 8 12 -4.2397 150.1962 2009 10 26 -4.0159 149.0244 42 NA
232470 P149677 2009 8 12 -4.2397 150.1962 2009 10 11 -3.548 143.6453 49 35
232504 P149314 2009 8 12 -4.2397 150.1962 2009 10 31 -5.0667 149.4 48 41
232512 P149322 2009 8 12 -4.2397 150.1962 2009 10 26 -4.0159 149.0244 43 NA
232518 P149328 2009 8 12 -4.2397 150.1962 2009 10 28 -4.2001 147.0322 47 41
232525 P149335 2009 8 12 -4.2397 150.1962 2009 10 20 -1.7993 145.5508 50 NA
232562 P149372 2009 8 12 -4.2397 150.1962 2009 10 22 -3.63 150.2851 51 52
232572 P149382 2009 8 12 -4.2397 150.1962 2009 10 22 -3.63 150.2851 49 46
232578 P149388 2009 8 12 -4.2397 150.1962 2009 10 20 -3.8373 148.5727 43 48
232621 P150111 2009 8 12 -4.2397 150.1962 2009 10 18 -3.9927 148.7853 46 51
232635 P150125 2009 8 12 -4.2397 150.1962 2009 10 8 -3.0698 145.2957 48 43
232667 P150158 2009 8 12 -4.2397 150.1962 2009 10 22 -3.63 150.285 46 46
232668 P150159 2009 8 12 -4.2397 150.1962 2009 10 26 -4 150 41 NA
232678 P150169 2009 8 12 -4.2397 150.1962 2009 10 26 -4.0159 149.0244 41 NA
232692 P150183 2009 8 12 -4.2397 150.1962 2009 10 2 -3.1283 144.4802 45 NA
232701 P150192 2009 8 12 -4.2397 150.1962 2009 10 20 -4.0367 147.216 46 46
232703 P150194 2009 8 12 -4.2397 150.1962 2009 10 20 -4.0367 147.216 39 42
232719 P150306 2009 8 12 -4.2397 150.1962 2009 10 22 -3.63 150.285 47 47
232784 P150367 2009 8 12 -4.2397 150.1962 2009 10 26 -4 150 47 NA
232835 P150608 2009 8 12 -4.2397 150.1962 2009 10 22 -3.63 150.2851 49 47
232822 P150225 2009 8 12 -4.6769 149.8492 2009 10 17 -3.6902 149.1818 49 54
232864 P150237 2009 8 12 -4.1637 149.8117 2009 10 31 -2.1333 142.9 49 80
232934 P150256 2009 8 12 -4.1825 149.5474 2009 10 18 -3.5447 150.056 47 51
232936 P150258 2009 8 12 -4.1825 149.5474 2009 10 28 -4.2633 147.0918 44 41
233018 P150422 2009 8 12 -4.1825 149.5474 2009 10 26 0.95 175.5427 49 39
233027 P150909 2009 8 12 -4.1825 149.5474 2009 10 26 -4.008 150.604 43 40
233088 P150686 2009 8 12 -4.1825 149.5474 2009 10 26 -4 150 46 NA
233093 P150691 2009 8 12 -4.1825 149.5474 2009 10 19 -3.8673 150.0667 42 59
233108 P150815 2009 8 13 -3.3104 148.5956 2009 10 4 -4.4233 149.5733 38 28
233271 P150586 2009 8 14 -2.8931 147.9715 2009 10 17 -2.35 142.45 40 46
233309 P150724 2009 8 14 -2.8931 147.9715 2009 10 4 -2.6606 149.3253 41 45
233340 P150755 2009 8 14 -2.8931 147.9715 2009 10 20 -4.9978 148.0765 39 42
233347 P150762 2009 8 14 -2.8931 147.9715 2009 10 22 -3.63 150.285 42 46
233379 P151131 2009 8 14 -2.8931 147.9715 2009 10 29 -7.3883 148.8743 38 NA
233426 P151178 2009 8 14 -2.8931 147.9715 2009 10 26 -4 150 49 NA
233481 P150957 2009 8 14 -2.8931 147.9715 2009 10 20 -1.9 141.9167 51 54
233510 P150986 2009 8 14 -2.8931 147.9715 2009 10 1 -4.8426 146.1998 51 41
233560 P151236 2009 8 14 -2.8931 147.9715 2009 10 5 -2.1733 145.4232 41 64
233564 P151240 2009 8 14 -2.8931 147.9715 2009 10 28 -2.626 142.0947 41 43
233720 P150434 2009 8 14 -2.8931 147.9715 2009 10 13 -2.248 142.831 40 45
233567 P151242 2009 8 14 -2.7262 147.9566 2009 10 7 -3.9 147.25 40 47
233588 Z80786 2009 8 16 -1.7674 145.3322 2009 10 19 -3.6532 150.028 37 34
233589 Z80787 2009 8 16 -1.7674 145.3322 2009 10 17 -2.35 142.45 36 42
233599 Z80797 2009 8 16 -1.7674 145.3322 2009 10 3 -4.3667 149.4553 31 38
233620 Z80173 2009 8 16 -1.7674 145.3322 2009 10 18 -2.1737 141.9241 36 45
233621 Z80174 2009 8 16 -1.7674 145.3322 2009 10 11 -2.2087 142.538 36 NA
233640 Z80193 2009 8 16 -1.7674 145.3322 2009 10 6 -5.0837 145.8035 36 45
233671 Z81004 2009 8 16 -1.7674 145.3322 2009 10 17 -2.35 142.45 37 43
233674 Z81007 2009 8 16 -1.7674 145.3322 2009 10 19 -3.8667 150.0565 37 43
233678 P150767 2009 8 16 -1.7674 145.3322 2009 10 22 -3.63 150.285 39 48
233714 Z81314 2009 8 16 -1.7674 145.3322 2009 10 13 -3.5333 145.35 38 46
233740 Z80860 2009 8 16 -1.7674 145.3322 2009 10 19 -2.1049 141.7157 34 41
233745 Z80865 2009 8 16 -1.7674 145.3322 2009 10 29 -7.3883 148.8743 37 NA
233747 Z80867 2009 8 16 -1.7674 145.3322 2009 10 17 -2.35 142.45 36 43
233764 Z81101 2009 8 16 -1.7674 145.3322 2009 10 3 -5.0762 145.8036 37 35
233777 Z81114 2009 8 16 -1.7674 145.3322 2009 10 20 -3.1302 145.6045 37 44
233783 Z81120 2009 8 16 -1.7674 145.3322 2009 10 30 -2.1333 142.9 31 60
233796 Z81133 2009 8 16 -1.7674 145.3322 2009 10 17 -2.35 142.45 35 43
233836 Z81173 2009 8 16 -1.7674 145.3322 2009 10 22 -2 142.2333 36 30
233854 Z81191 2009 8 16 -1.7674 145.3322 2009 10 15 -3.7566 148.8899 38 39
233863 Z81200 2009 8 16 -1.7674 145.3322 2009 10 1 -2.5867 144.2325 36 38
233873 Z81326 2009 8 16 -2.0275 144.974 2009 10 3 -2.3413 148.3933 38 38
233884 Z81014 2009 8 16 -1.9944 144.8476 2009 10 29 -5.0767 145.8045 31 28
233886 Z80197 2009 8 16 -1.9944 144.8476 2009 10 8 -2.9377 145.8358 37 48
233888 Z81016 2009 8 16 -2.0787 144.649 2009 10 22 -2 142.2333 37 42
233901 Z80886 2009 8 16 -2.0888 144.606 2009 10 15 -2.6167 147.8333 37 NA
233924 Z81209 2009 8 16 -2.0888 144.606 2009 10 29 -7.3883 148.8743 35 NA
233934 Z81335 2009 8 16 -2.0888 144.606 2009 10 7 -3.9 147.25 37 43
233959 P151279 2009 8 16 -2.0888 144.606 2009 10 27 -4.2333 150 38 46
233976 Z81502 2009 8 16 -2.0888 144.606 2009 10 20 -3.1302 145.6045 36 43
234016 Z81029 2009 8 16 -2.0888 144.606 2009 10 7 -3.5167 146.0667 35 30
234023 Z81036 2009 8 16 -2.0888 144.606 2009 10 20 -2.8867 145.1324 37 NA
234031 Z81044 2009 8 16 -2.0888 144.606 2009 10 17 -2.35 142.45 38 51
234049 Z81062 2009 8 16 -2.0888 144.606 2009 10 18 -3.6593 149.972 36 60
234053 Z81066 2009 8 16 -2.0888 144.606 2009 10 2 -3.1193 144.4527 35 42
234096 P151047 2009 8 17 -2.3984 141.7955 2009 10 27 -2.4667 142.6333 46 50
234121 P151072 2009 8 17 -2.3984 141.7955 2009 10 15 -1.5394 158.2296 43 NA
234140 P151935 2009 8 17 -2.3984 141.7955 2009 10 15 0 127 48 NA
234145 P151940 2009 8 17 -2.3984 141.7955 2009 10 8 -2.672 143.8013 45 43
234166 P150446 2009 8 17 -2.3984 141.7955 2009 10 28 0 139 46 NA
234177 P150785 2009 8 17 -2.3984 141.7955 2009 10 31 -2.1333 142.9 45 75
234322 P151966 2009 8 22 -1.4058 135.9975 2009 10 2 1 136 38 40
234394 Z81386 2009 8 22 -1.1938 135.9869 2009 10 5 1 136 35 36
234473 Z81244 2009 8 23 -0.534 134.3473 2009 10 4 1.5 127 38 40
234481 Z81252 2009 8 23 -0.534 134.3473 2009 10 15 0 127 37 NA
234504 P151511 2009 8 23 -0.534 134.3473 2009 10 20 0.6637 143.553 39 45
234564 Z81408 2009 8 23 -0.534 134.3473 2009 10 28 0 139 38 NA
234789 Z81642 2009 8 23 -0.534 134.3473 2009 10 28 0 139 37 NA
234876 P151806 2009 8 23 -0.534 134.3473 2009 10 15 0 127 39 NA
234918 P151831 2009 8 23 -0.534 134.3473 2009 10 31 -7.4047 149.3067 40 NA
234987 P151628 2009 8 23 -0.534 134.3473 2009 10 10 2 132 41 NA
235032 P151892 2009 8 23 -0.534 134.3473 2009 10 15 2.1167 139.4333 40 NA
235061 P151702 2009 8 23 -0.534 134.3473 2009 10 15 0 127 38 NA
235106 P151682 2009 8 23 -0.534 134.3473 2009 10 18 1.2043 126.6885 39 42
235136 P151748 2009 8 23 -0.534 134.3473 2009 10 15 2 118 38 NA
235151 P151758 2009 8 23 -0.534 134.3473 2009 10 15 0 127 38 NA
235161 P151766 2009 8 23 -0.534 134.3473 2009 10 4 1.5 127 38 41
235165 P151770 2009 8 23 -0.534 134.3473 2009 10 6 1.6 127.083 38 45
235224 P152109 2009 8 23 -0.534 134.3473 2009 10 28 0 139 38 NA
235242 P152032 2009 8 23 -0.534 134.3473 2009 10 10 2 132 41 NA
234653 Z81282 2009 8 23 -0.5184 134.2475 2009 10 6 1.6 127.0833 38 48
235320 P152150 2009 8 23 -0.5184 134.2475 2009 10 15 0 127 38 NA
234757 Z82006 2009 8 23 -0.4586 134.1773 2009 10 10 1.2042 126.0237 37 37
235394 P152241 2009 8 23 -0.4586 134.1773 2009 10 15 0 127 39 NA
235449 P152188 2009 8 23 -0.4586 134.1773 2009 10 15 0 127 41 NA
235463 Z81591 2009 8 23 -0.4586 134.1773 2009 10 17 2.2167 139.3 36 NA
234737 P152639 2009 8 23 -0.4697 134.151 2009 10 15 2 118 38 NA
235505 P152292 2009 8 23 -0.4697 134.151 2009 10 22 4.3905 128.2372 39 55
235627 P152463 2009 8 23 -0.3948 134.0629 2009 10 15 -0.889 143.2868 42 NA
235697 Z81474 2009 8 24 0.5634 131.5582 2009 10 13 4.205 128.3183 36 39
235740 Z81809 2009 8 24 0.5634 131.5582 2009 10 28 0 139 35 NA
235950 P152651 2009 8 24 0.5634 131.5582 2009 10 20 0.6638 143.5529 39 NA
235968 P152662 2009 8 24 0.5634 131.5582 2009 10 15 2 118 38 NA
236131 Z82083 2009 8 24 0.5634 131.5582 2009 10 20 0.6637 143.553 33 NA
236150 P152702 2009 8 24 0.5634 131.5582 2009 10 18 1.2043 126.6885 39 40
236154 P152706 2009 8 24 0.5634 131.5582 2009 10 15 0 127 39 NA
236518 Z81954 2009 8 24 0.5634 131.5582 2009 10 15 0 127 37 NA
236664 P152344 2009 8 24 0.5634 131.5582 2009 10 15 0 127 39 NA
235823 P151466 2009 8 24 0.6148 131.4894 2009 10 15 0 127 39 NA
235831 P151474 2009 8 24 0.6148 131.4894 2009 10 13 4.205 128.3183 42 43
235839 P151482 2009 8 24 0.6148 131.4894 2009 10 25 2.1667 130.6667 40 48
235927 P152561 2009 8 24 0.6148 131.4894 2009 10 20 0.6637 143.553 39 40
235963 P152578 2009 8 24 0.6148 131.4894 2009 10 18 1.2043 126.6885 39 43
236080 Z82228 2009 8 24 0.6148 131.4894 2009 10 15 0 127 38 NA
236083 Z82230 2009 8 24 0.6148 131.4894 2009 10 18 1.2043 126.6885 36 30
236329 P152979 2009 8 24 0.6148 131.4894 2009 10 15 0 127 41 NA
236366 Z81711 2009 8 24 0.6148 131.4894 2009 10 25 2.1667 130.6667 34 45
236372 Z81717 2009 8 24 0.6148 131.4894 2009 10 1 -2.8333 143.5 34 NA
236608 P153046 2009 8 24 0.6148 131.4894 2009 10 25 2.1667 130.6667 50 45
236703 Z82000 2009 8 24 0.6148 131.4894 2009 10 18 1.2043 126.6885 36 31
236759 Z82113 2009 8 24 0.6148 131.4894 2009 10 18 -4 151.2333 37 38
236770 Z82124 2009 8 24 0.6148 131.4894 2009 10 15 2 118 34 NA
236803 Z82157 2009 8 24 0.6148 131.4894 2009 10 15 0 127 35 NA
236811 Z82165 2009 8 24 0.6148 131.4894 2009 10 28 0 139 37 NA
236823 P152806 2009 8 24 0.6148 131.4894 2009 10 24 -0.8514 141.9812 38 51
236826 P152809 2009 8 24 0.6148 131.4894 2009 10 10 2 132 43 NA
236847 P152830 2009 8 24 0.6148 131.4894 2009 10 18 1.2043 126.6885 42 40
236866 P152849 2009 8 24 0.6148 131.4894 2009 10 28 0 139 43 NA
236868 P152851 2009 8 24 0.6148 131.4894 2009 10 19 -3.8667 150.0565 40 57
236874 P152857 2009 8 24 0.6148 131.4894 2009 10 24 -4.0081 148.2543 45 54
236881 P152864 2009 8 24 0.6148 131.4894 2009 10 6 1.6 127.083 42 42
236890 P152873 2009 8 24 0.6148 131.4894 2009 10 16 3.1681 127.9823 41 38
236994 P153277 2009 8 24 0.6148 131.4894 2009 10 6 1.6 127.0833 40 48
237000 Z81866 2009 8 27 0.2452 125.1125 2009 10 6 2.5 127.1167 43 40
237048 Z82248 2009 8 27 0.2066 125.1584 2009 10 13 4.2123 128.2917 37 38
237202 P153817 2009 8 29 -3.2099 123.6614 2009 10 20 -1.7178 126.7867 37 48
237231 P153426 2009 8 29 -3.2099 123.6614 2009 10 25 2.1667 130.6667 42 47
237247 P153167 2009 8 29 -3.2099 123.6614 2009 10 22 4.3905 128.2372 40 55
237255 P153843 2009 8 29 -3.2099 123.6614 2009 10 25 2.1667 130.6667 40 46
237275 P153862 2009 8 29 -3.2099 123.6614 2009 10 13 4.205 128.3183 41 42
237287 P153874 2009 8 29 -3.2099 123.6614 2009 10 28 1.3705 130.8361 40 46
237308 P153894 2009 8 29 -3.2099 123.6614 2009 10 28 1.3705 130.8361 38 43
237348 P153729 2009 8 29 -3.2099 123.6614 2009 10 25 -4.193 126.6333 41 40
237393 P153772 2009 8 29 -3.2099 123.6614 2009 10 25 -4.193 126.6333 39 40
237406 P153789 2009 8 29 -3.2099 123.6614 2009 10 10 -4.193 126.6333 41 40
237504 P153903 2009 8 29 -3.2099 123.6614 2009 10 28 1.3705 130.8361 40 49
237413 P153794 2009 8 29 -3.2524 123.6046 2009 10 25 -4.193 126.6333 39 41
237649 Z82702 2009 9 1 -8.3255 122.1463 2009 10 10 -7.805 122.1993 38 40
238060 Z82580 2009 9 1 -7.8073 122.7296 2009 10 21 -7.81 122.528 36 35
238087 P154008 2009 9 1 -7.8073 122.7296 2009 10 10 -7.805 122.1993 38 45.5
238265 P153485 2009 9 2 -7.5302 123.8868 2009 10 16 2.1667 130.6667 45 44
238318 P154354 2009 9 2 -7.5302 123.8868 2009 10 14 -7.0858 123.7882 40 43
238414 Z82758 2009 9 2 -7.5302 123.8868 2009 10 25 2.1667 130.6667 37 43
238435 Z82779 2009 9 2 -7.5302 123.8868 2009 10 14 -7.0858 123.7882 37 40
238451 Z82427 2009 9 2 -7.5302 123.8868 2009 10 14 -7.0858 123.7882 38 39.6
238452 Z82429 2009 9 2 -7.5302 123.8868 2009 10 14 -7.0858 123.7882 37 40
239041 Z82875 2009 9 2 -7.5302 123.8868 2009 10 14 -7.0858 123.7882 37 39.5
239167 P154209 2009 9 2 -7.5302 123.8868 2009 10 14 -7.0858 123.7882 40 41.8
239193 P154219 2009 9 2 -7.5302 123.8868 2009 10 14 -7.0858 123.7882 38 43
239195 P154220 2009 9 2 -7.5302 123.8868 2009 10 14 -7.0858 123.7882 38 42
239214 P154228 2009 9 2 -7.5302 123.8868 2009 10 14 -7.0858 123.7882 38 43
238370 Z82664 2009 9 2 -7.5865 123.9491 2009 10 14 -7.0858 123.7882 38 42
239248 P154246 2009 9 2 -7.5865 123.9491 2009 10 14 -7.0858 123.7882 42 42
238584 P154645 2009 9 2 -7.6126 124.1078 2009 10 20 -1.7178 126.7867 40 48
238592 P154653 2009 9 2 -7.6126 124.1078 2009 10 14 -7.0858 123.7882 42 44
238667 P154112 2009 9 2 -7.6126 124.1078 2009 10 25 -4.193 126.6333 39 40
238761 P153553 2009 9 2 -7.6126 124.1078 2009 10 14 -7.0858 123.7882 42 43
238765 P153554 2009 9 2 -7.6126 124.1078 2009 10 16 -1.8333 151.4167 39 48
238771 P153556 2009 9 2 -7.6126 124.1078 2009 10 14 -7.0858 123.7882 43 42
238845 Z82912 2009 9 2 -7.6126 124.1078 2009 10 12 1 125.2833 38 37
238873 Z82927 2009 9 2 -7.6126 124.1078 2009 10 21 -7.7165 124.0163 37 42
238878 Z83458 2009 9 2 -7.6126 124.1078 2009 10 15 1 125.2833 38 43
238901 Z82939 2009 9 2 -7.6126 124.1078 2009 10 17 -1.7178 126.7867 37 48
238907 Z83472 2009 9 2 -7.6126 124.1078 2009 10 21 -7.81 122.528 38 38
238920 Z82945 2009 9 2 -7.6126 124.1078 2009 10 21 -7.7165 124.0163 38 41
238942 P154411 2009 9 2 -7.6126 124.1078 2009 10 14 -7.0858 123.7882 39 44
239127 Z83303 2009 9 2 -7.6126 124.1078 2009 10 23 -1.8443 151.4226 37 45
239205 Z83357 2009 9 2 -7.6126 124.1078 2009 10 14 -7.0858 123.7882 37 42
239271 P154720 2009 9 2 -7.6126 124.1078 2009 10 14 -7.0858 123.7882 39 41
239279 P154727 2009 9 2 -7.6126 124.1078 2009 10 14 -7.0858 123.7882 38 42
239315 P154748 2009 9 2 -7.6126 124.1078 2009 10 14 -7.0858 123.7882 40 40
239316 P154749 2009 9 2 -7.6126 124.1078 2009 10 21 -7.7165 124.0163 38 43
239368 P154250 2009 9 2 -7.6126 124.1078 2009 10 14 -7.0858 123.7882 39 40
239415 Z83121 2009 9 2 -7.6126 124.1078 2009 10 14 -7.0858 123.7882 37 39.7
239465 P154297 2009 9 2 -7.6126 124.1078 2009 10 14 -7.0858 123.7882 38 42.5
239510 Z83296 2009 9 2 -7.6126 124.1078 2009 10 21 -7.81 122.528 33 42
239527 Z83198 2009 9 2 -7.6126 124.1078 2009 10 26 -7.7665 124.0165 35 42
239537 P154131 2009 9 4 -2.8139 126.2661 2009 10 25 2.1667 130.6667 39 47
239545 P154139 2009 9 4 -2.8139 126.2661 2009 10 10 -4.193 126.6333 42 40
239574 P154169 2009 9 4 -2.8139 126.2661 2009 10 10 1.2042 126.0237 40 40
239602 P154196 2009 9 4 -2.8139 126.2661 2009 10 4 1.5 127 40 39
239675 P154867 2009 9 4 -2.8139 126.2661 2009 10 10 -4.193 126.6333 40 40
239726 P153583 2009 9 4 -2.8139 126.2661 2009 10 13 4.205 128.3183 43 41
239747 P154504 2009 9 4 -2.8139 126.2661 2009 10 13 4.205 128.3183 39 45
239769 P154526 2009 9 4 -2.8139 126.2661 2009 10 10 1.2042 126.0237 40 42
239823 P154580 2009 9 4 -2.8139 126.2661 2009 10 10 1.2042 126.0237 40 41
239854 P155611 2009 9 4 -2.8139 126.2661 2009 10 1 -1.728 126.7867 40 40
239884 Z82995 2009 9 4 -2.8139 126.2661 2009 10 12 2.2033 126.8403 38 30
239907 P154480 2009 9 4 -2.8139 126.2661 2009 10 1 -1.728 126.7867 40 40
239915 P154488 2009 9 4 -2.8139 126.2661 2009 10 10 -4.193 126.6333 39 40
239925 P154498 2009 9 4 -2.8139 126.2661 2009 10 10 -4.193 126.6333 39 41
239953 P154925 2009 9 4 -2.8139 126.2661 2009 10 29 1.371 130.836 40 39
239959 P154931 2009 9 4 -2.8139 126.2661 2009 10 22 4.3905 128.2372 41 55
239973 P154937 2009 9 4 -2.8139 126.2661 2009 10 10 1.2042 126.0237 40 40
239976 P155011 2009 9 4 -2.8139 126.2661 2009 10 10 1.2042 126.0237 42 42
239992 P154945 2009 9 4 -2.8139 126.2661 2009 10 10 1.2042 126.0237 39 41
240005 P155028 2009 9 4 -2.8139 126.2661 2009 10 10 1.2042 126.0237 42 43
240039 P155046 2009 9 4 -2.8139 126.2661 2009 10 10 1.2042 126.0237 41 42
240043 P155048 2009 9 4 -2.8139 126.2661 2009 10 22 4.3905 128.2372 39 55
240049 P155051 2009 9 4 -2.8139 126.2661 2009 10 10 1.2042 126.0237 40 41
240058 P155056 2009 9 4 -2.8139 126.2661 2009 10 12 4.2035 130.3837 43 40
240066 P155060 2009 9 4 -2.8139 126.2661 2009 10 10 -1.7178 126.7853 42 47
240068 P154981 2009 9 4 -2.8139 126.2661 2009 10 12 0 129 39 NA
240072 P154983 2009 9 4 -2.8139 126.2661 2009 10 25 -4.193 126.6333 41 41
240088 P154989 2009 9 4 -2.8139 126.2661 2009 10 16 2.1667 130.6667 42 49
240113 P155087 2009 9 4 -2.8139 126.2661 2009 10 22 4.3937 128.2347 39 55
240148 P155319 2009 9 4 -2.8139 126.2661 2009 10 10 -4.193 126.6333 41 40
240166 P155327 2009 9 4 -2.8139 126.2661 2009 10 7 1.1733 126.1683 41 40
240262 P155370 2009 9 4 -2.8139 126.2661 2009 10 22 4.3937 128.2347 39 55
240289 P155379 2009 9 4 -2.8139 126.2661 2009 10 1 -1.728 126.7867 43 40
240312 P113456 2009 9 4 -2.8139 126.2661 2009 10 10 -4.193 126.6333 40 41
240316 P113458 2009 9 4 -2.8139 126.2661 2009 10 10 1.2042 126.0237 39 40
240345 P155210 2009 9 4 -2.8139 126.2661 2009 10 12 2.2033 126.8403 38 40
240373 P155226 2009 9 4 -2.8139 126.2661 2009 10 10 -4.193 126.6333 38 40
240374 P113481 2009 9 4 -2.8139 126.2661 2009 10 25 -4.193 126.6333 41 40
240387 P155702 2009 9 4 -2.8139 126.2661 2009 10 12 2.2033 126.8403 39 41
240389 P113487 2009 9 4 -2.8139 126.2661 2009 10 16 2.1667 130.6667 41 48
240395 P155237 2009 9 4 -2.8139 126.2661 2009 10 10 -4.193 126.6333 38 40
240472 Z83045 2009 9 4 -2.8139 126.2661 2009 10 10 1.2042 126.0237 38 38
240487 P155287 2009 9 4 -2.8139 126.2661 2009 10 13 4.205 128.3183 38 39
240527 Z83060 2009 9 4 -2.8139 126.2661 2009 10 10 -4.193 126.6333 38 41
240667 P155160 2009 9 4 -2.8139 126.2661 2009 10 4 1.5 127 37 41
240687 P113212 2009 9 4 -2.8139 126.2661 2009 10 13 4.205 128.3183 39 42
240689 P155172 2009 9 4 -2.8139 126.2661 2009 10 12 6 129 37 NA
240742 P113318 2009 9 4 -2.8139 126.2661 2009 10 25 -4.193 126.6333 40 40
240754 P113324 2009 9 4 -2.8139 126.2661 2009 10 10 1.2042 126.0237 40 43
240758 P113236 2009 9 4 -2.8139 126.2661 2009 10 10 1.2042 126.0237 40 40
240795 P113343 2009 9 4 -2.8139 126.2661 2009 10 10 1.2042 126.0237 41 42
240815 P113258 2009 9 4 -2.8139 126.2661 2009 10 10 -1.7178 126.7853 39 47
240887 P113386 2009 9 4 -2.8139 126.2661 2009 10 10 1.2042 126.0237 39 43
240902 P155406 2009 9 4 -2.8139 126.2661 2009 10 10 1.2042 126.0237 42 41
240922 P113399 2009 9 4 -2.8139 126.2661 2009 10 10 -4.193 126.6333 39 40
240958 Z69205 2009 9 4 -2.8139 126.2661 2009 10 12 2.2033 126.8403 38 35
240972 Z69213 2009 9 4 -2.8139 126.2661 2009 10 10 -4.193 126.6333 38 41
240981 P155445 2009 9 4 -2.8139 126.2661 2009 10 10 -1.7178 126.7853 38 47
240984 P155447 2009 9 4 -2.8139 126.2661 2009 10 12 6 129 39 NA
239863 P155620 2009 9 4 -2.7038 126.2984 2009 10 10 2.1667 129.6667 40 56
241248 P155483 2009 9 7 3.8596 127.7471 2009 10 18 1.2043 126.6885 40 42
241251 P155486 2009 9 7 3.8596 127.7471 2009 10 11 3.9875 128.0233 38 44
241254 P155489 2009 9 7 3.8596 127.7471 2009 10 23 2.334 126.3333 40 42
241256 P155491 2009 9 7 3.8596 127.7471 2009 10 6 2.5 127.1167 41 46
241262 P155497 2009 9 7 3.8596 127.7471 2009 10 6 2.5 127.1167 38 45
241264 P155499 2009 9 7 3.8596 127.7471 2009 10 18 1.2043 126.6885 41 40
241270 P155805 2009 9 7 3.8596 127.7471 2009 10 6 2.5 127.1167 40 39
241271 P155806 2009 9 7 3.8596 127.7471 2009 10 23 2.334 126.3333 41 44
241275 P155810 2009 9 7 3.8596 127.7471 2009 10 7 1.1733 126.1683 39 40
241277 P155812 2009 9 7 3.8596 127.7471 2009 10 7 1.1733 126.1683 39 40
241296 Z69333 2009 9 7 3.8596 127.7471 2009 10 7 1.1733 126.1683 36 30
241305 Z69342 2009 9 7 3.8596 127.7471 2009 10 29 2.1667 130.6667 34 37
241315 Z69352 2009 9 7 3.8596 127.7471 2009 10 23 2.334 126.3333 35 34
241320 Z69357 2009 9 7 3.8596 127.7471 2009 10 21 2.3343 126.1717 34 31
241322 Z69359 2009 9 7 3.8596 127.7471 2009 10 6 2.5 127.1167 37 38
241327 Z69364 2009 9 7 3.8596 127.7471 2009 10 7 1.1733 126.1683 35 34
241332 Z69369 2009 9 7 3.8596 127.7471 2009 10 14 3.8367 128.0533 34 30
241374 Z83611 2009 9 7 3.8596 127.7471 2009 10 14 3.8367 128.0533 34 31
241391 Z84203 2009 9 7 3.8596 127.7471 2009 10 14 3.8367 128.0533 37 32
241427 Z84221 2009 9 7 3.8596 127.7471 2009 10 21 2.3343 126.1717 35 32
241431 Z83646 2009 9 7 3.8596 127.7471 2009 10 21 2.3343 126.1717 36 30
241486 Z83710 2009 9 7 3.8596 127.7471 2009 10 21 2.3343 126.1717 37 30
241491 Z83715 2009 9 7 3.8596 127.7471 2009 10 6 2.5 127.1167 38 30
241497 Z83721 2009 9 7 3.8596 127.7471 2009 10 21 2.3343 126.1717 37 32
241510 Z83734 2009 9 7 3.8596 127.7471 2009 10 16 3.1681 127.9823 37 38
241580 P155712 2009 9 7 3.8596 127.7471 2009 10 21 2.3343 126.1717 41 44
241593 P155725 2009 9 7 3.8596 127.7471 2009 10 21 2.3343 126.1717 40 44
241608 Z69292 2009 9 7 3.8596 127.7471 2009 10 6 2.5 127.1167 34 41
241613 Z69297 2009 9 7 3.8596 127.7471 2009 10 6 2.5 127.1167 37 40
241623 Z83807 2009 9 7 3.8596 127.7471 2009 10 10 1.2042 126.0237 35 34
241628 Z83812 2009 9 7 3.8596 127.7471 2009 10 14 3.8367 128.0533 36 31
241635 Z83819 2009 9 7 3.8596 127.7471 2009 10 14 3.8367 128.0533 34 31
241641 Z83825 2009 9 7 3.8596 127.7471 2009 10 20 1.3333 126 33 32
241648 Z83832 2009 9 7 3.8596 127.7471 2009 10 21 2.3343 126.1717 35 34
241656 Z83840 2009 9 7 3.8596 127.7471 2009 10 21 2.3343 126.1717 36 32
241713 Z83897 2009 9 7 3.8596 127.7471 2009 10 20 1.3333 126 38 34
241902 Z69437 2009 9 7 3.8596 127.7471 2009 10 7 1.1733 126.1683 35 30
241908 Z69443 2009 9 7 3.8596 127.7471 2009 10 16 3.1681 127.9823 36 38
241914 Z69449 2009 9 7 3.8596 127.7471 2009 10 16 3.1681 127.9823 36 38
241938 Z69473 2009 9 7 3.8596 127.7471 2009 10 13 4.2123 128.2917 37 40
241954 Z69489 2009 9 7 3.8596 127.7471 2009 10 7 1.1733 126.1683 37 34
241959 Z69494 2009 9 7 3.8596 127.7471 2009 10 20 1.3333 126 36 34
242057 P155559 2009 9 7 3.8596 127.7471 2009 10 14 3.8367 128.0533 40 39
242060 P155562 2009 9 7 3.8596 127.7471 2009 10 11 3.9875 128.0233 40 44
242067 P155569 2009 9 7 3.8596 127.7471 2009 10 18 1.2043 126.6885 38 44
242071 P155573 2009 9 7 3.8596 127.7471 2009 10 11 3.9875 128.0233 37 43
242080 P155582 2009 9 7 3.8596 127.7471 2009 10 7 2.6458 129.4577 38 47
262187 P155550 2009 9 7 3.8596 127.7471 2009 10 16 3.1681 127.9823 41 51
241755 Z84243 2009 9 7 3.8716 127.7808 2009 10 13 4.2123 128.2917 34 40
241756 Z84244 2009 9 7 3.9123 128.0136 2009 10 7 1.1733 126.1683 33 32
241764 Z84252 2009 9 7 3.9123 128.0136 2009 10 21 2.3343 126.1717 35 30
241769 Z84257 2009 9 7 3.9123 128.0136 2009 10 12 4.2035 130.3837 34 29
241771 Z84259 2009 9 7 3.9123 128.0136 2009 10 14 3.8367 128.0533 33 30
241774 Z84262 2009 9 7 3.9123 128.0136 2009 10 20 1.3333 126 36 34
241778 Z84266 2009 9 7 3.9123 128.0136 2009 10 6 2.5 127.1167 35 34
241782 Z84270 2009 9 7 3.9123 128.0136 2009 10 7 1.1733 126.1683 36 30
241786 Z84274 2009 9 7 3.9123 128.0136 2009 10 21 2.3343 126.1717 35 33
241787 Z84275 2009 9 7 3.9123 128.0136 2009 10 29 2.1667 129.6667 34 37
241809 Z84145 2009 9 7 3.9123 128.0136 2009 10 12 4.2035 130.3837 34 29
241810 Z84146 2009 9 7 3.9123 128.0136 2009 10 7 1.1733 126.1683 34 30
241818 Z84155 2009 9 7 3.9123 128.0136 2009 10 25 2.1667 130.6667 33 43
241823 Z84160 2009 9 7 3.9123 128.0136 2009 10 16 3.1681 127.9823 33 40
241833 Z84170 2009 9 7 3.9123 128.0136 2009 10 21 2.3343 126.1717 36 32
241834 Z84171 2009 9 7 3.9123 128.0136 2009 10 21 2.3343 126.1717 37 30
241861 Z83679 2009 9 7 3.9123 128.0136 2009 10 6 2.5 127.1167 31 40
241863 Z83680 2009 9 7 3.9123 128.0136 2009 10 14 3.8367 128.0533 34 30
241864 Z84192 2009 9 7 3.9123 128.0136 2009 10 6 2.5 127.1167 33 39
241867 Z84193 2009 9 7 3.9123 128.0136 2009 10 14 3.8367 128.0533 36 28
241871 Z84196 2009 9 7 3.9123 128.0136 2009 10 6 2.5 127.1167 33 37
241872 Z83684 2009 9 7 3.9123 128.0136 2009 10 21 2.3343 126.1717 33 32
241882 Z83690 2009 9 7 3.9123 128.0136 2009 10 20 1.3333 126 32 30
241883 Z83691 2009 9 7 3.9123 128.0136 2009 10 23 2.334 126.3333 33 34
241884 Z83692 2009 9 7 3.9123 128.0136 2009 10 11 6.3333 125 33 NA
241890 Z83698 2009 9 7 3.9123 128.0136 2009 10 6 2.5 127.1167 32 40
241966 Z83902 2009 9 7 3.9123 128.0136 2009 10 14 3.8367 128.0533 31 31
241967 Z83903 2009 9 7 3.9123 128.0136 2009 10 6 2.5 127.1167 35 39
241971 Z83907 2009 9 7 3.9123 128.0136 2009 10 18 1.2043 126.6885 31 31
241978 Z83914 2009 9 7 3.9123 128.0136 2009 10 20 1.3333 126 31 34
241984 Z83920 2009 9 7 3.9123 128.0136 2009 10 21 2.3343 126.1717 32 34
241988 Z83924 2009 9 7 3.9123 128.0136 2009 10 16 3.1681 127.9823 34 47
241991 Z83927 2009 9 7 3.9123 128.0136 2009 10 21 2.3343 126.1717 36 31
241997 Z83933 2009 9 7 3.9123 128.0136 2009 10 7 1.1733 126.1683 32 32
241999 Z83935 2009 9 7 3.9123 128.0136 2009 10 18 1.2043 126.6885 32 37
242006 Z83942 2009 9 7 3.9123 128.0136 2009 10 20 1.3333 126 32 32
242007 Z83943 2009 9 7 3.9123 128.0136 2009 10 6 2.5 127.1167 33 41
242008 Z83944 2009 9 7 3.9123 128.0136 2009 10 6 2.5 127.1167 35 39
242009 Z83945 2009 9 7 3.9123 128.0136 2009 10 21 2.3343 126.1717 32 30
242019 Z83955 2009 9 7 3.9123 128.0136 2009 10 7 1.1733 126.1683 35 30
242021 Z83957 2009 9 7 3.9123 128.0136 2009 10 14 3.8367 128.0533 33 32
242037 P155816 2009 9 7 3.9123 128.0136 2009 10 18 1.2043 126.6885 39 40
242084 P155585 2009 9 7 3.9123 128.0136 2009 10 28 1.3705 130.8361 42 45
242085 P155586 2009 9 7 3.9123 128.0136 2009 10 18 1.2043 126.6885 44 41
242101 Z83513 2009 9 7 3.9123 128.0136 2009 10 18 1.2043 126.6885 35 33
242105 Z83517 2009 9 7 3.9123 128.0136 2009 10 6 2.5 127.1167 34 34
242110 Z83522 2009 9 7 3.9123 128.0136 2009 10 21 2.3343 126.1717 37 30
242123 Z83971 2009 9 8 2.3575 128.8662 2009 10 21 2.3343 126.1717 32 32
242130 Z83978 2009 9 8 2.3575 128.8662 2009 10 20 1.3333 126 33 30
242159 Z84289 2009 9 8 2.3575 128.8662 2009 10 21 2.3343 126.1717 33 34
242165 Z84294 2009 9 8 2.3575 128.8662 2009 10 21 2.3343 126.1717 34 34
242196 Z84514 2009 9 8 2.3575 128.8662 2009 10 6 2.5 127.1167 33 40
242211 Z84529 2009 9 8 2.3575 128.8662 2009 10 18 1.2043 126.6885 32 30
242215 Z84532 2009 9 8 2.3575 128.8662 2009 10 28 0 139 34 NA
242216 Z84533 2009 9 8 2.3575 128.8662 2009 10 21 2.3343 126.1717 32 32
242218 P155734 2009 9 8 2.3575 128.8662 2009 10 20 1.3333 126 42 46
242220 P155735 2009 9 8 2.3575 128.8662 2009 10 18 1.2043 126.6885 40 40
242221 Z84536 2009 9 8 2.3575 128.8662 2009 10 21 2.3343 126.1717 33 32
242222 Z84537 2009 9 8 2.3575 128.8662 2009 10 7 1.1733 126.1683 34 33
242225 Z84540 2009 9 8 2.3575 128.8662 2009 10 7 1.1733 126.1683 32 37
242232 Z83535 2009 9 8 2.3575 128.8662 2009 10 23 0 132 34 NA
242234 Z84302 2009 9 8 2.3575 128.8662 2009 10 6 2.5 127.1167 32 39
242247 Z84308 2009 9 8 2.3575 128.8662 2009 10 6 2.5 127.1167 35 39
242254 Z83549 2009 9 8 2.3575 128.8662 2009 10 14 3.8367 128.0533 33 32
242283 Z84315 2009 9 8 2.3575 128.8662 2009 10 7 1.1733 126.1683 33 30
242296 Z84319 2009 9 8 2.3575 128.8662 2009 10 20 1.3333 126 35 30
242299 Z83583 2009 9 8 2.3575 128.8662 2009 10 14 3.8367 128.0533 33 34
242301 Z83585 2009 9 8 2.3575 128.8662 2009 10 6 2.5 127.1167 33 41
242380 Z83590 2009 9 8 1.9644 128.3478 2009 10 18 1.2043 126.6885 34 32
242461 P155772 2009 9 9 1.06 130.0695 2009 10 28 2.7423 129.4958 39 48
242512 Z84442 2009 9 9 1.06 130.0695 2009 10 4 1.5 127 38 42
242578 P156008 2009 9 9 1.06 130.0695 2009 10 20 0.6637 143.5531 39 NA
242604 P156032 2009 9 9 1.06 130.0695 2009 10 4 1.5 127 42 42
242701 P156606 2009 9 9 1.06 130.0695 2009 10 31 2.648 129.7628 42 42
242732 P155939 2009 9 9 1.06 130.0695 2009 10 5 1 130 39 NA
242807 P155967 2009 9 9 1.06 130.0695 2009 10 6 1.6 127.083 42 47
242818 P155973 2009 9 9 1.06 130.0695 2009 10 15 2 118 44 NA
242825 Z84907 2009 9 9 1.06 130.0695 2009 10 21 2.3343 126.1717 36 32
242974 P156778 2009 9 9 1.06 130.0695 2009 10 7 1.1733 126.1683 42 40
243034 P156350 2009 9 9 1.06 130.0695 2009 10 16 3.1681 127.9823 43 51
243080 P156370 2009 9 9 1.06 130.0695 2009 10 7 1.1733 126.1683 42 42
243145 P155833 2009 9 9 1.06 130.0695 2009 10 16 3.1681 127.9823 38 49
243164 P155852 2009 9 9 1.06 130.0695 2009 10 25 2.1667 130.6667 40 48
243196 P155883 2009 9 9 1.06 130.0695 2009 10 21 2.3343 126.1717 42 40
243205 P155892 2009 9 9 1.06 130.0695 2009 10 9 4 136 40 NA
243244 P156917 2009 9 9 1.06 130.0695 2009 10 16 -3.8333 132 43 42
243253 P156924 2009 9 9 1.06 130.0695 2009 10 12 4.2035 130.3837 39 41
243294 P156958 2009 9 9 1.06 130.0695 2009 10 14 3.8367 128.0533 39 44
243297 P155665 2009 9 9 1.06 130.0695 2009 10 20 1.3333 126 40 42
243437 P156116 2009 9 9 1.06 130.0695 2009 10 6 2.5 127.1167 39 40
243482 P156161 2009 9 9 1.06 130.0695 2009 10 5 -1 131 42 NA
243487 P156166 2009 9 9 1.06 130.0695 2009 10 9 4 136 39 NA
243814 P156489 2009 9 9 1.06 130.0695 2009 10 5 -1 131 40 NA
244261 P156209 2009 9 9 1.06 130.0695 2009 10 15 -0.8727 143.3203 40 NA
244369 Z84362 2009 9 9 1.06 130.0695 2009 10 6 1.6 127.083 34 48
244398 Z84373 2009 9 9 1.06 130.0695 2009 10 21 2.3343 126.1717 36 32
244464 Z84395 2009 9 9 1.06 130.0695 2009 10 18 2.1667 130.6667 36 40
243850 P157173 2009 9 9 1.0498 130.3672 2009 10 18 1.2043 126.6885 41 41
243953 P157063 2009 9 9 1.0498 130.3672 2009 10 10 1.2042 126.0237 41 43
244004 P157514 2009 9 9 1.0498 130.3672 2009 10 9 -1.8443 151.4226 44 57
244088 P157401 2009 9 9 1.0498 130.3672 2009 10 20 1.3333 126 43 42
244113 P157417 2009 9 9 1.0498 130.3672 2009 10 7 4.5377 128.2222 38 43
244126 P157430 2009 9 9 1.0498 130.3672 2009 10 28 0 139 43 NA
244148 P157452 2009 9 9 1.0498 130.3672 2009 10 7 1.1733 126.1683 44 46
244364 P157635 2009 9 9 1.0498 130.3672 2009 10 18 1.2043 126.6885 42 42
244470 P157301 2009 9 9 1.0498 130.3672 2009 10 12 2.1667 130.6667 43 42
244644 P157269 2009 9 9 1.0498 130.3672 2009 10 4 1.5 127 41 42
244798 P157860 2009 9 10 1.0188 130.5126 2009 10 13 4.205 128.3183 40 41
244874 P158426 2009 9 10 1.0188 130.5126 2009 10 22 0 145 40 NA
244932 P158471 2009 9 10 1.0188 130.5126 2009 10 16 3.1681 127.9823 38 50
244948 P156875 2009 9 10 1.0188 130.5126 2009 10 15 2 118 39 NA
244952 P158485 2009 9 10 1.0188 130.5126 2009 10 20 -2.8876 145.1317 43 NA
244979 P156888 2009 9 10 1.0188 130.5126 2009 10 18 1.2043 126.6885 42 40
245043 P158548 2009 9 10 1.0188 130.5126 2009 10 7 1.1733 126.1683 41 45
245146 P157948 2009 9 10 1.0188 130.5126 2009 10 11 3.9875 128.0233 50 45
245186 P157964 2009 9 10 1.0188 130.5126 2009 10 15 2 118 41 NA
245213 P157973 2009 9 10 1.0188 130.5126 2009 10 15 1 132 38 NA
245229 P157760 2009 9 10 1.0188 130.5126 2009 10 13 4.205 128.3183 41 42
245279 P157792 2009 9 10 1.0188 130.5126 2009 10 18 1.2043 126.6885 43 40
245292 P157178 2009 9 10 1.0188 130.5126 2009 10 12 4.2035 130.3837 39 38
245353 P158239 2009 9 10 1.0188 130.5126 2009 10 9 -0.0375 137.6 39 49
245354 P158240 2009 9 10 1.0188 130.5126 2009 10 6 1.6 127.0833 41 42
245364 P158250 2009 9 10 1.0188 130.5126 2009 10 15 2 118 43 NA
245373 P158259 2009 9 10 1.0188 130.5126 2009 10 13 4.205 128.3183 39 42
245378 P158264 2009 9 10 1.0188 130.5126 2009 10 22 4.3905 128.2372 43 55
245508 P158093 2009 9 10 1.0188 130.5126 2009 10 10 1.2042 126.0237 41 40
245511 P157465 2009 9 10 1.0188 130.5126 2009 10 22 4.3905 128.2372 40 55
245589 P158323 2009 9 10 1.0188 130.5126 2009 10 15 2 118 41 NA
245591 P158324 2009 9 10 1.0188 130.5126 2009 10 22 1.5 130.5 41 45
245603 P158331 2009 9 10 1.0188 130.5126 2009 10 7 1.1733 126.1683 43 40
245665 P158371 2009 9 10 1.0188 130.5126 2009 10 7 1.1733 126.1683 42 40
245850 P158119 2009 9 10 1.0188 130.5126 2009 10 13 4.205 128.3183 40 41
245882 P158142 2009 9 10 1.0188 130.5126 2009 10 18 1.2043 126.6885 43 45
245935 P158190 2009 9 10 1.0188 130.5126 2009 10 6 1.6 127.083 39 44
245978 P158611 2009 9 10 1.0188 130.5126 2009 10 15 0 127 42 NA
245984 P158617 2009 9 10 1.0188 130.5126 2009 10 13 4.205 128.3183 42 40
246088 P158803 2009 9 10 1.0188 130.5126 2009 10 13 4.205 128.3183 38 40
245751 P158996 2009 9 10 0.9912 130.4622 2009 10 12 4.2035 130.3837 39 43
245975 P159021 2009 9 10 0.9912 130.4622 2009 10 18 2.1667 130.6667 37 41
245992 P159023 2009 9 10 0.9912 130.4622 2009 10 4 1.5 127 38 37
246066 P158681 2009 9 10 0.9912 130.4622 2009 10 20 -2.8876 145.1317 43 NA
246108 P159313 2009 9 10 0.9912 130.4622 2009 10 12 4.2035 130.3837 39 40
246182 P158819 2009 9 10 0.9912 130.4622 2009 10 6 2.5 127.1167 40 47
246230 P158845 2009 9 10 0.9912 130.4622 2009 10 13 4.205 128.3183 38 39
246259 P158874 2009 9 10 0.9912 130.4622 2009 10 12 4.2035 130.3837 39 40
246287 P158894 2009 9 10 0.9912 130.4622 2009 10 10 4 136 42 NA
246304 P159422 2009 9 10 0.9912 130.4622 2009 10 16 3.1681 127.9823 39 48
246368 P158726 2009 9 10 0.9912 130.4622 2009 10 18 1.2043 126.6885 40 40
246371 P158728 2009 9 10 0.9912 130.4622 2009 10 22 -2.63 150.2851 40 39
246496 P159127 2009 9 10 0.9912 130.4622 2009 10 10 3 139 37 NA
246596 Z84981 2009 9 10 0.3005 130.7196 2009 10 12 -6.3667 127.3333 33 43
246637 P159225 2009 9 11 -0.4129 131.6617 2009 10 13 -6.2167 127.6333 40 42
246832 Z85408 2009 9 12 -0.0258 132.4036 2009 10 28 -1 129 36 NA
246865 P159457 2009 9 12 0.3417 133.2019 2009 10 18 1.2043 126.6885 40 40
247393 P160408 2009 9 13 -0.6741 134.3813 2009 10 10 -2.6904 144.4728 38 NA
247398 P160303 2009 9 13 -0.6741 134.3813 2009 10 4 1.5 127 41 43
247856 P160305 2009 9 14 -0.8543 134.3373 2009 10 15 -0.8713 143.3218 43 NA
247929 Z86123 2009 9 14 -0.8543 134.3373 2009 10 13 4.205 128.3183 35 38
248715 Z85670 2009 9 16 -0.9686 138.9701 2009 10 15 -1.8792 142.2072 35 40
248794 Z85333 2009 9 16 -0.9529 138.9943 2009 10 24 -0.8514 141.9812 34 41
248948 Z86530 2009 9 16 -0.9529 138.9943 2009 10 22 -2.0083 141.8173 34 41
248906 P160392 2009 9 16 -1.0006 139.0842 2009 10 22 -2 142.2333 42 45.5
249205 P160210 2009 9 16 -1.0872 139.1379 2009 10 17 -2.35 142.45 47 53
249290 P160544 2009 9 16 -1.0872 139.1379 2009 10 10 1.2042 126.0237 48 40
249292 P159986 2009 9 16 -1.0872 139.1379 2009 10 20 -2.8927 145.1301 49 NA
249489 P160268 2009 9 22 -4.8008 147.3673 2009 10 22 -3.3204 146.2001 42 46
249502 P160277 2009 9 22 -4.8008 147.3673 2009 10 31 -2.1333 142.9 43 40
249549 P160823 2009 9 22 -4.8008 147.3673 2009 10 10 -2.6856 143.7973 40 50
249610 P160884 2009 9 22 -4.8008 147.3673 2009 10 4 -4.4233 149.5733 40 28
249643 P161309 2009 9 22 -4.8008 147.3673 2009 10 22 -1.8162 148.0775 43 75
249654 P161320 2009 9 22 -4.8008 147.3673 2009 10 22 -3.63 150.285 43 48
249660 P161326 2009 9 22 -4.8008 147.3673 2009 10 29 -7.3633 148.8102 42 NA
249667 P161333 2009 9 22 -4.8008 147.3673 2009 10 1 -2.4457 145.0967 46 48
249703 P161369 2009 9 22 -4.8008 147.3673 2009 10 22 -3.63 150.285 53 46
249725 P161391 2009 9 22 -4.8008 147.3673 2009 10 22 -3.63 150.2851 58 52
249734 P161400 2009 9 22 -4.8008 147.3673 2009 10 30 -2.5581 142.9169 48 48
249747 P160112 2009 9 22 -4.8008 147.3673 2009 10 7 -3.9 147.25 48 48
249749 P160114 2009 9 22 -4.8008 147.3673 2009 10 15 -3.7566 148.8899 42 40
249771 P160136 2009 9 22 -4.8008 147.3673 2009 10 17 -4.3713 148.547 41 45
249806 P160171 2009 9 22 -4.8008 147.3673 2009 10 18 -3.6585 149.951 40 41
249830 P160195 2009 9 22 -4.8008 147.3673 2009 10 19 -3.8667 150.0565 39 43
249834 P160199 2009 9 22 -4.8008 147.3673 2009 10 17 -5.9653 147.626 40 NA
249861 P168926 2009 9 22 -4.8008 147.3673 2009 10 7 -3.75 146.0833 48 48
249877 P168942 2009 9 22 -4.8008 147.3673 2009 10 22 -3.63 150.2851 39 41
249886 P168951 2009 9 22 -4.8008 147.3673 2009 10 20 -3.1302 145.6045 49 54
249892 P168957 2009 9 22 -4.8008 147.3673 2009 10 31 -5.0667 149.4 43 45
249893 P168958 2009 9 22 -4.8008 147.3673 2009 10 8 -3.0698 145.2957 42 44
249919 P168983 2009 9 22 -4.8008 147.3673 2009 10 22 -3.6293 150.286 45 52
249941 P161414 2009 9 22 -4.8008 147.3673 2009 10 7 -3.75 146.0833 41 42
249984 P161447 2009 9 22 -4.8008 147.3673 2009 10 17 -4.3713 148.547 50 48
249985 P161448 2009 9 22 -4.8008 147.3673 2009 10 26 -4 150 53 NA
249999 P169507 2009 9 22 -4.8008 147.3673 2009 10 15 2 118 43 NA
250035 P161475 2009 9 22 -4.8008 147.3673 2009 10 7 -3.75 146.0833 46 48
250064 P161104 2009 9 22 -4.8008 147.3673 2009 10 10 -2.4913 144.0833 42 44
250098 P161138 2009 9 22 -4.8008 147.3673 2009 10 4 -4.4335 149.6 39 45
250117 P161157 2009 9 22 -4.8008 147.3673 2009 10 25 -2.8798 145.163 43 NA
250136 P161176 2009 9 22 -4.8008 147.3673 2009 10 28 -5.2167 149.248 53 53
250143 P161183 2009 9 22 -4.8008 147.3673 2009 10 14 -4.043 148.9465 49 42
250183 P169023 2009 9 22 -4.8008 147.3673 2009 10 13 -2.9727 144.8022 43 47
250194 P169034 2009 9 22 -4.8008 147.3673 2009 10 1 -2.4457 145.0967 47 NA
250230 P169070 2009 9 22 -4.8008 147.3673 2009 10 13 -2.9946 145.4438 41 63
250265 P169097 2009 9 22 -4.8008 147.3673 2009 10 26 -4 150 39 NA
250284 P169424 2009 9 22 -4.8008 147.3673 2009 10 9 -3.5453 143.64 43 87
250301 P169303 2009 9 22 -4.8008 147.3673 2009 10 29 -7.3633 148.8102 49 NA
250324 P169311 2009 9 22 -4.8008 147.3673 2009 10 22 -2 142.2333 50 52
250353 P169473 2009 9 22 -4.8008 147.3673 2009 10 3 -4.5327 148.0327 49 47
250367 P169485 2009 9 22 -4.8008 147.3673 2009 10 29 -7.3609 148.8127 41 54
250497 P168865 2009 9 22 -4.8008 147.3673 2009 10 7 -3.5166 146.0667 43 37
250575 P160773 2009 9 22 -4.8008 147.3673 2009 10 29 -7.3633 148.8102 42 NA
250584 P160782 2009 9 22 -4.8008 147.3673 2009 10 27 -3.971 150.9839 43 46
250585 P160783 2009 9 22 -4.8008 147.3673 2009 10 19 -2.0667 142.2333 41 50
250725 P168742 2009 9 22 -4.8008 147.3673 2009 10 1 -2.4457 145.0967 46 NA
250906 P160924 2009 9 22 -4.8008 147.3673 2009 10 19 -3.8667 150.0565 42 46
250924 P160933 2009 9 22 -4.8008 147.3673 2009 10 25 -4.0088 148.5391 39 42
251014 P161012 2009 9 22 -4.8008 147.3673 2009 10 15 -3.0006 145.3907 40 43
251054 P161052 2009 9 22 -4.8008 147.3673 2009 10 7 -3.9 147.25 42 43
251070 P161068 2009 9 22 -4.8008 147.3673 2009 10 21 -3.8527 150.3305 40 53
251137 P160635 2009 9 22 -4.8008 147.3673 2009 10 7 -3.75 146.0833 41 45
251145 P160643 2009 9 22 -4.8008 147.3673 2009 10 25 -4.7722 148.577 40 46
251159 P160657 2009 9 22 -4.8008 147.3673 2009 10 25 -4.3787 148.2217 40 42
251174 P160672 2009 9 22 -4.8008 147.3673 2009 10 22 -3.63 150.2851 43 45
251195 P160691 2009 9 22 -4.8008 147.3673 2009 10 14 -2.8167 145.3167 41 46
251207 P160700 2009 9 22 -4.8008 147.3673 2009 10 7 -3.9 147.25 41 43
251262 P169158 2009 9 22 -4.8008 147.3673 2009 10 13 -3.5333 145.35 50 49
251280 P169176 2009 9 22 -4.8008 147.3673 2009 10 20 -1.2811 142.7424 46 79
251312 P170205 2009 9 24 -4.641 150.0014 2009 10 15 -1.0744 143.2821 45 NA
251351 P170244 2009 9 24 -4.641 150.0014 2009 10 22 -3.63 150.2851 42 51
251399 P170292 2009 9 24 -4.641 150.0014 2009 10 22 -3.63 150.285 44 49
251403 P170296 2009 9 24 -4.641 150.0014 2009 10 14 -2.8167 145.3167 39 48
251466 P169945 2009 9 24 -4.641 150.0014 2009 10 26 -4 150 45 NA
251527 P169613 2009 9 24 -4.641 150.0014 2009 10 27 -4.1 150.311 41 76
251537 P169622 2009 9 24 -4.641 150.0014 2009 10 4 -3.9833 150.968 39 40
251553 P169638 2009 9 24 -4.641 150.0014 2009 10 13 -2.9946 145.4438 41 52
251562 P169647 2009 9 24 -4.641 150.0014 2009 10 22 -3.63 150.2851 48 51
251611 P169341 2009 9 24 -4.641 150.0014 2009 10 26 -4 150 41 NA
251645 P169361 2009 9 24 -4.641 150.0014 2009 10 14 -2.8167 145.3167 46 48
251656 P169695 2009 9 24 -4.641 150.0014 2009 10 22 -3.63 150.285 44 46
251681 P169387 2009 9 24 -4.641 150.0014 2009 10 31 -5.0667 149.4 44 48
251687 P169393 2009 9 24 -4.641 150.0014 2009 10 3 -4.34 149.4567 42 40
251693 P169399 2009 9 24 -4.641 150.0014 2009 10 4 -4.4233 149.5733 47 40
251703 P170105 2009 9 24 -4.641 150.0014 2009 10 31 -5.0667 149.4 45 46.5
251776 P169518 2009 9 24 -4.641 150.0014 2009 10 22 -3.63 150.2851 45 46
251807 P169531 2009 9 24 -4.641 150.0014 2009 10 4 -1.486 148.5573 46 NA
251903 P170422 2009 9 24 -4.641 150.0014 2009 10 20 -4.197 147.291 45 48
251911 P170430 2009 9 24 -4.641 150.0014 2009 10 20 -3.9467 148.5493 47 44
251933 P169579 2009 9 24 -4.641 150.0014 2009 10 4 -4.4233 149.5733 39 28
251965 P169811 2009 9 24 -4.641 150.0014 2009 10 10 -2.4654 144.3246 46 66
251997 P170016 2009 9 24 -4.641 150.0014 2009 10 22 -3.63 150.285 37 45
252029 P170316 2009 9 24 -4.641 150.0014 2009 10 22 -3.63 150.285 37 46
252037 P170324 2009 9 24 -4.641 150.0014 2009 10 22 -3.63 150.285 49 43
252051 P170338 2009 9 24 -4.641 150.0014 2009 10 18 -3.6387 149.954 46 47
252054 P170341 2009 9 24 -4.641 150.0014 2009 10 4 -4.4233 149.5733 42 28
252057 P170344 2009 9 24 -4.641 150.0014 2009 10 27 -4.108 150.311 40 47
252081 P170370 2009 9 24 -4.641 150.0014 2009 10 22 -3.63 150.285 46 49
252087 P170376 2009 9 24 -4.641 150.0014 2009 10 22 -3.63 150.285 45 43
252126 P170730 2009 9 24 -4.5395 150.2157 2009 10 19 -3.8667 150.0565 42 57
252252 P169873 2009 9 24 -4.5395 150.2157 2009 10 22 -3.63 150.285 48 52
252277 P170127 2009 9 24 -4.5395 150.2157 2009 10 26 -4.0159 149.0244 41 NA
252337 P170158 2009 9 24 -4.5395 150.2157 2009 10 4 -4.4233 149.5733 43 38
252370 P170546 2009 9 24 -4.5395 150.2157 2009 10 22 -3.63 150.285 44 46
252383 P170553 2009 9 24 -4.5395 150.2157 2009 10 22 -3.63 150.2851 44 46
252386 P170554 2009 9 24 -4.5395 150.2157 2009 10 2 -4.1359 150.7239 40 NA
252409 P170197 2009 9 24 -4.5395 150.2157 2009 10 22 -3.63 150.2851 43 51
252556 P170471 2009 9 24 -4.5395 150.2157 2009 10 24 -4.101 150.4892 45 45
252558 P170070 2009 9 24 -4.5395 150.2157 2009 10 4 -3.9833 150.968 43 43
252643 P170626 2009 9 24 -4.5395 150.2157 2009 10 22 -3.63 150.2851 44 46
252690 P170837 2009 9 24 -4.4039 150.2626 2009 10 22 -3.63 150.2851 46 45
252731 P170861 2009 9 24 -4.4039 150.2626 2009 10 12 -2.016 145.53 44 31
252774 P170940 2009 9 24 -4.3335 150.2237 2009 10 11 -2.6558 143.8147 47 28
252788 P170872 2009 9 24 -4.3335 150.2237 2009 10 10 -2.4596 144.3236 43 43
252789 P170873 2009 9 24 -4.3335 150.2237 2009 10 13 -2.9946 145.4438 44 63
252794 P170878 2009 9 24 -4.3335 150.2237 2009 10 22 -3.63 150.285 46 48
252796 P170880 2009 9 24 -4.3335 150.2237 2009 10 22 -3.63 150.2851 44 44
252812 P170891 2009 9 24 -4.3335 150.2237 2009 10 26 -4 150 42 NA
252833 P170667 2009 9 24 -4.3335 150.2237 2009 10 22 -3.6302 150.2848 44 47
252842 P170676 2009 9 24 -4.3335 150.2237 2009 10 13 -2.9946 145.4438 46 57
252992 P171311 2009 9 24 -4.3348 150.1048 2009 10 12 -2.0373 145.494 44 34
253003 P171318 2009 9 24 -4.3348 150.1048 2009 10 22 -3.6302 150.2848 49 47
253085 P171137 2009 9 24 -4.3348 150.1048 2009 10 26 -4.0159 149.0244 47 NA
253251 P171472 2009 9 24 -4.2723 150.1989 2009 10 22 -3.63 150.2851 47 46
253340 P171346 2009 9 24 -4.2723 150.1989 2009 10 26 -4.0159 149.0244 44 NA
253341 P171347 2009 9 24 -4.2723 150.1989 2009 10 22 -3.63 150.2851 45 46
253357 P171357 2009 9 24 -4.2723 150.1989 2009 10 28 -5.2167 149.25 46 48
253363 P171363 2009 9 24 -4.2723 150.1989 2009 10 22 -3.63 150.285 42 43
253374 P171374 2009 9 24 -4.2723 150.1989 2009 10 26 -4 150 42 NA
253413 P171632 2009 9 24 -4.2308 150.2629 2009 10 19 -2.0667 142.2333 42 75
253434 P171916 2009 9 24 -4.2308 150.2629 2009 10 26 -4 150 46 NA
253546 P171579 2009 9 24 -4.2308 150.2629 2009 10 26 -4 150 49 NA
253593 P171820 2009 9 24 -4.2048 150.3206 2009 10 22 -3.6302 150.2848 45 47
253603 P171830 2009 9 24 -4.2048 150.3206 2009 10 4 -3.9941 150.9654 48 NA
253711 P171730 2009 9 24 -4.2048 150.3206 2009 10 19 -3.8667 150.0565 49 46
253882 P171943 2009 9 24 -4.2048 150.3206 2009 10 22 -3.63 150.2851 44 47
253778 P171768 2009 9 24 -4.2142 150.3398 2009 10 22 -3.63 150.2851 46 47
253791 P171853 2009 9 24 -4.2142 150.3398 2009 10 2 -4.132 150.7407 43 47
253855 P171269 2009 9 24 -4.2142 150.3398 2009 10 15 -3.595 148.9574 45 42
253860 P171273 2009 9 24 -4.2142 150.3398 2009 10 1 -2.5867 144.2325 49 44
253889 P171287 2009 9 24 -4.2142 150.3398 2009 10 26 -4.0159 149.0244 47 NA
253898 P171292 2009 9 24 -4.2142 150.3398 2009 10 2 -4.132 150.7407 50 48
253964 P172605 2009 9 24 -4.1257 150.5097 2009 10 28 -4.1965 147.0866 49 41
254047 P171790 2009 9 24 -4.1257 150.5097 2009 10 1 -4.8426 146.1998 46 47
254058 P171796 2009 9 24 -4.1257 150.5097 2009 10 22 -3.63 150.2851 49 51
254066 P172216 2009 9 24 -4.1257 150.5097 2009 10 5 -4.6631 148.0352 48 86
254070 P171295 2009 9 24 -4.1257 150.5097 2009 10 22 -3.63 150.2851 49 47
254077 P172103 2009 9 24 -4.1257 150.5097 2009 10 26 -4 150 51 NA
254098 P172124 2009 9 24 -4.1257 150.5097 2009 10 20 -3.9467 148.5493 47 47
254100 P172126 2009 9 24 -4.1257 150.5097 2009 10 22 -3.63 150.2851 46 47
254117 P172416 2009 9 24 -4.1257 150.5097 2009 10 4 -3.35 146.1667 46 48
254183 P172392 2009 9 24 -4.1257 150.5097 2009 10 1 -1.4833 143.373 47 55
254186 P172395 2009 9 24 -4.1257 150.5097 2009 10 22 -3.63 150.285 49 49
254198 P172427 2009 9 25 -3.7464 150.7715 2009 10 29 -7.3633 148.8102 51 NA
254221 P172220 2009 9 25 -3.7464 150.7715 2009 10 23 -4.113 150.3853 45 45
254233 P171696 2009 9 25 -3.7464 150.7715 2009 10 20 -3.9467 148.5493 44 44
254251 P172509 2009 9 25 -3.7464 150.7715 2009 10 19 -3.8667 150.0565 46 43
254252 P172510 2009 9 25 -3.7464 150.7715 2009 10 22 -3.63 150.286 48 54
254259 P172517 2009 9 25 -3.7464 150.7715 2009 10 22 -3.63 150.2851 48 48
254316 P172519 2009 9 25 -3.446 150.7982 2009 10 22 -3.63 150.285 53 54
254321 P172235 2009 9 25 -3.446 150.7982 2009 10 22 -3.63 150.285 51 46
254387 P172674 2009 9 25 -3.446 150.7982 2009 10 26 -4 150 49 NA
254392 P172679 2009 9 25 -3.446 150.7982 2009 10 22 -3.63 150.285 47 43
254363 P172556 2009 9 25 -3.4255 150.8197 2009 10 15 -3.7566 148.8899 50 55
254408 P172695 2009 9 25 -3.4255 150.8197 2009 10 22 -3.63 150.285 49 46
254425 P172153 2009 9 25 -3.339 150.909 2009 10 22 -3.63 150.285 52 52
254452 P172815 2009 9 25 -3.339 150.909 2009 10 1 -2.4457 145.0967 51 41
254466 P172559 2009 9 25 -3.339 150.909 2009 10 18 -3.6367 149.9801 49 40
254480 P172573 2009 9 25 -3.339 150.909 2009 10 22 -3.63 150.285 50 52
254490 P172583 2009 9 25 -3.339 150.909 2009 10 22 -3.63 150.285 50 47
254607 P172486 2009 9 25 -3.1123 150.8496 2009 10 22 -3.63 150.285 49 46
254651 P172279 2009 9 25 -3.1123 150.8496 2009 10 20 -1.7993 145.5508 51 NA
254689 P172292 2009 9 27 -2.2051 150.7834 2009 10 13 -2.9487 145.8527 42 63
254691 P172294 2009 9 27 -2.2051 150.7834 2009 10 20 -1.7993 145.5508 43 NA
254712 P172193 2009 9 27 -2.2051 150.7834 2009 10 30 -4.4224 148.675 43 42
254756 Z85382 2009 10 1 1.9578 156.0085 2009 10 16 -0.45 158.9433 35 36.3
254769 Z85395 2009 10 1 1.9578 156.0085 2009 10 16 -0.45 158.9433 36 37
254781 P172907 2009 10 1 1.9578 156.0085 2009 10 18 1.2051 159.1992 39 35
254795 P172915 2009 10 1 1.9578 156.0085 2009 10 16 0.8719 158.7346 37 40
254842 P172729 2009 10 1 1.9578 156.0085 2009 10 17 1.1441 158.9763 39 40
254843 P172730 2009 10 1 1.9578 156.0085 2009 10 12 0.1243 159.9758 41 43
254859 P172737 2009 10 1 1.9578 156.0085 2009 10 10 1.4167 156.6627 45 47
254907 P172773 2009 10 1 1.9578 156.0085 2009 10 12 0.3973 158.5607 39 40
254952 Z87201 2009 10 1 1.9578 156.0085 2009 10 16 -0.45 158.9433 34 33
254954 Z87203 2009 10 1 1.9578 156.0085 2009 10 8 2 156 34 35
254959 Z87208 2009 10 1 1.9578 156.0085 2009 10 8 2 156 33 34
254962 Z87211 2009 10 1 1.9578 156.0085 2009 10 8 2 156 35 36
254966 Z87215 2009 10 1 1.9578 156.0085 2009 10 19 1.5667 159.3 36 45
254970 Z87219 2009 10 1 1.9578 156.0085 2009 10 17 1.1441 158.9763 35 39
254975 Z87224 2009 10 1 1.9578 156.0085 2009 10 18 1.2051 159.1992 36 38
254977 Z87226 2009 10 1 1.9578 156.0085 2009 10 22 0.5731 160.0101 36 38
255007 Z87253 2009 10 1 1.9578 156.0085 2009 10 12 0.1247 159.975 34 37
255010 Z87254 2009 10 1 1.9578 156.0085 2009 10 17 1.1441 158.9763 34 36
255017 Z87307 2009 10 1 1.9578 156.0085 2009 10 17 1.1441 158.9763 36 38
255031 Z87315 2009 10 1 1.9578 156.0085 2009 10 17 1.1441 158.9763 37 39
255034 Z87316 2009 10 1 1.9578 156.0085 2009 10 8 2 156 35 37
255050 Z87272 2009 10 1 1.9578 156.0085 2009 10 8 2 156 36 37
255055 Z87328 2009 10 1 1.9578 156.0085 2009 10 16 -0.45 158.9433 36 39.8
255062 Z87332 2009 10 1 1.9578 156.0085 2009 10 16 -0.45 158.9433 36 36.6
255081 P173301 2009 10 1 1.9578 156.0085 2009 10 18 1.1441 158.9763 44 48
255090 Z87357 2009 10 1 1.9578 156.0085 2009 10 16 -0.45 158.9433 35 40
255097 P173309 2009 10 1 1.9578 156.0085 2009 10 17 0.9466 158.8214 40 41
255108 Z86759 2009 10 1 1.9578 156.0085 2009 10 17 1.1441 158.9763 33 36
255109 Z86760 2009 10 1 1.9578 156.0085 2009 10 8 2 156 34 36
255114 Z86765 2009 10 1 1.9578 156.0085 2009 10 25 0.304 160.7233 36 40
255116 Z86766 2009 10 1 1.9578 156.0085 2009 10 8 2 156 34 37
255119 Z86769 2009 10 1 1.9578 156.0085 2009 10 8 2 156 36 37
255130 Z86774 2009 10 1 1.9578 156.0085 2009 10 13 0.1973 159.9613 33 31
255131 Z86939 2009 10 1 1.9578 156.0085 2009 10 16 -0.45 158.9433 37 39
255142 Z86945 2009 10 1 1.9578 156.0085 2009 10 29 2.7253 162.1959 37 43
255154 Z86951 2009 10 1 1.9578 156.0085 2009 10 13 0.1973 159.9613 37 39
255164 Z86786 2009 10 1 1.9578 156.0085 2009 10 8 2 156 33 34
255196 Z86797 2009 10 1 1.9578 156.0085 2009 10 17 1.1441 158.9763 36 36
255200 Z86971 2009 10 1 1.9578 156.0085 2009 10 17 1.1441 158.9763 38 40
255203 Z86798 2009 10 1 1.9578 156.0085 2009 10 17 0.9466 158.8214 36 38
255226 P173135 2009 10 1 1.9578 156.0085 2009 10 8 1.9568 156.009 56 55
255243 Z86991 2009 10 1 1.9578 156.0085 2009 10 8 2 156 38 39
255247 Z87115 2009 10 1 1.9578 156.0085 2009 10 16 -0.45 158.9433 36 40.5
255249 P173146 2009 10 1 1.9578 156.0085 2009 10 8 2 156 40 42
255282 Z87133 2009 10 1 1.9578 156.0085 2009 10 17 1.1441 158.9763 35 40
255295 Z87142 2009 10 1 1.9578 156.0085 2009 10 17 1.1441 158.9763 34 36
255302 Z87145 2009 10 1 1.9578 156.0085 2009 10 16 -0.4538 158.9558 34 36.9
255307 Z87148 2009 10 1 1.9578 156.0085 2009 10 8 2 156 32 35
255316 P173169 2009 10 1 1.9578 156.0085 2009 10 18 1.2051 159.1992 42 45
255321 P173173 2009 10 1 1.9578 156.0085 2009 10 18 1.2051 159.1992 40 35
255332 Z87158 2009 10 1 1.9578 156.0085 2009 10 17 0.9466 158.8214 37 44
255337 Z87501 2009 10 1 1.9578 156.0085 2009 10 26 -0.4407 161.9053 35 40
255344 P173185 2009 10 1 1.9578 156.0085 2009 10 17 1.1441 158.9763 38 39
255350 Z87165 2009 10 1 1.9578 156.0085 2009 10 17 1.1441 158.9763 34 36
255355 P173190 2009 10 1 1.9578 156.0085 2009 10 26 1.2167 161.6833 39 43
255364 P173194 2009 10 1 1.9578 156.0085 2009 10 10 1.4167 156.6627 40 40.7
255365 Z87173 2009 10 1 1.9578 156.0085 2009 10 16 -0.45 158.9433 35 37
255369 Z87175 2009 10 1 1.9578 156.0085 2009 10 18 1.2051 159.1992 37 41
255377 Z87508 2009 10 1 1.9578 156.0085 2009 10 8 2 156 37 39
255393 Z87517 2009 10 1 1.9578 156.0085 2009 10 16 -0.45 158.9433 35 36
255398 Z87189 2009 10 1 1.9578 156.0085 2009 10 17 1.1441 158.9763 35 39
255399 Z87190 2009 10 1 1.9578 156.0085 2009 10 8 2 156 34 36
255403 Z87521 2009 10 1 1.9578 156.0085 2009 10 16 -0.45 158.9433 35 37
255423 Z87532 2009 10 1 1.9578 156.0085 2009 10 16 -0.45 158.9433 34 36
255433 Z87542 2009 10 1 1.9578 156.0085 2009 10 17 1.1441 158.9763 36 35
255440 Z87549 2009 10 1 1.9578 156.0085 2009 10 17 1.1441 158.9763 33 37
255443 Z87552 2009 10 1 1.9578 156.0085 2009 10 18 1.2051 159.1992 32 29
255453 Z86876 2009 10 1 1.9578 156.0085 2009 10 17 1.1441 158.9763 33 36
255466 Z87573 2009 10 1 1.9578 156.0085 2009 10 17 1.1441 158.9763 34 36
255471 Z86879 2009 10 1 1.9578 156.0085 2009 10 8 2 156 35 35
255487 Z87581 2009 10 1 1.9578 156.0085 2009 10 15 1.1237 159.0792 35 38
255555 P173049 2009 10 1 1.9578 156.0085 2009 10 15 1.1237 159.0792 43 53
255568 Z87608 2009 10 1 1.9578 156.0085 2009 10 17 1.1441 158.9763 37 41
255576 Z87614 2009 10 1 1.9578 156.0085 2009 10 8 2 156 38 39
255597 P173067 2009 10 1 1.9578 156.0085 2009 10 25 -8.226 157.199 40 59
255599 P173069 2009 10 1 1.9578 156.0085 2009 10 8 2 156 38 40
255602 P173072 2009 10 1 1.9578 156.0085 2009 10 17 0.9466 158.8214 42 48
255603 P173073 2009 10 1 1.9578 156.0085 2009 10 10 1.4167 156.6627 42 44
255621 Z87641 2009 10 1 1.9578 156.0085 2009 10 16 -0.45 158.9433 32 NA
255635 Z87655 2009 10 1 1.9578 156.0085 2009 10 17 1.1441 158.9763 34 40
255639 Z87659 2009 10 1 1.9578 156.0085 2009 10 16 -0.45 158.9433 38 39.6
255661 Z87681 2009 10 1 1.9578 156.0085 2009 10 8 2 156 34 35
255679 P172899 2009 10 1 1.9578 156.0085 2009 10 18 1.2051 159.1992 39 40
255693 P173089 2009 10 1 1.9578 156.0085 2009 10 18 1.629 159.218 41 38
255712 Z86606 2009 10 1 1.9578 156.0085 2009 10 17 0.9466 158.8214 36 40
255716 Z86609 2009 10 1 1.9578 156.0085 2009 10 29 2.7254 162.1959 34 38
255723 Z87402 2009 10 1 1.9578 156.0085 2009 10 8 2 156 36 36
255732 Z87407 2009 10 1 1.9578 156.0085 2009 10 18 1.1441 158.9763 38 40
255736 Z87408 2009 10 1 1.9578 156.0085 2009 10 8 2 156 37 38
255754 Z86630 2009 10 1 1.9578 156.0085 2009 10 16 -0.45 158.9433 34 34.7
255759 Z87421 2009 10 1 1.9578 156.0085 2009 10 8 2 156 36 37
255797 Z86655 2009 10 1 1.9578 156.0085 2009 10 16 -0.4307 158.7527 35 39
255799 Z86656 2009 10 1 1.9578 156.0085 2009 10 27 -0.4407 161.9053 36 41
255808 Z87442 2009 10 1 1.9578 156.0085 2009 10 22 0.5625 160.0327 34 38
255822 Z87450 2009 10 1 1.9578 156.0085 2009 10 22 0.545 160.0374 36 38
255830 Z87456 2009 10 1 1.9578 156.0085 2009 10 12 2.4768 158.1814 35 36
255838 Z86669 2009 10 1 1.9578 156.0085 2009 10 22 0.5401 160.0204 34 38
255840 Z86670 2009 10 1 1.9578 156.0085 2009 10 22 1.1 160.3667 35 38
255843 Z87466 2009 10 1 1.9578 156.0085 2009 10 22 0.5238 160.0387 37 38
255863 Z87478 2009 10 1 1.9578 156.0085 2009 10 18 1.2051 159.1992 35 37
255873 Z87482 2009 10 1 1.9578 156.0085 2009 10 16 -0.45 158.9433 36 37
255877 Z87485 2009 10 1 1.9578 156.0085 2009 10 29 2.4753 162.3313 39 44
255887 Z86691 2009 10 1 1.9578 156.0085 2009 10 8 2 156 36 38
255932 Z87002 2009 10 1 1.9578 156.0085 2009 10 17 1.1441 158.9763 37 38
255943 Z87008 2009 10 1 1.9578 156.0085 2009 10 8 2 156 36 36
255977 Z87743 2009 10 1 1.9578 156.0085 2009 10 22 1.1 160.3667 37 40
255985 Z87747 2009 10 1 1.9578 156.0085 2009 10 17 1.1441 158.9763 38 41
255993 Z87752 2009 10 1 1.9578 156.0085 2009 10 26 -0.4408 161.9053 37 44
256008 Z87757 2009 10 1 1.9578 156.0085 2009 10 16 -0.45 158.9433 37 37.7
256012 Z87048 2009 10 1 1.9578 156.0085 2009 10 17 1.1441 158.9763 37 38
256025 Z87765 2009 10 1 1.9578 156.0085 2009 10 17 1.1441 158.9763 37 39
256031 Z87058 2009 10 1 1.9578 156.0085 2009 10 16 -0.45 158.9433 37 37
256037 Z87063 2009 10 1 1.9578 156.0085 2009 10 17 1.1441 158.9763 35 36
256047 Z87773 2009 10 1 1.9578 156.0085 2009 10 29 0.9307 159.2213 39 43
256048 Z87070 2009 10 1 1.9578 156.0085 2009 10 8 2 156 38 39
256052 Z87775 2009 10 1 1.9578 156.0085 2009 10 17 1.1441 158.9763 38 38
256077 Z87094 2009 10 1 1.9578 156.0085 2009 10 17 1.1441 158.9763 38 39
256142 Z86677 2009 10 1 1.9578 156.0085 2009 10 17 1.1441 158.9763 34 39
256088 P173316 2009 10 1 2.4867 156.0054 2009 10 12 2.4768 158.1814 40 45
256099 P173202 2009 10 1 2.4867 156.0054 2009 10 28 -0.7312 161.8354 50 54
256104 P173207 2009 10 1 2.4867 156.0054 2009 10 18 1.2051 159.1992 42 34
256115 Z87279 2009 10 1 2.4867 156.0054 2009 10 17 0.9466 158.8214 35 36
256121 Z87366 2009 10 1 2.4867 156.0054 2009 10 8 2 156 48 38
257372 P173870 2009 10 8 1.9568 156.0102 2009 10 16 -0.45 158.9433 40 42
257443 Z88430 2009 10 8 1.9568 156.0102 2009 10 30 0.5667 161.25 36 37
257508 Z88399 2009 10 8 1.9568 156.0102 2009 10 16 -0.45 158.9433 38 41.7
257521 P173765 2009 10 8 1.9568 156.0102 2009 10 24 0.45 157.0667 40 43.7
257566 P173792 2009 10 8 1.9568 156.0102 2009 10 16 -0.45 158.9433 45 47.7
257591 Z88845 2009 10 8 1.9568 156.0102 2009 10 16 -0.45 158.9433 34 37.6
257606 Z88859 2009 10 8 1.9568 156.0102 2009 10 16 -0.45 158.9433 35 38
257713 P174147 2009 10 8 1.9568 156.0102 2009 10 16 -0.45 158.9433 39 40
257803 P174294 2009 10 8 1.9568 156.0102 2009 10 16 -0.45 158.9433 37 40
257834 P174325 2009 10 8 1.9568 156.0102 2009 10 17 1.1441 158.9763 39 39
257886 Z88551 2009 10 8 1.9568 156.0102 2009 10 26 -0.4407 161.9053 37 34
257916 Z88661 2009 10 8 1.9568 156.0102 2009 10 16 -0.6167 158.7667 35 37
257941 Z88674 2009 10 8 1.9568 156.0102 2009 10 8 2 156 35 37
257992 P173665 2009 10 8 1.9568 156.0102 2009 10 13 3.0807 157.9542 44 49
257996 P173669 2009 10 8 1.9568 156.0102 2009 10 16 -0.45 158.9433 43 45
258007 P173680 2009 10 8 1.9568 156.0102 2009 10 16 -0.45 158.9433 42 43.9
258034 P173507 2009 10 8 1.9568 156.0102 2009 10 17 1.899 158.915 44 54
258049 P173522 2009 10 8 1.9568 156.0102 2009 10 16 -0.452 158.9473 42 44
258066 P173539 2009 10 8 1.9568 156.0102 2009 10 16 -0.45 158.9433 39 43
258068 P173541 2009 10 8 1.9568 156.0102 2009 10 26 -0.4407 161.9053 38 46
258095 P173568 2009 10 8 1.9568 156.0102 2009 10 16 -0.45 158.9433 39 43.7
258166 P174718 2009 10 9 -0.0108 155.9743 2009 10 24 0.45 157.05 46 46
258177 P174724 2009 10 9 -0.0108 155.9743 2009 10 16 -0.45 158.9433 52 53.4
258206 P174751 2009 10 9 -0.0108 155.9743 2009 10 24 0.45 157.0667 56 56
259098 P174612 2009 10 11 -2.8309 150.6783 2009 10 22 -3.8075 150.2524 54 NA
259260 P175683 2009 10 11 -2.8309 150.6783 2009 10 11 -3.5886 144.6005 51 35
259431 P175821 2009 10 11 -2.8309 150.6783 2009 10 19 -3.8667 150.0565 51 57
