738
id tag_no yr mo day lat lon yr_rec mo_rec day_rec lat_rec lon_rec len_rel len_rec
120 P00059 2006 8 17 -4.2233 151.33 2006 9 22 -4.0309 150.487 51 49
578 P00406 2006 8 20 -3.24 150.8583 2006 9 22 -4.0309 150.487 40 44
795 P00915 2006 8 20 -3.24 150.8583 2006 9 22 -4.0309 150.487 39 46
841 P01177 2006 8 20 -3.24 150.8583 2006 9 10 -4.0671 150.0292 42 44
1271 P00846 2006 8 20 -3.24 150.8583 2006 9 20 -2.65 147.85 45 42.5
1545 P01453 2006 8 21 -2.8114 150.6755 2006 9 4 -4.2632 149.3696 49 50
1614 P01909 2006 8 21 -2.8114 150.6755 2006 9 22 -4.0309 150.487 49 48
1978 P02171 2006 8 25 -2.85 150.6783 2006 9 17 -2.8667 148.45 49 49
2150 P01504 2006 8 26 -3.2408 150.8917 2006 9 23 -3.8851 150.6263 44 45
2174 P01528 2006 8 26 -3.2405 150.889 2006 9 11 -4.0631 150.0115 42 44
2183 P01537 2006 8 26 -3.2405 150.889 2006 9 11 -4.0631 150.0115 42 41
2383 P01556 2006 8 27 -4.4791 150.0667 2006 9 11 -4.0631 150.0115 42 47
2400 P01573 2006 8 27 -4.4791 150.0667 2006 9 2 -4.4883 150.3421 42 49
2596 P02461 2006 8 28 -4.4792 150.0667 2006 9 2 -4.4773 150.3429 41 42
2635 P02915 2006 8 28 -4.4792 150.0667 2006 9 22 -4.0309 150.487 40 44
2670 P02950 2006 8 28 -4.4792 150.0667 2006 9 7 -5.0202 148.6672 51 51
2677 P02957 2006 8 28 -4.4792 150.0667 2006 9 2 -4.4738 150.3374 47 44
2687 P02967 2006 8 28 -4.4792 150.0667 2006 9 2 -4.4707 150.3288 46 47
2730 P02310 2006 8 28 -4.4792 150.0667 2006 9 22 -4.0309 150.487 43 44
2751 P02331 2006 8 28 -4.4792 150.0667 2006 9 22 -4.0309 150.487 44 44
2758 P02338 2006 8 28 -4.4792 150.0667 2006 9 2 -4.4794 150.3233 44 46
2764 P02344 2006 8 28 -4.4792 150.0667 2006 9 11 -2.5729 145.4577 46 44
2771 P02467 2006 8 28 -4.7733 150.4833 2006 9 29 -3.4608 145.9155 49 56.3
2864 P02716 2006 8 29 -4.4783 150.0683 2006 9 20 -3.472 146.5902 47 49
2888 P02740 2006 8 29 -4.4783 150.0683 2006 9 2 -4.439 150.3171 53 46
2916 P02768 2006 8 29 -4.4783 150.0683 2006 9 20 -4.3228 150.4995 41 44
2917 P02769 2006 8 29 -4.4783 150.0683 2006 9 2 -4.4731 150.3199 41 45
2924 P02776 2006 8 29 -4.4783 150.0683 2006 9 23 -3.8868 150.6263 42 40
2931 P02783 2006 8 29 -4.4783 150.0683 2006 9 2 -4.4644 150.3235 41 47
2940 P02791 2006 8 29 -4.4783 150.0683 2006 9 2 -4.4575 150.3192 41 46
2942 P02793 2006 8 29 -4.4783 150.0683 2006 9 11 -4.0631 150.0115 51 47
3002 P03009 2006 8 29 -4.4783 150.0683 2006 9 2 -4.4895 150.3235 45 46
3033 P03026 2006 8 29 -4.4783 150.0683 2006 9 11 -4.0781 150.0379 42 39
3147 P03379 2006 8 29 -4.4783 150.0683 2006 9 2 -4.4568 150.3148 50 44
3178 P02384 2006 8 29 -4.4783 150.0683 2006 9 10 -3.85 148.7333 48 48.2
3384 P02602 2006 8 30 -5.0479 149.6083 2006 9 2 -5.1833 149.2833 42 42
3385 P02603 2006 8 30 -5.0479 149.6083 2006 9 11 -4.0631 150.0115 45 48.5
3389 P03285 2006 8 30 -5.0479 149.6083 2006 9 1 -5.0354 149.5917 46 47
3390 P02606 2006 8 30 -5.0479 149.6083 2006 9 1 -5.0428 149.5794 47 48.5
3391 P03286 2006 8 30 -5.0479 149.6083 2006 9 1 -5.0356 149.5912 41 41
3392 P02607 2006 8 30 -5.0479 149.6083 2006 9 11 -4.0835 150.0525 47 49
3394 P03287 2006 8 30 -5.0479 149.6083 2006 9 1 -5.0302 149.5846 50 50
3395 P03288 2006 8 30 -5.0479 149.6083 2006 9 1 -5.036 149.5898 42 42
3398 P03291 2006 8 30 -5.0479 149.6083 2006 9 1 -5.0373 149.5917 42 42
3401 P03293 2006 8 30 -5.0479 149.6083 2006 9 1 -5.0348 149.59 43 42.5
3403 P03295 2006 8 30 -5.0479 149.6083 2006 9 2 -5.1932 149.3026 47 47
3406 P03051 2006 8 30 -5.0479 149.6083 2006 9 2 -5.1833 149.2833 43 36.8
3408 P03298 2006 8 30 -5.0479 149.6083 2006 9 1 -5.0331 149.5908 47 43
3409 P03299 2006 8 30 -5.0479 149.6083 2006 9 2 -5.1948 149.3041 49 49
3411 P03300 2006 8 30 -5.0479 149.6083 2006 9 1 -5.0367 149.5922 41 41
3416 P03501 2006 8 30 -5.0479 149.6083 2006 9 1 -5.0373 149.5931 42 42.5
3419 P03059 2006 8 30 -5.0479 149.6083 2006 9 2 -5.1833 149.2833 44 44
3421 P03061 2006 8 30 -5.0479 149.6083 2006 9 1 -5.0365 149.5914 41 42
3425 P03064 2006 8 30 -5.0479 149.6083 2006 9 1 -5.0353 149.5901 43 44
3426 P03503 2006 8 30 -5.0479 149.6083 2006 9 1 -5.0359 149.5923 40 40.5
3427 P03065 2006 8 30 -5.0479 149.6083 2006 9 1 -5.0372 149.5911 41 42
3431 P03507 2006 8 30 -5.0479 149.6083 2006 9 5 -5.0068 148.6176 49 49
3432 P03508 2006 8 30 -5.0479 149.6083 2006 9 1 -5.0356 149.5916 49 48
3435 P03510 2006 8 30 -5.0479 149.6083 2006 9 2 -5.1914 149.3012 43 44
3436 P03067 2006 8 30 -5.0479 149.6083 2006 9 1 -5.0343 149.5918 49 49
3438 P03068 2006 8 30 -5.0479 149.6083 2006 9 6 -5.1667 149.0667 50 52
3442 P03513 2006 8 30 -5.0479 149.6083 2006 9 1 -5.0378 149.592 44 44
3443 P03071 2006 8 30 -5.0479 149.6083 2006 9 2 -5.191 149.3115 46 48
3444 P03072 2006 8 30 -5.0479 149.6083 2006 9 1 -5.0362 149.5909 46 46.5
3449 P03517 2006 8 30 -5.0479 149.6083 2006 9 1 -5.031 149.5927 42 44
3450 P03074 2006 8 30 -5.0479 149.6083 2006 9 1 -5.0355 149.5917 42 42
3451 P03518 2006 8 30 -5.0479 149.6083 2006 9 1 -5.0346 149.5892 44 43.5
3453 P03519 2006 8 30 -5.0479 149.6083 2006 9 2 -5.1948 149.3035 58 59
3456 P03077 2006 8 30 -5.0479 149.6083 2006 9 1 -5.0331 149.5914 47 47.5
3458 P03521 2006 8 30 -5.0479 149.6083 2006 9 1 -5.0348 149.595 47 47
3460 P03523 2006 8 30 -5.0479 149.6083 2006 9 1 -5.0316 149.5927 46 47
3461 P03524 2006 8 30 -5.0479 149.6083 2006 9 2 -5.1955 149.3061 44 44
3470 P03080 2006 8 30 -5.0479 149.6083 2006 9 2 -5.1658 149.6178 50 50
3474 P03534 2006 8 30 -5.0479 149.6083 2006 9 1 -5.0339 149.5908 40 41.8
3475 P03082 2006 8 30 -5.0479 149.6083 2006 9 1 -5.036 149.5897 41 43
3477 P03536 2006 8 30 -5.0479 149.6083 2006 9 1 -5.0326 149.5885 42 41.3
3479 P03537 2006 8 30 -5.0479 149.6083 2006 9 2 -5.1961 149.3023 41 41.5
3480 P03538 2006 8 30 -5.0479 149.6083 2006 9 6 -5.1667 149.0667 41 42.5
3483 P03540 2006 8 30 -5.0479 149.6083 2006 9 1 -5.0345 149.592 51 51.5
3484 P03541 2006 8 30 -5.0479 149.6083 2006 9 2 -5.194 149.3043 51 51.5
3485 P03085 2006 8 30 -5.0479 149.6083 2006 9 1 -5.0349 149.5907 41 41.5
3486 P03542 2006 8 30 -5.0479 149.6083 2006 9 2 -5.194 149.3053 41 42
3487 P03086 2006 8 30 -5.0479 149.6083 2006 9 3 -5.1667 149.6 43 28
3489 P03087 2006 8 30 -5.0479 149.6083 2006 9 1 -5.035 149.592 43 43
3497 P03095 2006 8 30 -5.0479 149.6083 2006 9 11 -4.0631 150.0115 50 50
3503 P02862 2006 8 30 -5.0479 149.6083 2006 9 2 -5.1833 149.2833 43 44
3511 P02870 2006 8 30 -5.0479 149.6083 2006 9 1 -5.0167 149.6 44 42.5
3520 P02879 2006 8 30 -5.0479 149.6083 2006 9 1 -5.0351 149.5906 44 44
3525 P02884 2006 8 30 -5.0479 149.6083 2006 9 2 -5.1833 149.2833 49 40
3530 P02889 2006 8 30 -5.0479 149.6083 2006 9 1 -5.0339 149.5902 39 50
3536 P02895 2006 8 30 -5.0479 149.6083 2006 9 1 -5.0341 149.5925 42 41.5
3538 P02897 2006 8 30 -5.0479 149.6083 2006 9 5 -4.981 148.6335 43 41.5
3539 P02898 2006 8 30 -5.0479 149.6083 2006 9 1 -5.0361 149.5908 41 41
3540 P02899 2006 8 30 -5.0479 149.6083 2006 9 1 -5.0288 149.5907 45 45
3542 P03401 2006 8 30 -5.0479 149.6083 2006 9 2 -5.1974 149.307 43 41
3543 P03402 2006 8 30 -5.0479 149.6083 2006 9 2 -5.1927 149.3019 48 48
3546 P03405 2006 8 30 -5.0479 149.6083 2006 9 2 -5.2007 149.3071 45 44
3547 P03406 2006 8 30 -5.0479 149.6083 2006 9 1 -5.0325 149.5916 35 53
3550 P03409 2006 8 30 -5.0479 149.6083 2006 9 1 -5.0321 149.5905 50 49.5
3551 P03410 2006 8 30 -5.0479 149.6083 2006 9 1 -5.0331 149.5912 45 45
3552 P03411 2006 8 30 -5.0479 149.6083 2006 9 1 -5.0361 149.5921 46 45
3555 P03414 2006 8 30 -5.0479 149.6083 2006 9 2 -5.1939 149.3016 50 43.4
3556 P03415 2006 8 30 -5.0479 149.6083 2006 9 1 -5.0362 149.5922 45 45.5
3561 P03419 2006 8 30 -5.0479 149.6083 2006 9 2 -5.2013 149.3084 48 46
3565 P03423 2006 8 30 -5.0479 149.6083 2006 9 1 -5.0366 149.5923 45 46
3568 P03426 2006 8 30 -5.0479 149.6083 2006 9 1 -5.0361 149.5928 46 46
3569 P03427 2006 8 30 -5.0479 149.6083 2006 9 1 -5.0349 149.5914 42 42.5
3572 P03430 2006 8 30 -5.0479 149.6083 2006 9 1 -5.0382 149.5926 42 42
3573 P03431 2006 8 30 -5.0479 149.6083 2006 9 1 -5.0369 149.5922 41 40.5
3574 P03432 2006 8 30 -5.0479 149.6083 2006 9 1 -5.0367 149.5919 50 47.5
3575 P03433 2006 8 30 -5.0479 149.6083 2006 9 2 -5.1968 149.3026 48 48
3576 P03434 2006 8 30 -5.0479 149.6083 2006 9 1 -5.035 149.5916 46 45
3578 P03436 2006 8 30 -5.0479 149.6083 2006 9 1 -5.034 149.592 44 44
3579 P03437 2006 8 30 -5.0479 149.6083 2006 9 2 -5.1959 149.302 43 42.5
3587 P03445 2006 8 30 -5.0479 149.6083 2006 9 1 -5.0338 149.5898 40 41
3590 P03448 2006 8 30 -5.0479 149.6083 2006 9 1 -5.0357 149.5926 48 48
3593 P03451 2006 8 30 -5.0479 149.6083 2006 9 2 -5.1963 149.3055 36 35
3597 P02612 2006 8 30 -5.2189 149.258 2006 9 2 -5.1932 149.303 41 42.3
3598 P02613 2006 8 30 -5.2189 149.258 2006 9 2 -5.1833 149.2833 41 42
3605 P02620 2006 8 30 -5.2189 149.258 2006 9 2 -5.1935 149.3016 44 45
3606 P02621 2006 8 30 -5.2189 149.258 2006 9 2 -5.1942 149.3013 41 41
3620 P02635 2006 8 30 -5.2189 149.258 2006 9 2 -5.1951 149.3036 42 42
3622 P02637 2006 8 30 -5.2189 149.258 2006 9 7 -5.0202 148.6672 41 43
3623 P02638 2006 8 30 -5.2189 149.258 2006 9 2 -5.1833 149.2833 41 42.5
3639 P02654 2006 8 30 -5.2189 149.258 2006 9 2 -5.1959 149.3026 41 41
3640 P02655 2006 8 30 -5.2189 149.258 2006 9 6 -5.1667 149.0667 40 41.5
3644 P02659 2006 8 30 -5.2189 149.258 2006 9 2 -5.1883 149.3025 36 36
3650 P02665 2006 8 30 -5.2189 149.258 2006 9 2 -5.1833 149.2833 42 42
3656 P02671 2006 8 30 -5.2189 149.258 2006 9 2 -5.1833 149.2833 44 46
3657 P02672 2006 8 30 -5.2189 149.258 2006 9 2 -5.1833 149.2833 43 42.5
3658 P02673 2006 8 30 -5.2189 149.258 2006 9 2 -5.1833 149.2833 42 43.5
3660 P02675 2006 8 30 -5.2189 149.258 2006 9 2 -5.1942 149.3009 43 42.5
3661 P02676 2006 8 30 -5.2189 149.258 2006 9 2 -5.1935 149.2996 41 41.5
3663 P03544 2006 8 30 -5.2189 149.258 2006 9 2 -5.1976 149.3045 41 41.5
3666 P03547 2006 8 30 -5.2189 149.258 2006 9 2 -5.1955 149.3056 41 42
3680 P03561 2006 8 30 -5.2189 149.258 2006 9 2 -5.1962 149.3042 40 39.5
3681 P03562 2006 8 30 -5.2189 149.258 2006 9 2 -5.1833 149.2833 44 45
3684 P03565 2006 8 30 -5.2189 149.258 2006 9 5 -4.9844 148.6321 38 38.8
3689 P03570 2006 8 30 -5.2189 149.258 2006 9 6 -5.1667 149.0667 47 46.5
3697 P03578 2006 8 30 -5.2189 149.258 2006 9 2 -5.1833 149.2833 43 44
3702 P03583 2006 8 30 -5.2189 149.258 2006 9 2 -5.1833 149.2833 42 44
3703 P03584 2006 8 30 -5.2189 149.258 2006 9 2 -5.1833 149.2833 38 38
3705 P03586 2006 8 30 -5.2189 149.258 2006 9 2 -5.1833 149.2833 39 38
3706 P03587 2006 8 30 -5.2189 149.258 2006 9 2 -5.1833 149.2833 42 42
3708 P03589 2006 8 30 -5.2189 149.258 2006 9 6 -5.1667 149.0667 38 38.5
3710 P03591 2006 8 30 -5.2189 149.258 2006 9 2 -5.1833 149.2833 41 41.6
3711 P03592 2006 8 30 -5.2189 149.258 2006 9 2 -5.1833 149.2833 42 41.5
3715 P03596 2006 8 30 -5.2189 149.258 2006 9 2 -5.1833 149.2833 42 43
3716 P03597 2006 8 30 -5.2189 149.258 2006 9 6 -5.1667 149.0667 41 41.5
3723 P03704 2006 8 30 -5.2189 149.258 2006 9 6 -5.1667 149.0667 42 43
3740 P03467 2006 8 30 -5.2189 149.258 2006 9 2 -5.1988 149.307 42 42
3751 P03478 2006 8 30 -5.2189 149.258 2006 9 2 -5.1972 149.3053 42 41
3757 P03484 2006 8 30 -5.2189 149.258 2006 9 1 -5.0318 149.5924 43 45
3761 P03488 2006 8 30 -5.2189 149.258 2006 9 2 -5.1966 149.3041 43 41.5
3763 P03490 2006 8 30 -5.2189 149.258 2006 9 9 -4.2167 149.6833 41 41
3765 P03492 2006 8 30 -5.2189 149.258 2006 9 6 -5.1667 149.0667 42 42
3766 P03493 2006 8 30 -5.2189 149.258 2006 9 2 -5.1954 149.3038 41 42
3770 P02680 2006 8 30 -5.1933 149.0775 2006 9 5 -4.9333 148.6833 40 40
3785 P02695 2006 8 30 -5.1933 149.0775 2006 9 4 -4.9504 148.6697 40 40.5
3787 P02696 2006 8 30 -5.1933 149.0775 2006 9 6 -5.1667 149.0667 41 42
3789 P02698 2006 8 30 -5.1933 149.0775 2006 9 6 -5.1667 149.0667 43 44
3806 P03102 2006 8 30 -5.1933 149.0775 2006 9 2 -5.1951 149.3044 37 38
3815 P03108 2006 8 30 -5.1933 149.0775 2006 9 7 -5.0202 148.6672 40 40
3832 P03708 2006 8 30 -5.1933 149.0775 2006 9 7 -5.0202 148.6672 41 41.5
3836 P03711 2006 8 30 -5.1933 149.0775 2006 9 5 -4.9333 148.6833 46 46
3845 P03718 2006 8 30 -5.1933 149.0775 2006 9 7 -5.0202 148.6672 44 44
3850 P03723 2006 8 30 -5.1933 149.0775 2006 9 6 -5.1667 149.0667 38 39.5
3864 P03737 2006 8 30 -5.1933 149.0775 2006 9 7 -5.0202 148.6672 40 41.5
3868 P03741 2006 8 30 -5.1933 149.0775 2006 9 1 -5.0371 149.5921 49 49
3870 P03743 2006 8 30 -5.1933 149.0775 2006 9 11 -2.0833 142.2333 44 30.5
3880 P03754 2006 8 30 -5.1933 149.0775 2006 9 7 -5.0202 148.6672 42 42.7
3903 P03645 2006 8 31 -5.1925 149.0791 2006 9 7 -5.0202 148.6672 51 51
3942 P03685 2006 8 31 -5.1925 149.0791 2006 9 5 -4.9333 148.6833 42 43
3954 P03697 2006 8 31 -5.1925 149.0791 2006 9 5 -5.0147 148.665 41 41
3979 P03774 2006 8 31 -5.1925 149.0791 2006 9 6 -5.1667 149.0667 50 51
3980 P03775 2006 8 31 -5.1925 149.0791 2006 9 1 -5.0167 149.6 49 48.5
3981 P03776 2006 8 31 -5.1925 149.0791 2006 9 5 -4.9333 148.6833 46 46
3987 P03780 2006 8 31 -5.1925 149.0791 2006 9 6 -5.1667 149.0667 52 53.5
3989 P03782 2006 8 31 -5.1925 149.0791 2006 9 1 -5.0167 149.6 48 49
3997 P03788 2006 8 31 -5.1925 149.0791 2006 9 5 -4.9333 148.6833 50 50
4009 P03797 2006 8 31 -5.1925 149.0791 2006 9 7 -5.0202 148.6672 54 55
4013 P03799 2006 8 31 -5.1925 149.0791 2006 9 5 -4.9333 148.6833 57 57.3
4029 P03808 2006 8 31 -5.1925 149.0791 2006 9 6 -5.1667 149.0667 48 50
4039 P03815 2006 8 31 -5.1925 149.0791 2006 9 2 -5.1833 149.2833 50 51
4051 P03824 2006 8 31 -5.1925 149.0791 2006 9 7 -5.0202 148.6672 50 50
4300 P03114 2006 8 31 -5.1925 149.0791 2006 9 6 -5.1667 149.0667 50 49.5
4307 P03121 2006 8 31 -5.1925 149.0791 2006 9 7 -5.0202 148.6672 44 45.5
4309 P03123 2006 8 31 -5.1925 149.0791 2006 9 2 -5.1953 149.3051 44 43
4312 P03126 2006 8 31 -5.1925 149.0791 2006 9 5 -4.9333 148.6833 49 50
4315 P03129 2006 8 31 -5.1925 149.0791 2006 9 5 -4.9333 148.6833 46 46.5
4316 P03130 2006 8 31 -5.1925 149.0791 2006 9 6 -5.1667 149.0667 41 41.5
4318 P03132 2006 8 31 -5.1925 149.0791 2006 9 6 -5.1667 149.0667 41 41.5
4319 P03133 2006 8 31 -5.1925 149.0791 2006 9 7 -5.0202 148.6672 42 42
4321 P03135 2006 8 31 -5.1925 149.0791 2006 9 6 -5.1667 149.0667 39 40.5
4326 P03140 2006 8 31 -5.1925 149.0791 2006 9 7 -5.0202 148.6672 40 40
3960 P03903 2006 8 31 -5.2567 149.1734 2006 9 6 -5.1667 149.0667 44 45
4005 P03912 2006 8 31 -5.2567 149.1734 2006 9 6 -5.1667 149.0667 49 51
4027 P03921 2006 8 31 -5.2567 149.1734 2006 9 6 -5.1667 149.0667 51 52.5
4044 P03927 2006 8 31 -5.2567 149.1734 2006 9 2 -5.1833 149.2833 44 44
4075 P03931 2006 8 31 -5.2567 149.1734 2006 9 2 -5.1833 149.2833 49 51
4078 P03934 2006 8 31 -5.2567 149.1734 2006 9 2 -5.1833 149.2833 51 53.5
4080 P03936 2006 8 31 -5.2567 149.1734 2006 9 6 -5.1667 149.0667 44 45
4081 P03937 2006 8 31 -5.2567 149.1734 2006 9 6 -5.1667 149.0667 47 56
4082 P03938 2006 8 31 -5.2567 149.1734 2006 9 2 -5.1833 149.2833 46 47
4085 P03941 2006 8 31 -5.2567 149.1734 2006 9 7 -5.0202 148.6672 50 51.8
4090 P03946 2006 8 31 -5.2567 149.1734 2006 9 2 -5.1833 149.2833 47 47
4091 P03947 2006 8 31 -5.2567 149.1734 2006 9 6 -5.1667 149.0667 52 54
4162 P03852 2006 8 31 -5.2567 149.1734 2006 9 1 -5.0167 149.6 49 50.5
4177 P03863 2006 8 31 -5.2567 149.1734 2006 9 1 -5.0167 149.6 49 48.5
4178 P03864 2006 8 31 -5.2567 149.1734 2006 9 6 -5.1667 149.0667 42 44
4179 P03865 2006 8 31 -5.2567 149.1734 2006 9 2 -5.1833 149.2833 50 49.5
4181 P03867 2006 8 31 -5.2567 149.1734 2006 9 6 -5.1667 149.0667 39 40
4184 P03869 2006 8 31 -5.2567 149.1734 2006 9 2 -5.1833 149.2833 50 52
4193 P03875 2006 8 31 -5.2567 149.1734 2006 9 7 -5.0202 148.6672 40 41
4198 P03878 2006 8 31 -5.2567 149.1734 2006 9 5 -4.9333 148.6833 58 48
4201 P03880 2006 8 31 -5.2567 149.1734 2006 9 2 -5.1833 149.2833 49 50
4204 P03883 2006 8 31 -5.2567 149.1734 2006 9 6 -5.1667 149.0667 47 47
4207 P03886 2006 8 31 -5.2567 149.1734 2006 9 2 -5.1833 149.2833 45 45
4212 P03890 2006 8 31 -5.2567 149.1734 2006 9 7 -5.0202 148.6672 46 47.8
4228 P04205 2006 8 31 -5.2567 149.1734 2006 9 2 -5.1833 149.2833 50 40
4233 P04210 2006 8 31 -5.2567 149.1734 2006 9 2 -5.1833 149.2833 42 43
4234 P04211 2006 8 31 -5.2567 149.1734 2006 9 6 -5.1667 149.0667 45 44
4235 P04212 2006 8 31 -5.2567 149.1734 2006 9 2 -5.1833 149.2833 48 47.5
4334 P03147 2006 8 31 -5.2567 149.1734 2006 9 2 -5.1884 149.2998 44 43
4338 P03151 2006 8 31 -5.2567 149.1734 2006 9 18 -4.292 149.3542 42 47
4345 P03158 2006 8 31 -5.2567 149.1734 2006 9 6 -5.1667 149.0667 58 48
4347 P03160 2006 8 31 -5.2567 149.1734 2006 9 6 -5.1667 149.0667 50 51.5
4350 P03163 2006 8 31 -5.2567 149.1734 2006 9 2 -5.1833 149.2833 52 52
4351 P03164 2006 8 31 -5.2567 149.1734 2006 9 2 -5.1833 149.2833 51 52
4105 P03961 2006 8 31 -5.2215 149.2615 2006 9 2 -5.1833 149.2833 42 41
4108 P03964 2006 8 31 -5.2215 149.2615 2006 9 2 -5.1833 149.2833 40 41
4109 P03965 2006 8 31 -5.2215 149.2615 2006 9 2 -5.1833 149.2833 43 43.7
4113 P03969 2006 8 31 -5.2215 149.2615 2006 9 2 -5.1833 149.2833 43 45
4114 P03970 2006 8 31 -5.2215 149.2615 2006 9 2 -5.1833 149.2833 38 37.5
4116 P03972 2006 8 31 -5.2215 149.2615 2006 9 20 -3.4905 146.5933 39 53
4120 P03976 2006 8 31 -5.2215 149.2615 2006 9 2 -5.1833 149.2833 54 46.3
4123 P03979 2006 8 31 -5.2215 149.2615 2006 9 2 -5.1833 149.2833 52 52.8
4125 P03981 2006 8 31 -5.2215 149.2615 2006 9 2 -5.1833 149.2833 47 49
4126 P03982 2006 8 31 -5.2215 149.2615 2006 9 2 -5.1833 149.2833 50 51.6
4130 P03986 2006 8 31 -5.2215 149.2615 2006 9 6 -5.1667 149.0667 60 61.5
4131 P03987 2006 8 31 -5.2215 149.2615 2006 9 6 -5.1667 149.0667 58 58.5
4137 P03993 2006 8 31 -5.2215 149.2615 2006 9 2 -5.1833 149.2833 42 42.2
4141 P03997 2006 8 31 -5.2215 149.2615 2006 9 2 -5.1833 149.2833 51 50
4151 P04407 2006 8 31 -5.2215 149.2615 2006 9 2 -5.1833 149.2833 51 51
4168 P04412 2006 8 31 -5.2215 149.2615 2006 9 2 -5.1833 149.2833 42 42
4190 P04417 2006 8 31 -5.2215 149.2615 2006 9 1 -5.0167 149.6 47 48
4192 P04418 2006 8 31 -5.2215 149.2615 2006 9 2 -5.1833 149.2833 49 49.6
4237 P04214 2006 8 31 -5.2215 149.2615 2006 9 2 -5.1833 149.2833 42 43
4238 P04215 2006 8 31 -5.2215 149.2615 2006 9 2 -5.1833 149.2833 42 43.3
4239 P04216 2006 8 31 -5.2215 149.2615 2006 9 6 -5.1667 149.0667 46 46
4240 P04217 2006 8 31 -5.2215 149.2615 2006 9 6 -5.1667 149.0667 40 42
4245 P04222 2006 8 31 -5.2215 149.2615 2006 9 2 -5.1833 149.2833 42 43.7
4246 P04223 2006 8 31 -5.2215 149.2615 2006 9 2 -5.1833 149.2833 43 43
4248 P04225 2006 8 31 -5.2215 149.2615 2006 9 2 -5.1833 149.2833 46 45.5
4249 P04226 2006 8 31 -5.2215 149.2615 2006 9 3 -5.1667 149.6 56 56.6
4250 P04227 2006 8 31 -5.2215 149.2615 2006 9 2 -5.1833 149.2833 45 45
4252 P04229 2006 8 31 -5.2215 149.2615 2006 9 2 -5.1833 149.2833 42 41.7
4253 P04230 2006 8 31 -5.2215 149.2615 2006 9 2 -5.1833 149.2833 46 45
4254 P04231 2006 8 31 -5.2215 149.2615 2006 9 2 -5.1833 149.2833 41 43
4255 P04232 2006 8 31 -5.2215 149.2615 2006 9 2 -5.1833 149.2833 50 50
4260 P04237 2006 8 31 -5.2215 149.2615 2006 9 2 -5.1833 149.2833 42 41
4263 P04240 2006 8 31 -5.2215 149.2615 2006 9 2 -5.1833 149.2833 46 46.5
4264 P04241 2006 8 31 -5.2215 149.2615 2006 9 2 -5.1833 149.2833 49 50.5
4266 P04243 2006 8 31 -5.2215 149.2615 2006 9 2 -5.1833 149.2833 51 52
4270 P04247 2006 8 31 -5.2215 149.2615 2006 9 6 -5.1667 149.0667 50 52
4271 P04248 2006 8 31 -5.2215 149.2615 2006 9 2 -5.1915 149.2923 62 66
4274 P04251 2006 8 31 -5.2215 149.2615 2006 9 2 -5.1833 149.2833 54 55
4277 P04254 2006 8 31 -5.2215 149.2615 2006 9 2 -5.1833 149.2833 47 48.5
4281 P04258 2006 8 31 -5.2215 149.2615 2006 9 2 -5.1833 149.2833 48 49
4359 P03172 2006 8 31 -5.2215 149.2615 2006 9 7 -5.0202 148.6672 51 43.5
4360 P03173 2006 8 31 -5.2215 149.2615 2006 9 2 -5.1917 149.3048 40 45
4361 P03174 2006 8 31 -5.2215 149.2615 2006 9 1 -5.0419 149.5798 44 44
4365 P03178 2006 8 31 -5.2215 149.2615 2006 9 2 -5.2258 149.3371 51 52
4369 P03182 2006 8 31 -5.2215 149.2615 2006 9 2 -5.1972 149.3076 41 41
4372 P03185 2006 8 31 -5.2215 149.2615 2006 9 2 -5.195 149.3083 40 40
4373 P03186 2006 8 31 -5.2215 149.2615 2006 9 2 -5.1977 149.304 42 42
4374 P03187 2006 8 31 -5.2215 149.2615 2006 9 2 -5.2074 149.3261 44 46
4377 P03190 2006 8 31 -5.2215 149.2615 2006 9 2 -5.1978 149.3022 39 40
4378 P03191 2006 8 31 -5.2215 149.2615 2006 9 2 -5.2001 149.3016 43 44.5
4383 P03196 2006 8 31 -5.2215 149.2615 2006 9 2 -5.1981 149.3046 40 41
4394 P04007 2006 8 31 -5.2215 149.2615 2006 9 2 -5.1833 149.2833 35 49.5
4395 P04008 2006 8 31 -5.2215 149.2615 2006 9 6 -5.1667 149.0667 36 36.5
4396 P04009 2006 8 31 -5.2215 149.2615 2006 9 2 -5.1833 149.2833 44 44
4398 P04011 2006 8 31 -5.2215 149.2615 2006 9 2 -5.1833 149.2833 43 43.6
4403 P04425 2006 9 2 -5.0521 149.5909 2006 9 3 -5.1667 149.6 46 46
4413 P04427 2006 9 3 -5.1402 148.7723 2006 9 7 -5.0202 148.6672 46 47
4418 P04432 2006 9 3 -5.1402 148.7723 2006 9 7 -5.0202 148.6672 40 39
4421 P04435 2006 9 3 -5.1402 148.7723 2006 9 7 -5.0202 148.6672 42 42
4422 P04436 2006 9 3 -5.1402 148.7723 2006 9 7 -5.0202 148.6672 43 45
4425 P04439 2006 9 3 -5.1402 148.7723 2006 9 7 -5.0202 148.6672 41 42
4431 P04281 2006 9 3 -5.1402 148.7723 2006 9 7 -5.0202 148.6672 37 38
4433 P04283 2006 9 3 -5.1402 148.7723 2006 9 7 -5.0202 148.6672 43 44
4435 P04285 2006 9 3 -5.1402 148.7723 2006 9 7 -5.0202 148.6672 36 37
4440 P04017 2006 9 3 -5.1402 148.7723 2006 9 3 -5.1833 149.2833 42 42.6
4448 P04441 2006 9 3 -4.9441 148.7067 2006 9 5 -4.9333 148.6833 38 40
4449 P04442 2006 9 3 -4.9441 148.7067 2006 9 6 -5.1667 149.0667 41 43
4450 P04443 2006 9 3 -4.9441 148.7067 2006 9 5 -4.9333 148.6833 39 38
4451 P04444 2006 9 3 -4.9441 148.7067 2006 9 5 -5.1486 149.0455 46 47
4453 P04446 2006 9 3 -4.9441 148.7067 2006 9 7 -5.0202 148.6672 40 41
4454 P04447 2006 9 3 -4.9441 148.7067 2006 9 5 -4.9333 148.6833 39 39
4458 P04451 2006 9 3 -4.9441 148.7067 2006 9 6 -5.1667 149.0667 39 40
4460 P04453 2006 9 3 -4.9441 148.7067 2006 9 6 -5.1667 149.0667 40 42
4463 P04456 2006 9 3 -4.9441 148.7067 2006 9 7 -5.0202 148.6672 42 42.5
4465 P04458 2006 9 3 -4.9441 148.7067 2006 9 5 -4.9333 148.6833 43 43
4470 P04463 2006 9 3 -4.9441 148.7067 2006 9 6 -5.1667 149.0667 42 42.5
4494 P04487 2006 9 3 -4.9441 148.7067 2006 9 7 -5.0202 148.6672 41 43
4499 P04492 2006 9 3 -4.9441 148.7067 2006 9 5 -5.143 149.0463 42 41.5
4501 P04494 2006 9 3 -4.9441 148.7067 2006 9 5 -5.1453 149.0472 42 38.7
4503 P04496 2006 9 3 -4.9441 148.7067 2006 9 4 -4.9333 148.6833 41 41
4504 P04497 2006 9 3 -4.9441 148.7067 2006 9 5 -5.1467 149.0503 35 36
4505 P04498 2006 9 3 -4.9441 148.7067 2006 9 5 -4.9333 148.6833 35 35.5
4506 P04499 2006 9 3 -4.9441 148.7067 2006 9 6 -5.1667 149.0667 39 40
4509 P04103 2006 9 3 -4.9441 148.7067 2006 9 7 -5.0202 148.6672 41 42
4518 P04112 2006 9 3 -4.9441 148.7067 2006 9 6 -5.1667 149.0667 43 45
4535 P04129 2006 9 3 -4.9441 148.7067 2006 9 5 -5.1269 149.0314 37 38
4536 P04130 2006 9 3 -4.9441 148.7067 2006 9 7 -5.0202 148.6672 35 46
4537 P04131 2006 9 3 -4.9441 148.7067 2006 9 6 -5.1667 149.0667 41 40
4538 P04132 2006 9 3 -4.9441 148.7067 2006 9 5 -5.142 149.0359 41 43
4550 P04022 2006 9 3 -4.9441 148.7067 2006 9 7 -5.0202 148.6672 38 40
4551 P04023 2006 9 3 -4.9441 148.7067 2006 9 6 -5.1667 149.0667 44 44.5
4552 P04024 2006 9 3 -4.9441 148.7067 2006 9 6 -5.1667 149.0667 38 39.5
4556 P04028 2006 9 3 -4.9441 148.7067 2006 9 5 -4.9333 148.6833 42 41
4565 P04035 2006 9 3 -4.9441 148.7067 2006 9 6 -5.1667 149.0667 42 42
4574 P04308 2006 9 3 -4.9441 148.7067 2006 9 6 -5.1667 149.0667 40 41.5
4587 P04042 2006 9 3 -4.9441 148.7067 2006 9 6 -5.1667 149.0667 42 42.5
4629 P04341 2006 9 3 -4.9441 148.7067 2006 9 5 -4.9333 148.6833 40 41.5
4644 P04290 2006 9 3 -4.9441 148.7067 2006 9 6 -5.1667 149.0667 39 40
4647 P04291 2006 9 3 -4.9441 148.7067 2006 9 6 -5.1667 149.0667 42 43
4650 P04293 2006 9 3 -4.9441 148.7067 2006 9 5 -4.9333 148.6833 39 40.5
4651 P04294 2006 9 3 -4.9441 148.7067 2006 9 6 -5.1667 149.0667 42 43
4652 P04295 2006 9 3 -4.9441 148.7067 2006 9 7 -5.0202 148.6672 42 43
4654 P04297 2006 9 3 -4.9441 148.7067 2006 9 5 -4.9333 148.6833 41 39.8
4656 P04299 2006 9 3 -4.9441 148.7067 2006 9 5 -4.9333 148.6833 43 43
4658 P04300 2006 9 3 -4.9441 148.7067 2006 9 5 -5.1452 149.0469 42 42
4662 P04071 2006 9 3 -4.9441 148.7067 2006 9 7 -5.0202 148.6672 43 43.8
4668 P04077 2006 9 3 -4.9441 148.7067 2006 9 5 -4.9941 148.5199 37 37
4678 P04086 2006 9 3 -4.9441 148.7067 2006 9 5 -4.9333 148.6833 38 38
4700 Z14117 2006 9 3 -4.9441 148.7067 2006 9 5 -4.9333 148.6833 32 32.7
4701 Z14118 2006 9 3 -4.9441 148.7067 2006 9 6 -5.1667 149.0667 34 35
4702 P04096 2006 9 3 -4.9441 148.7067 2006 9 7 -5.0202 148.6672 36 36
4713 Z14128 2006 9 3 -4.9441 148.7067 2006 9 7 -5.0202 148.6672 33 33
4714 P04098 2006 9 3 -4.9441 148.7067 2006 9 6 -5.1667 149.0667 37 36.5
4722 Z14135 2006 9 3 -4.9441 148.7067 2006 9 7 -5.0202 148.6672 33 35
4725 P04100 2006 9 3 -4.9441 148.7067 2006 9 6 -5.1667 149.0667 40 40.5
4732 Z14144 2006 9 3 -4.9441 148.7067 2006 9 6 -5.1667 149.0667 35 36.5
4733 Z14145 2006 9 3 -4.9441 148.7067 2006 9 28 -3.8 149.3 35 48
4749 Z14161 2006 9 3 -4.9441 148.7067 2006 9 3 -5.1833 149.2833 36 37.9
4750 Z14162 2006 9 3 -4.9441 148.7067 2006 9 7 -5.0202 148.6672 36 38
4758 Z14171 2006 9 3 -4.9441 148.7067 2006 9 6 -5.1667 149.0667 34 35
4773 Z14185 2006 9 3 -4.9441 148.7067 2006 9 6 -5.1667 149.0667 34 35
4774 Z14186 2006 9 3 -4.9441 148.7067 2006 9 5 -4.9333 148.6833 33 33
4778 Z14190 2006 9 3 -4.9441 148.7067 2006 9 5 -4.9333 148.6833 34 36
4779 Z14191 2006 9 3 -4.9441 148.7067 2006 9 6 -5.1667 149.0667 34 34.5
4810 P04523 2006 9 3 -4.9441 148.7067 2006 9 6 -5.1667 149.0667 42 43.5
4817 P04530 2006 9 3 -4.9441 148.7067 2006 9 6 -5.1667 149.0667 42 42.5
4827 P04142 2006 9 4 -4.2745 149.3881 2006 9 5 -4.2733 149.3624 41 40
4828 P04143 2006 9 4 -4.2745 149.3881 2006 9 7 -5.0202 148.6672 38 44
4829 P04144 2006 9 4 -4.2745 149.3881 2006 9 5 -4.2733 149.3624 39 39
4831 P04146 2006 9 4 -4.2745 149.3881 2006 9 5 -4.2733 149.3624 38 37
4832 P04147 2006 9 4 -4.2745 149.3881 2006 9 5 -4.2733 149.3624 36 36
4833 P04148 2006 9 4 -4.2745 149.3881 2006 9 5 -4.2733 149.3624 41 42
4837 Z15003 2006 9 4 -4.2745 149.3881 2006 9 5 -4.2733 149.3624 36 36
4839 P04351 2006 9 4 -4.2745 149.3881 2006 9 5 -4.2733 149.3624 41 41
4840 P04352 2006 9 4 -4.2745 149.3881 2006 9 5 -4.2733 149.3624 39 39
4843 P04532 2006 9 4 -4.2745 149.3881 2006 9 5 -4.2733 149.3624 48 46
4844 P04533 2006 9 4 -4.2745 149.3881 2006 9 5 -4.2733 149.3624 43 41
4845 P04534 2006 9 4 -4.2745 149.3881 2006 9 5 -4.2733 149.3624 43 39
4889 P04169 2006 9 5 -3.8459 148.8852 2006 9 27 -3.6352 149.1802 49 50
4894 P04545 2006 9 5 -3.8459 148.8852 2006 9 30 -3.6333 145.65 42 49
5459 Z15122 2006 9 10 -2.331 148.7741 2006 9 27 -2.8667 148.45 37 37
5482 P05311 2006 9 10 -2.331 148.7741 2006 9 13 -1.3117 146.3533 42 48
5492 P05042 2006 9 10 -2.331 148.7741 2006 9 14 -2.3167 148.65 38 35
5500 P05328 2006 9 10 -2.331 148.7741 2006 9 20 -2.65 147.85 39 39
5513 P05335 2006 9 10 -2.331 148.7741 2006 9 16 -2.7333 148.25 43 44
5520 P05341 2006 9 10 -2.331 148.7741 2006 9 30 -3.6333 145.65 42 41
5530 P05350 2006 9 10 -2.331 148.7741 2006 9 20 -2.65 147.85 38 42
5432 P05458 2006 9 10 -2.3491 148.6888 2006 9 20 -2.65 147.85 41 45
5544 P05364 2006 9 10 -2.3491 148.6888 2006 9 29 -3.5667 145.8667 39 39.2
5547 P05366 2006 9 10 -2.3491 148.6888 2006 9 20 -2.65 147.85 41 42
5657 P05374 2006 9 11 -2.3434 148.7872 2006 9 30 -3.6333 145.65 50 50
5671 Z15142 2006 9 11 -2.3434 148.7872 2006 9 20 -2.65 147.85 36 37
5686 Z15158 2006 9 11 -2.3434 148.7872 2006 9 27 -2.8667 148.45 37 38
5738 P05468 2006 9 12 -1.2 146.65 2006 9 17 -1.2018 146.6352 37 37
5740 P05470 2006 9 12 -1.2 146.65 2006 9 13 -1.2833 146.35 52 55.2
5752 P05482 2006 9 12 -1.2 146.65 2006 9 17 -1.2 146.6333 47 47.1
5755 P05485 2006 9 12 -1.2 146.65 2006 9 13 -1.2833 146.35 44 45
5756 P05486 2006 9 12 -1.2 146.65 2006 9 17 -1.2 146.6333 39 53.3
5759 P05489 2006 9 12 -1.2 146.65 2006 9 17 -1.2 146.6333 43 43.5
5765 P05495 2006 9 12 -1.2 146.65 2006 9 17 -1.2 146.6333 45 44.8
5769 P05499 2006 9 12 -1.2 146.65 2006 9 17 -1.2018 146.6352 42 42
5775 P04805 2006 9 12 -1.2 146.65 2006 9 13 -1.3117 146.3533 47 35
5776 P04806 2006 9 12 -1.2 146.65 2006 9 17 -1.2 146.6333 54 54.5
5778 P04808 2006 9 12 -1.2 146.65 2006 9 17 -1.2 146.6333 43 43.5
5781 P04811 2006 9 12 -1.2 146.65 2006 9 13 -1.3117 146.3533 37 48
5789 P04816 2006 9 12 -1.2 146.65 2006 9 17 -1.2 146.6333 48 39.2
5792 P04818 2006 9 12 -1.2 146.65 2006 9 13 -1.3117 146.3533 48 36
5798 P04822 2006 9 12 -1.2 146.65 2006 9 17 -1.2 146.6333 42 47.5
5805 P04825 2006 9 12 -1.2 146.65 2006 9 13 -1.3117 146.3533 40 56
5806 P04826 2006 9 12 -1.2 146.65 2006 9 17 -1.2 146.6333 51 53.3
5809 P04828 2006 9 12 -1.2 146.65 2006 9 13 -1.3117 146.3533 50 48
5815 P04940 2006 9 12 -1.2 146.65 2006 9 17 -1.2018 146.6352 52 51
5822 P04947 2006 9 12 -1.2 146.65 2006 9 13 -1.2833 146.35 45 41
5844 P05382 2006 9 12 -1.2 146.65 2006 9 17 -1.2 146.6333 44 45
5847 P05385 2006 9 12 -1.2 146.65 2006 9 13 -1.2833 146.35 40 40
5848 P05386 2006 9 12 -1.2 146.65 2006 9 17 -1.2 146.6333 46 47.6
5849 P05387 2006 9 12 -1.2 146.65 2006 9 17 -1.2 146.6333 41 43.1
5851 P05389 2006 9 12 -1.2 146.65 2006 9 13 -1.3117 146.3533 50 50
5852 P05390 2006 9 12 -1.2 146.65 2006 9 13 -1.3117 146.3533 52 49
5869 P05601 2006 9 12 -1.2 146.65 2006 9 17 -1.2018 146.6352 50 50
5874 P05603 2006 9 12 -1.2 146.65 2006 9 17 -1.2 146.6333 53 54.1
5881 P05607 2006 9 12 -1.2 146.65 2006 9 13 -1.3117 146.3533 49 50
5884 P05608 2006 9 12 -1.2 146.65 2006 9 17 -1.2 146.6333 50 49.3
5894 P05616 2006 9 12 -1.2 146.65 2006 9 13 -1.2833 146.35 47 47
5899 P05619 2006 9 12 -1.2 146.65 2006 9 17 -1.2 146.6333 38 38.5
5900 P05620 2006 9 12 -1.2 146.65 2006 9 17 -1.2 146.6333 44 44
5903 P05622 2006 9 12 -1.2 146.65 2006 9 17 -1.2018 146.6352 48 47
5905 P05624 2006 9 12 -1.2 146.65 2006 9 17 -1.2 146.6333 47 46.6
5906 P05625 2006 9 12 -1.2 146.65 2006 9 17 -1.2018 146.6352 45 44
5912 P05631 2006 9 12 -1.2 146.65 2006 9 13 -1.3078 146.34 43 41
5913 P05632 2006 9 12 -1.2 146.65 2006 9 13 -1.3117 146.3533 49 57
5914 P05633 2006 9 12 -1.2 146.65 2006 9 13 -1.2833 146.35 45 44.5
5918 P05637 2006 9 12 -1.2 146.65 2006 9 17 -1.2018 146.6352 45 45
5919 P05638 2006 9 12 -1.2 146.65 2006 9 13 -1.3117 146.3533 41 30
5920 P05639 2006 9 12 -1.2 146.65 2006 9 13 -1.2833 146.35 43 45
5923 P05642 2006 9 12 -1.2 146.65 2006 9 17 -1.2 146.6333 44 44.3
5924 P05643 2006 9 12 -1.2 146.65 2006 9 13 -1.2833 146.35 39 41
5928 P05647 2006 9 12 -1.2 146.65 2006 9 17 -1.2 146.6333 44 45.9
5941 P05660 2006 9 12 -1.2 146.65 2006 9 17 -1.2 146.6333 48 49.9
5943 P05662 2006 9 12 -1.2 146.65 2006 9 13 -1.3117 146.3533 42 40
5947 P05666 2006 9 12 -1.2 146.65 2006 9 13 -1.2833 146.35 42 41.5
5948 Z15181 2006 9 12 -1.2 146.65 2006 9 13 -1.2833 146.35 37 38.8
5952 Z15154 2006 9 12 -1.15 146.5 2006 9 17 -1.2 146.6333 35 36.5
5954 Z15184 2006 9 12 -1.15 146.5 2006 9 13 -1.3117 146.3533 33 35
5955 Z15185 2006 9 12 -1.15 146.5 2006 9 13 -1.3117 146.3533 36 37
5956 Z15186 2006 9 12 -1.15 146.5 2006 9 13 -1.3117 146.3533 33 35
5957 Z15187 2006 9 12 -1.15 146.5 2006 9 13 -1.3117 146.3533 37 38
5960 Z15190 2006 9 12 -1.15 146.5 2006 9 13 -1.2833 146.35 36 36.2
5963 Z15193 2006 9 12 -1.15 146.5 2006 9 13 -1.3117 146.3533 33 35
5966 Z15196 2006 9 12 -1.15 146.5 2006 9 13 -1.3117 146.3533 34 35
5971 P04833 2006 9 12 -1.2833 146.3833 2006 9 13 -1.2833 146.35 41 41
5973 P04835 2006 9 12 -1.2833 146.3833 2006 9 13 -1.3117 146.3533 42 43
5974 P04836 2006 9 12 -1.2833 146.3833 2006 9 13 -1.3117 146.3533 43 44
5977 P04839 2006 9 12 -1.2833 146.3833 2006 9 13 -1.3117 146.3533 48 41
5978 P04840 2006 9 12 -1.2833 146.3833 2006 9 20 -1.1918 146.2856 51 51
5979 P04841 2006 9 12 -1.2833 146.3833 2006 9 17 -1.2 146.6333 38 31.5
5981 P04843 2006 9 12 -1.2833 146.3833 2006 9 13 -1.3117 146.3533 51 55
5982 P04844 2006 9 12 -1.2833 146.3833 2006 9 13 -1.3117 146.3533 51 48
5983 P04845 2006 9 12 -1.2833 146.3833 2006 9 13 -1.3117 146.3533 48 43
5984 P04846 2006 9 12 -1.2833 146.3833 2006 9 13 -1.3117 146.3533 48 40
5985 P04847 2006 9 12 -1.2833 146.3833 2006 9 13 -1.3117 146.3533 40 40
5987 P04849 2006 9 12 -1.2833 146.3833 2006 9 13 -1.2833 146.35 52 52.5
5988 P04850 2006 9 12 -1.2833 146.3833 2006 9 13 -1.2833 146.35 52 52.2
5989 P04851 2006 9 12 -1.2833 146.3833 2006 9 13 -1.3117 146.3533 53 42
5990 P04852 2006 9 12 -1.2833 146.3833 2006 9 13 -1.3117 146.3533 51 51
5991 P04853 2006 9 12 -1.2833 146.3833 2006 9 13 -1.2833 146.35 51 52.5
5993 P04855 2006 9 12 -1.2833 146.3833 2006 9 13 -1.2833 146.35 53 53
5996 P04858 2006 9 12 -1.2833 146.3833 2006 9 13 -1.2833 146.35 52 54
5997 P04859 2006 9 12 -1.2833 146.3833 2006 9 13 -1.2833 146.35 52 53.9
5998 P04860 2006 9 12 -1.2833 146.3833 2006 9 13 -1.3117 146.3533 48 54
6000 P04862 2006 9 12 -1.2833 146.3833 2006 9 13 -1.2833 146.35 52 48
6001 P04863 2006 9 12 -1.2833 146.3833 2006 9 13 -1.2833 146.35 51 55
6002 P04864 2006 9 12 -1.2833 146.3833 2006 9 13 -1.3117 146.3533 51 53
6003 P04865 2006 9 12 -1.2833 146.3833 2006 9 13 -1.2833 146.35 52 53.7
6004 P04866 2006 9 12 -1.2833 146.3833 2006 9 13 -1.3117 146.3533 49 50.2
6006 P04868 2006 9 12 -1.2833 146.3833 2006 9 13 -1.3117 146.3533 52 35
6007 P04869 2006 9 12 -1.2833 146.3833 2006 9 13 -1.3117 146.3533 52 54
6008 P04870 2006 9 12 -1.2833 146.3833 2006 9 13 -1.3117 146.3533 50 41
6011 P04873 2006 9 12 -1.2833 146.3833 2006 9 13 -1.3117 146.3533 53 43
6014 P04876 2006 9 12 -1.2833 146.3833 2006 9 13 -1.3117 146.3533 58 60
6016 P04878 2006 9 12 -1.2833 146.3833 2006 9 13 -1.3117 146.3533 49 50.2
6018 P04880 2006 9 12 -1.2833 146.3833 2006 9 13 -1.2833 146.35 42 42
6020 P04882 2006 9 12 -1.2833 146.3833 2006 9 13 -1.3117 146.3533 44 51
6024 P04886 2006 9 12 -1.2833 146.3833 2006 9 13 -1.3117 146.3533 39 42
6025 P04887 2006 9 12 -1.2833 146.3833 2006 9 13 -1.3117 146.3533 53 47
6027 P04889 2006 9 12 -1.2833 146.3833 2006 9 13 -1.3117 146.3533 42 43
6029 P04891 2006 9 12 -1.2833 146.3833 2006 9 13 -1.2833 146.35 53 51.5
6032 P04894 2006 9 12 -1.2833 146.3833 2006 9 13 -1.3117 146.3533 44 44
6035 P04897 2006 9 12 -1.2833 146.3833 2006 9 13 -1.3117 146.3533 43 43
6036 P04898 2006 9 12 -1.2833 146.3833 2006 9 13 -1.2833 146.35 50 50
6038 P05501 2006 9 12 -1.2833 146.3833 2006 9 13 -1.2833 146.35 51 45
6039 P05502 2006 9 12 -1.2833 146.3833 2006 9 13 -1.3117 146.3533 52 52
6041 P05504 2006 9 12 -1.2833 146.3833 2006 9 13 -1.3117 146.3533 51 48
6043 P05506 2006 9 12 -1.2833 146.3833 2006 9 13 -1.3117 146.3533 51 51
6044 P05507 2006 9 12 -1.2833 146.3833 2006 9 13 -1.3117 146.3533 52 52.2
6045 P05508 2006 9 12 -1.2833 146.3833 2006 9 13 -1.3117 146.3533 52 48
6046 P05509 2006 9 12 -1.2833 146.3833 2006 9 13 -1.3117 146.3533 51 51.5
6047 P05510 2006 9 12 -1.2833 146.3833 2006 9 13 -1.3117 146.3533 51 53
6048 P05511 2006 9 12 -1.2833 146.3833 2006 9 13 -1.3117 146.3533 44 44
6050 P05513 2006 9 12 -1.2833 146.3833 2006 9 13 -1.2833 146.35 50 50
6052 P05515 2006 9 12 -1.2833 146.3833 2006 9 13 -1.2833 146.35 51 51
6054 P05517 2006 9 12 -1.2833 146.3833 2006 9 13 -1.3117 146.3533 54 55
6058 P05521 2006 9 12 -1.2833 146.3833 2006 9 13 -1.2833 146.35 48 49
6060 P05523 2006 9 12 -1.2833 146.3833 2006 9 13 -1.3117 146.3533 52 52.6
6061 P05524 2006 9 12 -1.2833 146.3833 2006 9 13 -1.3117 146.3533 51 53
6062 P05525 2006 9 12 -1.2833 146.3833 2006 9 13 -1.3117 146.3533 52 53
6064 P05527 2006 9 12 -1.2833 146.3833 2006 9 13 -1.2833 146.35 42 42
6065 P05528 2006 9 12 -1.2833 146.3833 2006 9 13 -1.3117 146.3533 50 51
6068 P05531 2006 9 12 -1.2833 146.3833 2006 9 17 -1.2 146.6333 50 52
6069 P05532 2006 9 12 -1.2833 146.3833 2006 9 13 -1.3117 146.3533 53 47
6070 P05533 2006 9 12 -1.2833 146.3833 2006 9 13 -1.3117 146.3533 46 48
6072 P05535 2006 9 12 -1.2833 146.3833 2006 9 17 -1.2018 146.6352 52 54
6074 P05537 2006 9 12 -1.2833 146.3833 2006 9 13 -1.2833 146.35 46 45.5
6076 P05539 2006 9 12 -1.2833 146.3833 2006 9 13 -1.3117 146.3533 50 51.5
6077 P05540 2006 9 12 -1.2833 146.3833 2006 9 13 -1.3117 146.3533 44 43.8
6079 P05542 2006 9 12 -1.2833 146.3833 2006 9 13 -1.3117 146.3533 52 53
6080 P05543 2006 9 12 -1.2833 146.3833 2006 9 13 -1.3117 146.3533 51 52
6081 P05544 2006 9 12 -1.2833 146.3833 2006 9 13 -1.3117 146.3533 44 50
6082 P05545 2006 9 12 -1.2833 146.3833 2006 9 13 -1.2833 146.35 45 44.5
6086 P05549 2006 9 12 -1.2833 146.3833 2006 9 13 -1.3117 146.3533 47 48
6087 P05550 2006 9 12 -1.2833 146.3833 2006 9 13 -1.3117 146.3533 52 52
6090 P05553 2006 9 12 -1.2833 146.3833 2006 9 13 -1.2833 146.35 44 44
6091 P05554 2006 9 12 -1.2833 146.3833 2006 9 13 -1.3117 146.3533 50 51
6092 P05555 2006 9 12 -1.2833 146.3833 2006 9 13 -1.2833 146.35 45 46
6094 P05557 2006 9 12 -1.2833 146.3833 2006 9 13 -1.3117 146.3533 45 41
6096 P05559 2006 9 12 -1.2833 146.3833 2006 9 13 -1.3117 146.3533 47 45
6097 P05560 2006 9 12 -1.2833 146.3833 2006 9 13 -1.3117 146.3533 43 32
6098 P05561 2006 9 12 -1.2833 146.3833 2006 9 13 -1.3117 146.3533 46 47.6
6099 P05562 2006 9 12 -1.2833 146.3833 2006 9 13 -1.2833 146.35 53 53.3
6100 P05563 2006 9 12 -1.2833 146.3833 2006 9 17 -1.2 146.6333 50 44
6101 P05564 2006 9 12 -1.2833 146.3833 2006 9 13 -1.2833 146.35 42 43
6103 P05566 2006 9 12 -1.2833 146.3833 2006 9 13 -1.3117 146.3533 51 53
6104 P05567 2006 9 12 -1.2833 146.3833 2006 9 13 -1.3117 146.3533 46 47
6105 P05568 2006 9 12 -1.2833 146.3833 2006 9 13 -1.2833 146.35 44 44.5
6106 P05569 2006 9 12 -1.2833 146.3833 2006 9 13 -1.2833 146.35 51 52.7
6107 P05570 2006 9 12 -1.2833 146.3833 2006 9 13 -1.3117 146.3533 46 49
6110 P05573 2006 9 12 -1.2833 146.3833 2006 9 13 -1.3117 146.3533 50 51
6112 P05575 2006 9 12 -1.2833 146.3833 2006 9 13 -1.3117 146.3533 43 48
6113 P05576 2006 9 12 -1.2833 146.3833 2006 9 13 -1.3117 146.3533 51 52
6114 P05577 2006 9 12 -1.2833 146.3833 2006 9 13 -1.3117 146.3533 51 47
6116 P05579 2006 9 12 -1.2833 146.3833 2006 9 13 -1.3117 146.3533 43 41
6117 P05580 2006 9 12 -1.2833 146.3833 2006 9 13 -1.3117 146.3533 41 48
6118 P05581 2006 9 12 -1.2833 146.3833 2006 9 13 -1.3117 146.3533 42 42.6
6120 P05583 2006 9 12 -1.2833 146.3833 2006 9 13 -1.2833 146.35 40 48
6121 P05584 2006 9 12 -1.2833 146.3833 2006 9 13 -1.3117 146.3533 42 42
6123 P05586 2006 9 12 -1.2833 146.3833 2006 9 13 -1.3117 146.3533 42 42
6125 P05588 2006 9 12 -1.2833 146.3833 2006 9 13 -1.3117 146.3533 42 44
6126 P05589 2006 9 12 -1.2833 146.3833 2006 9 13 -1.2833 146.35 40 39.5
6129 P05592 2006 9 12 -1.2833 146.3833 2006 9 13 -1.2833 146.35 44 44
6131 Z15217 2006 9 12 -1.2833 146.3833 2006 9 13 -1.2833 146.35 37 39
6143 Z15228 2006 9 12 -1.2833 146.3833 2006 9 13 -1.3117 146.3533 36 51
6147 Z15232 2006 9 12 -1.2833 146.3833 2006 9 13 -1.3117 146.3533 35 32
6149 Z15233 2006 9 12 -1.2833 146.3833 2006 9 13 -1.3117 146.3533 37 55
6153 Z14302 2006 9 12 -1.2833 146.3833 2006 9 13 -1.3117 146.3533 34 39.5
6154 Z14303 2006 9 12 -1.2833 146.3833 2006 9 13 -1.3117 146.3533 38 35
6156 Z14304 2006 9 12 -1.2833 146.3833 2006 9 13 -1.3117 146.3533 34 40
6158 Z14305 2006 9 12 -1.2833 146.3833 2006 9 13 -1.2833 146.35 34 34.5
6162 Z14309 2006 9 12 -1.2833 146.3833 2006 9 13 -1.3117 146.3533 34 53
6167 Z14314 2006 9 12 -1.2833 146.3833 2006 9 13 -1.3117 146.3533 34 34
6172 Z14319 2006 9 12 -1.2833 146.3833 2006 9 13 -1.3117 146.3533 36 34.6
6175 Z14321 2006 9 12 -1.2833 146.3833 2006 9 13 -1.3117 146.3533 34 36
6176 Z14322 2006 9 12 -1.2833 146.3833 2006 9 17 -1.2 146.6333 34 34.5
6179 P04971 2006 9 12 -1.2833 146.3833 2006 9 17 -1.2 146.6333 45 44
6183 P04975 2006 9 12 -1.2833 146.3833 2006 9 13 -1.2833 146.35 50 52.3
6186 P04978 2006 9 12 -1.2833 146.3833 2006 9 13 -1.2833 146.35 52 52.5
6187 P04979 2006 9 12 -1.2833 146.3833 2006 9 13 -1.3117 146.3533 48 48
6188 P04980 2006 9 12 -1.2833 146.3833 2006 9 13 -1.3117 146.3533 43 41
6189 P04981 2006 9 12 -1.2833 146.3833 2006 9 13 -1.3117 146.3533 41 49
6190 P04982 2006 9 12 -1.2833 146.3833 2006 9 13 -1.3117 146.3533 51 51
6191 P04983 2006 9 12 -1.2833 146.3833 2006 9 13 -1.3117 146.3533 53 55
6192 P04984 2006 9 12 -1.2833 146.3833 2006 9 17 -1.2018 146.6352 50 53
6200 P04992 2006 9 12 -1.2833 146.3833 2006 9 13 -1.3117 146.3533 60 53
6210 P05201 2006 9 12 -1.2833 146.3833 2006 9 13 -1.2833 146.35 54 53.5
6212 Z14253 2006 9 12 -1.2833 146.3833 2006 9 13 -1.3117 146.3533 35 35
6213 Z14254 2006 9 12 -1.2833 146.3833 2006 9 13 -1.2833 146.35 34 36
6214 Z14255 2006 9 12 -1.2833 146.3833 2006 9 13 -1.2833 146.35 34 35.5
6215 Z14256 2006 9 12 -1.2833 146.3833 2006 9 13 -1.3117 146.3533 33 33
6219 P05202 2006 9 12 -1.2833 146.3833 2006 9 13 -1.2833 146.35 54 53
6222 Z14262 2006 9 12 -1.2833 146.3833 2006 9 13 -1.2833 146.35 33 34.8
6224 P05203 2006 9 12 -1.2833 146.3833 2006 9 13 -1.3117 146.3533 52 51
6225 Z14264 2006 9 12 -1.2833 146.3833 2006 9 13 -1.2833 146.35 32 33
6227 P05204 2006 9 12 -1.2833 146.3833 2006 9 13 -1.3117 146.3533 53 53
6229 P05205 2006 9 12 -1.2833 146.3833 2006 9 13 -1.2833 146.35 51 51
6230 Z14267 2006 9 12 -1.2833 146.3833 2006 9 13 -1.3117 146.3533 37 40
6231 P05206 2006 9 12 -1.2833 146.3833 2006 9 13 -1.3117 146.3533 45 51
6232 P05207 2006 9 12 -1.2833 146.3833 2006 9 13 -1.2833 146.35 52 53.5
6233 Z14268 2006 9 12 -1.2833 146.3833 2006 9 17 -1.2 146.6333 33 34
6234 P05208 2006 9 12 -1.2833 146.3833 2006 9 13 -1.3117 146.3533 48 48.4
6238 Z14271 2006 9 12 -1.2833 146.3833 2006 9 13 -1.2833 146.35 34 34.5
6246 P05212 2006 9 12 -1.2833 146.3833 2006 9 13 -1.3117 146.3533 47 47
6248 P05214 2006 9 12 -1.2833 146.3833 2006 9 13 -1.3117 146.3533 49 49
6250 P05216 2006 9 12 -1.2833 146.3833 2006 9 13 -1.3117 146.3533 48 48.2
6251 P05217 2006 9 12 -1.2833 146.3833 2006 9 13 -1.3117 146.3533 49 38
6252 P05218 2006 9 12 -1.2833 146.3833 2006 9 13 -1.3117 146.3533 51 44
6253 P05219 2006 9 12 -1.2833 146.3833 2006 9 13 -1.3117 146.3533 51 51
6255 P05220 2006 9 12 -1.2833 146.3833 2006 9 13 -1.2833 146.35 39 48.5
6256 P05221 2006 9 12 -1.2833 146.3833 2006 9 13 -1.3117 146.3533 51 51
6257 P05222 2006 9 12 -1.2833 146.3833 2006 9 13 -1.2833 146.35 43 51.5
6260 P05225 2006 9 12 -1.2833 146.3833 2006 9 13 -1.3117 146.3533 41 43
6263 P05228 2006 9 12 -1.2833 146.3833 2006 9 13 -1.3117 146.3533 41 50
6264 P05668 2006 9 12 -1.2833 146.3833 2006 9 13 -1.3117 146.3533 41 53
6265 P05669 2006 9 12 -1.2833 146.3833 2006 9 13 -1.3117 146.3533 44 45
6266 P05670 2006 9 12 -1.2833 146.3833 2006 9 13 -1.3117 146.3533 42 55
6268 P05672 2006 9 12 -1.2833 146.3833 2006 9 13 -1.2833 146.35 41 41
6270 P05674 2006 9 12 -1.2833 146.3833 2006 9 13 -1.2833 146.35 41 41
6271 P05675 2006 9 12 -1.2833 146.3833 2006 9 13 -1.3117 146.3533 39 48
6272 P05676 2006 9 12 -1.2833 146.3833 2006 9 13 -1.2833 146.35 46 46.2
6273 P05677 2006 9 12 -1.2833 146.3833 2006 9 13 -1.2833 146.35 51 50
6276 P05680 2006 9 12 -1.2833 146.3833 2006 9 13 -1.2833 146.35 52 51
6278 P05682 2006 9 12 -1.2833 146.3833 2006 9 13 -1.2833 146.35 51 52.8
6280 P05684 2006 9 12 -1.2833 146.3833 2006 9 13 -1.2833 146.35 53 53.7
6282 P05686 2006 9 12 -1.2833 146.3833 2006 9 13 -1.3117 146.3533 54 53
6283 P05687 2006 9 12 -1.2833 146.3833 2006 9 13 -1.3117 146.3533 54 43
6285 P05689 2006 9 12 -1.2833 146.3833 2006 9 13 -1.2833 146.35 54 55
6286 P05690 2006 9 12 -1.2833 146.3833 2006 9 13 -1.2833 146.35 54 53.5
6290 P05694 2006 9 12 -1.2833 146.3833 2006 9 13 -1.3117 146.3533 53 40
6291 P05695 2006 9 12 -1.2833 146.3833 2006 9 13 -1.3117 146.3533 51 48
6292 P05696 2006 9 12 -1.2833 146.3833 2006 9 13 -1.3117 146.3533 50 49.3
6293 P05697 2006 9 12 -1.2833 146.3833 2006 9 13 -1.3117 146.3533 52 51.8
6294 P05698 2006 9 12 -1.2833 146.3833 2006 9 13 -1.3117 146.3533 53 51
6295 P05699 2006 9 12 -1.2833 146.3833 2006 9 13 -1.3117 146.3533 58 54
6296 P05700 2006 9 12 -1.2833 146.3833 2006 9 17 -1.2018 146.6352 53 54
6298 P05102 2006 9 12 -1.2833 146.3833 2006 9 13 -1.3117 146.3533 53 49
6299 P05103 2006 9 12 -1.2833 146.3833 2006 9 13 -1.3117 146.3533 52 52.8
6300 P05104 2006 9 12 -1.2833 146.3833 2006 9 13 -1.3117 146.3533 53 40
6301 P05105 2006 9 12 -1.2833 146.3833 2006 9 13 -1.3117 146.3533 53 41
6303 P05107 2006 9 12 -1.2833 146.3833 2006 9 13 -1.3117 146.3533 52 42
6305 P05109 2006 9 12 -1.2833 146.3833 2006 9 13 -1.3117 146.3533 61 54
6306 P05110 2006 9 12 -1.2833 146.3833 2006 9 13 -1.3117 146.3533 46 49
6307 P05111 2006 9 12 -1.2833 146.3833 2006 9 13 -1.3117 146.3533 53 40
6310 P05114 2006 9 12 -1.2833 146.3833 2006 9 13 -1.3117 146.3533 52 62
6311 P05115 2006 9 12 -1.2833 146.3833 2006 9 13 -1.2833 146.35 50 52
6312 P05116 2006 9 12 -1.2833 146.3833 2006 9 13 -1.2833 146.35 52 55.1
6313 P05117 2006 9 12 -1.2833 146.3833 2006 9 13 -1.2833 146.35 39 59.5
6314 P05118 2006 9 12 -1.2833 146.3833 2006 9 13 -1.3117 146.3533 52 54
6315 P05119 2006 9 12 -1.2833 146.3833 2006 9 13 -1.3117 146.3533 51 50
6316 P05120 2006 9 12 -1.2833 146.3833 2006 9 13 -1.3117 146.3533 51 51
6317 P05121 2006 9 12 -1.2833 146.3833 2006 9 13 -1.3117 146.3533 52 42
6319 P05123 2006 9 12 -1.2833 146.3833 2006 9 13 -1.2833 146.35 55 55.5
6320 P05124 2006 9 12 -1.2833 146.3833 2006 9 17 -1.2018 146.6352 53 54
6321 P05125 2006 9 12 -1.2833 146.3833 2006 9 13 -1.3117 146.3533 50 54
6322 P05126 2006 9 12 -1.2833 146.3833 2006 9 13 -1.2833 146.35 43 43
6323 P05127 2006 9 12 -1.2833 146.3833 2006 9 13 -1.3117 146.3533 51 53
6325 P05129 2006 9 12 -1.2833 146.3833 2006 9 13 -1.3117 146.3533 61 62
6326 P05130 2006 9 12 -1.2833 146.3833 2006 9 13 -1.3117 146.3533 51 51
6328 P05132 2006 9 12 -1.2833 146.3833 2006 9 13 -1.3117 146.3533 51 49.5
6329 P05133 2006 9 12 -1.2833 146.3833 2006 9 13 -1.3117 146.3533 40 41
6330 P05134 2006 9 12 -1.2833 146.3833 2006 9 13 -1.3117 146.3533 51 53
6331 P05135 2006 9 12 -1.2833 146.3833 2006 9 17 -1.2 146.6333 45 43.9
6332 P05136 2006 9 12 -1.2833 146.3833 2006 9 13 -1.2833 146.35 41 42.4
6333 P05137 2006 9 12 -1.2833 146.3833 2006 9 13 -1.2833 146.35 51 52
6334 P05138 2006 9 12 -1.2833 146.3833 2006 9 13 -1.3117 146.3533 51 52
6335 P05139 2006 9 12 -1.2833 146.3833 2006 9 13 -1.3117 146.3533 52 50
6336 P05140 2006 9 12 -1.2833 146.3833 2006 9 17 -1.2018 146.6352 51 52
6338 P05142 2006 9 12 -1.2833 146.3833 2006 9 13 -1.2833 146.35 55 57.1
6339 P05143 2006 9 12 -1.2833 146.3833 2006 9 13 -1.2833 146.35 50 50.3
6341 P05145 2006 9 12 -1.2833 146.3833 2006 9 13 -1.3117 146.3533 51 49
6342 P05146 2006 9 12 -1.2833 146.3833 2006 9 13 -1.3117 146.3533 51 54
6343 P05147 2006 9 12 -1.2833 146.3833 2006 9 13 -1.2833 146.35 54 53
6345 P05149 2006 9 12 -1.2833 146.3833 2006 9 13 -1.3117 146.3533 47 44
6346 P05150 2006 9 12 -1.2833 146.3833 2006 9 13 -1.3117 146.3533 44 55
6347 P05151 2006 9 12 -1.2833 146.3833 2006 9 13 -1.3117 146.3533 51 50
6348 P05152 2006 9 12 -1.2833 146.3833 2006 9 13 -1.3117 146.3533 51 50
6350 P05154 2006 9 12 -1.2833 146.3833 2006 9 13 -1.2833 146.35 50 51
6351 P05155 2006 9 12 -1.2833 146.3833 2006 9 13 -1.3117 146.3533 53 52
6352 P05156 2006 9 12 -1.2833 146.3833 2006 9 17 -1.2 146.6333 50 51
6353 P05157 2006 9 12 -1.2833 146.3833 2006 9 13 -1.2833 146.35 55 54.5
6354 P05158 2006 9 12 -1.2833 146.3833 2006 9 13 -1.2833 146.35 54 53.5
6355 P05159 2006 9 12 -1.2833 146.3833 2006 9 13 -1.3117 146.3533 47 49
6356 P05160 2006 9 12 -1.2833 146.3833 2006 9 17 -1.2 146.6333 48 53
6357 P05161 2006 9 12 -1.2833 146.3833 2006 9 13 -1.2833 146.35 52 55.2
6358 P05162 2006 9 12 -1.2833 146.3833 2006 9 13 -1.3117 146.3533 47 49
6363 P05167 2006 9 12 -1.2833 146.3833 2006 9 13 -1.3117 146.3533 52 52
6366 P05170 2006 9 12 -1.2833 146.3833 2006 9 17 -1.2 146.6333 51 51.2
6368 P05172 2006 9 12 -1.2833 146.3833 2006 9 13 -1.3117 146.3533 50 51
6370 P05174 2006 9 12 -1.2833 146.3833 2006 9 17 -1.2018 146.6352 54 55
6371 P05175 2006 9 12 -1.2833 146.3833 2006 9 13 -1.2833 146.35 52 53.9
6372 P05176 2006 9 12 -1.2833 146.3833 2006 9 13 -1.2833 146.35 42 42.5
6373 P05177 2006 9 12 -1.2833 146.3833 2006 9 17 -1.2 146.6333 53 53
6374 P05178 2006 9 12 -1.2833 146.3833 2006 9 13 -1.3117 146.3533 54 48
6375 P05179 2006 9 12 -1.2833 146.3833 2006 9 13 -1.2833 146.35 52 52
6376 P05180 2006 9 12 -1.2833 146.3833 2006 9 13 -1.3117 146.3533 54 36
6378 P05182 2006 9 12 -1.2833 146.3833 2006 9 13 -1.3117 146.3533 53 52
6379 P05183 2006 9 12 -1.2833 146.3833 2006 9 13 -1.3117 146.3533 49 50
6381 P05185 2006 9 12 -1.2833 146.3833 2006 9 13 -1.3117 146.3533 47 41
6382 P05186 2006 9 12 -1.2833 146.3833 2006 9 13 -1.2833 146.35 46 46
6384 P05188 2006 9 12 -1.2833 146.3833 2006 9 13 -1.301 146.3533 43 44
6385 P05189 2006 9 12 -1.2833 146.3833 2006 9 13 -1.2833 146.35 45 45
6386 P05190 2006 9 12 -1.2833 146.3833 2006 9 13 -1.3117 146.3533 44 47
6387 P05191 2006 9 12 -1.2833 146.3833 2006 9 13 -1.3117 146.3533 49 51
6389 P05193 2006 9 12 -1.2833 146.3833 2006 9 17 -1.2018 146.6352 52 53
6390 P05194 2006 9 12 -1.2833 146.3833 2006 9 13 -1.2833 146.35 45 45
6393 P05197 2006 9 12 -1.2833 146.3833 2006 9 13 -1.3117 146.3533 52 43
6395 P05199 2006 9 12 -1.2833 146.3833 2006 9 13 -1.2833 146.35 54 53.5
6398 P05801 2006 9 12 -1.2833 146.3833 2006 9 13 -1.3117 146.3533 45 46
6399 P05802 2006 9 12 -1.2833 146.3833 2006 9 13 -1.2833 146.35 51 47.2
6402 P05805 2006 9 12 -1.2833 146.3833 2006 9 13 -1.2833 146.35 45 53.7
6403 P05806 2006 9 12 -1.2833 146.3833 2006 9 13 -1.3117 146.3533 52 48
6404 P05807 2006 9 12 -1.2833 146.3833 2006 9 13 -1.3117 146.3533 46 32
6405 P05808 2006 9 12 -1.2833 146.3833 2006 9 13 -1.2833 146.35 53 53
6406 P05809 2006 9 12 -1.2833 146.3833 2006 9 13 -1.3117 146.3533 42 44
6409 P05812 2006 9 12 -1.2833 146.3833 2006 9 13 -1.3117 146.3533 45 44.5
6411 P05814 2006 9 12 -1.2833 146.3833 2006 9 13 -1.2833 146.35 41 41.3
6412 P05815 2006 9 12 -1.2833 146.3833 2006 9 13 -1.2833 146.35 52 54.6
6413 P05816 2006 9 12 -1.2833 146.3833 2006 9 13 -1.3117 146.3533 49 48
6414 P05817 2006 9 12 -1.2833 146.3833 2006 9 13 -1.2833 146.35 51 51
6415 P05818 2006 9 12 -1.2833 146.3833 2006 9 13 -1.3117 146.3533 42 43
6416 P05819 2006 9 12 -1.2833 146.3833 2006 9 13 -1.2833 146.35 39 43.2
6419 P05822 2006 9 12 -1.2833 146.3833 2006 9 13 -1.3117 146.3533 38 55
6420 P05823 2006 9 12 -1.2833 146.3833 2006 9 13 -1.3117 146.3533 42 48
6421 P05824 2006 9 12 -1.2833 146.3833 2006 9 17 -1.2018 146.6352 42 54
6423 P05826 2006 9 12 -1.2833 146.3833 2006 9 13 -1.3117 146.3533 41 53
6424 P05827 2006 9 12 -1.2833 146.3833 2006 9 13 -1.3117 146.3533 52 53
6425 P05828 2006 9 12 -1.2833 146.3833 2006 9 13 -1.3117 146.3533 43 45
6426 P05829 2006 9 12 -1.2833 146.3833 2006 9 13 -1.3117 146.3533 42 55
6427 P05830 2006 9 12 -1.2833 146.3833 2006 9 13 -1.3117 146.3533 42 50
6428 P05831 2006 9 12 -1.2833 146.3833 2006 9 13 -1.3117 146.3533 40 51
6429 P05832 2006 9 12 -1.2833 146.3833 2006 9 13 -1.3117 146.3533 44 42
6430 P05833 2006 9 12 -1.2833 146.3833 2006 9 13 -1.3117 146.3533 44 48
6660 Z14501 2006 9 15 -1.9685 144.7071 2006 9 25 -0.4828 142.9978 33 35.5
6772 P06022 2006 9 16 -1.157 143.8717 2006 9 29 -3.0492 145.0692 45 45.5
7580 P06089 2006 9 19 -2.6032 145.2596 2006 9 19 -3.1 145.05 58 60
7663 P06331 2006 9 19 -2.6604 145.0855 2006 9 20 -4.3333 146.4167 51 49
8412 P06652 2006 9 21 -3.8372 145.5695 2006 9 26 -3.8517 145.6333 51 52
9092 P07538 2006 9 21 -3.8846 145.6833 2006 9 29 -3.5667 145.8667 56 58
11252 P09103 2006 9 26 -3.73 145.7207 2006 9 26 -3.5667 145.8667 61 63
10290 P09212 2006 9 26 -3.6726 145.6623 2006 9 30 -3.6333 145.65 46 48
10320 P09222 2006 9 26 -3.6941 145.4176 2006 9 30 -3.6333 145.65 48 51.5
10330 P09232 2006 9 26 -3.6941 145.4176 2006 9 30 -3.6333 145.65 49 50
10333 P09235 2006 9 26 -3.6941 145.4176 2006 9 29 -3.4167 145.9667 41 36.7
11120 P08870 2006 9 26 -3.6941 145.4176 2006 9 30 -3.6333 145.65 50 49
11413 P08925 2006 9 26 -3.6941 145.4176 2006 9 30 -3.6333 145.65 44 43.5
11417 P08929 2006 9 26 -3.6941 145.4176 2006 9 30 -3.6333 145.65 43 45
11424 P08936 2006 9 26 -3.6941 145.4176 2006 9 29 -3.4167 145.9667 46 54
11431 P08943 2006 9 26 -3.6941 145.4176 2006 9 29 -3.4167 145.9667 48 47
11433 P08945 2006 9 26 -3.6941 145.4176 2006 9 29 -3.4167 145.9667 43 44
11520 P09431 2006 9 26 -3.6941 145.4176 2006 9 29 -3.4167 145.9667 47 46
11533 P09569 2006 9 26 -3.6941 145.4176 2006 9 30 -3.6333 145.65 49 44
28582 5629 2006 3 31 2 264.67 2006 9 12 -0.68 262.58 38 51
28650 5634 2006 4 3 2 264.67 2006 9 15 1.2 276.95 52 60
28807 5646 2006 4 3 2 264.67 2006 9 18 1 263.6 50 NA
28967 5657 2006 4 3 2 264.67 2006 9 22 0.47 262.43 49 NA
28993 5660 2006 4 3 2 264.67 2006 9 7 -0.67 260.85 51 67
29028 5662 2006 4 3 2 264.67 2006 9 18 5.97 261.25 45 NA
29055 5665 2006 4 3 2 264.67 2006 9 27 3.82 259.18 46 NA
29126 5669 2006 4 3 2 264.67 2006 9 29 0.03 274.47 52 NA
29219 5671 2006 4 3 2 264.67 2006 9 11 -0.72 260.5 52 NA
29356 5679 2006 4 3 2 264.67 2006 9 26 0.28 263.07 0 NA
29378 5683 2006 4 4 2 264.67 2006 9 21 0.83 260.53 53 NA
