881
id tag_no yr mo day lat lon yr_rec mo_rec day_rec lat_rec lon_rec len_rel len_rec
122 P00530 2006 8 17 -4.2233 151.33 2006 10 4 -4.4833 150.0833 49 50
158 P00092 2006 8 17 -4.2233 151.33 2006 10 23 0.0177 144.5822 49 51.9
201 P00206 2006 8 17 -4.1867 151.3217 2006 10 7 -0.8116 151.6443 62 67
471 P00329 2006 8 19 -4.25 151.1767 2006 10 4 -3.2813 146.5309 50 53
609 P00431 2006 8 20 -3.24 150.8583 2006 10 24 -3.1841 149.8746 41 46
686 P00705 2006 8 20 -3.24 150.8583 2006 10 25 -2.7333 143.0167 42 46
769 P01118 2006 8 20 -3.24 150.8583 2006 10 2 -2.6498 142.4519 40 48
1047 P00754 2006 8 20 -3.275 150.945 2006 10 6 -4.3167 150.7667 42 45
1406 P01365 2006 8 21 -2.8114 150.6755 2006 10 1 -3.089 165.079 59 62.2
1454 P01397 2006 8 21 -2.8114 150.6755 2006 10 5 1.6055 152.2492 59 NA
1569 P01468 2006 8 21 -2.8114 150.6755 2006 10 8 1.4833 146.9333 53 60.5
1623 P01917 2006 8 21 -2.8114 150.6755 2006 10 10 -1.7345 145.7513 48 42
1638 P01930 2006 8 21 -2.8114 150.6755 2006 10 6 -3.4333 146.6833 52 53
1773 P01688 2006 8 22 -2.8117 150.6755 2006 10 19 -2.0525 143.5408 55 40
1859 P01990 2006 8 22 -2.8117 150.6755 2006 10 25 0.2641 147.9962 57 56.4
1965 P02158 2006 8 25 -2.8117 150.6755 2006 10 21 -4.525 150.804 44 48
2126 P02186 2006 8 26 -3.2408 150.8917 2006 10 27 -3.6085 148.8859 46 52
2095 P02250 2006 8 26 -3.2405 150.889 2006 10 8 -4.45 150.7667 41 55
2325 Z14011 2006 8 27 -4.6092 150.3367 2006 10 25 -2.7833 142.25 34 47
2455 P02286 2006 8 27 -4.4791 150.0667 2006 10 27 -3.6085 148.8859 47 50
2762 P02342 2006 8 28 -4.4792 150.0667 2006 10 13 -4.3092 150.1172 43 50
2772 P02468 2006 8 28 -4.7733 150.4833 2006 10 1 -4.0021 146.5885 47 50
2868 P02720 2006 8 29 -4.4783 150.0683 2006 10 4 -4.4833 150.0833 41 48
2967 P03208 2006 8 29 -4.4783 150.0683 2006 10 6 -4.3167 150.7667 42 47
3015 P03016 2006 8 29 -4.4783 150.0683 2006 10 6 -4.3167 150.7667 41 47
3072 P03311 2006 8 29 -4.4783 150.0683 2006 10 1 -2.463 141.7617 52 53
3079 P03315 2006 8 29 -4.4783 150.0683 2006 10 4 -4.4833 150.0833 42 45
3143 P02360 2006 8 29 -4.4783 150.0683 2006 10 1 -3.3331 146.0617 40 43
3201 P02396 2006 8 29 -4.4783 150.0683 2006 10 4 -4.4833 150.0833 42 47
3299 P02819 2006 8 29 -4.4783 150.0683 2006 10 6 -4.3167 150.7667 41 47
3402 P03294 2006 8 30 -5.0479 149.6083 2006 10 1 -3.9955 146.5877 50 51
3654 P02669 2006 8 30 -5.2189 149.258 2006 10 14 -2.8667 148.6167 42 55
3943 P03686 2006 8 31 -5.1925 149.0791 2006 10 12 -3.1333 148.6833 50 53
4341 P03154 2006 8 31 -5.2567 149.1734 2006 10 1 -3.9919 146.5875 51 53
4784 Z14194 2006 9 3 -4.9441 148.7067 2006 10 24 -3.1841 149.8746 34 38
4858 P04356 2006 9 4 -4.1746 149.3534 2006 10 3 -3.8317 145.6667 50 50.5
4859 P04357 2006 9 4 -4.1746 149.3534 2006 10 3 -2.3 142.5167 49 50
4866 P04361 2006 9 4 -3.7921 148.8808 2006 10 1 -3.3331 146.0617 53 53
4867 P04362 2006 9 4 -3.7921 148.8808 2006 10 1 -3.3331 146.0617 50 49
4873 P04153 2006 9 5 -3.8459 148.8852 2006 10 21 -2.6498 142.4519 48 48
4878 P04158 2006 9 5 -3.8459 148.8852 2006 10 1 -3.6667 145.4 50 44
4899 P04550 2006 9 5 -3.8459 148.8852 2006 10 8 -3.7 145.7 49 51
4903 P04554 2006 9 5 -3.8459 148.8852 2006 10 1 -3.9939 146.5898 49 49
4907 P04368 2006 9 5 -3.8459 148.8852 2006 10 1 -3.9919 146.5888 47 46
4914 P04375 2006 9 5 -3.8459 148.8852 2006 10 19 -2.3029 141.7166 50 43
4921 P04382 2006 9 5 -3.8459 148.8852 2006 10 1 -3.9886 146.5684 46 47
4932 P04180 2006 9 5 -3.7283 148.9027 2006 10 1 -4.0064 146.5881 41 41
4938 P04185 2006 9 5 -3.7283 148.9027 2006 10 22 -2.6498 142.4519 40 53
5012 Z15037 2006 9 5 -3.7283 148.9027 2006 10 10 -2.2333 142.2667 35 68
5045 P04609 2006 9 5 -3.6704 149.1572 2006 10 20 -4.0038 149.548 37 36
5164 P04735 2006 9 5 -3.6706 149.48 2006 10 1 -3.9865 146.5876 51 42
5186 P05013 2006 9 5 -3.6706 149.48 2006 10 1 -4.0035 146.5866 50 50
5365 P05432 2006 9 10 -2.331 148.7741 2006 10 15 -0.4144 145.8799 39 40
5377 P05444 2006 9 10 -2.331 148.7741 2006 10 4 -4.1833 146.1167 43 45
5415 P04785 2006 9 10 -2.331 148.7741 2006 10 4 -4.1167 147.3333 42 49
5456 Z15119 2006 9 10 -2.331 148.7741 2006 10 27 -3.6085 148.8859 36 48
5483 P05312 2006 9 10 -2.331 148.7741 2006 10 1 -3.6667 145.4 37 34.5
5521 P05342 2006 9 10 -2.331 148.7741 2006 10 30 -2.3667 142.6167 39 38
5582 P05083 2006 9 10 -2.331 148.7741 2006 10 27 -3.6085 148.8859 38 38
5643 Z14235 2006 9 11 -2.3434 148.7872 2006 10 3 -3.8317 145.6667 38 39
5770 P05500 2006 9 12 -1.2 146.65 2006 10 11 -0.4364 143.1234 52 52
5859 P05396 2006 9 12 -1.2 146.65 2006 10 8 -1.771 145.7581 52 55
5864 P05400 2006 9 12 -1.2 146.65 2006 10 11 -0.4369 143.1237 49 52
5889 P05612 2006 9 12 -1.2 146.65 2006 10 1 -1.0939 150.2027 48 53
6040 P05503 2006 9 12 -1.2833 146.3833 2006 10 11 -0.4364 143.1235 52 51
6228 Z14266 2006 9 12 -1.2833 146.3833 2006 10 8 -1.7768 145.7616 33 50
6388 P05192 2006 9 12 -1.2833 146.3833 2006 10 10 1.6 147.1667 52 52
6723 P05964 2006 9 16 -1.157 143.8717 2006 10 25 -2.7833 142.25 51 50
6727 P05968 2006 9 16 -1.157 143.8717 2006 10 10 -2.109 142.4901 53 53
6762 P06012 2006 9 16 -1.157 143.8717 2006 10 9 -2.1818 142.0941 51 53
6774 P06024 2006 9 16 -1.157 143.8717 2006 10 26 -2.95 142.8667 48 50
7186 Z14633 2006 9 19 -2.4839 145.2123 2006 10 27 -3.8333 145.6167 34 41
7215 Z14701 2006 9 19 -2.4839 145.2123 2006 10 3 -3.2667 146.5167 35 35
7348 P06134 2006 9 19 -2.6032 145.2596 2006 10 19 -2.1793 143.3423 50 50
7355 P06141 2006 9 19 -2.6032 145.2596 2006 10 1 -4.0031 146.5919 59 60
7786 P06506 2006 9 19 -2.6032 145.2596 2006 10 1 -3.9891 146.5922 51 50
7788 P06508 2006 9 19 -2.6032 145.2596 2006 10 2 -2.7209 145.0773 51 48
7790 P06510 2006 9 19 -2.6032 145.2596 2006 10 19 -2.0612 143.5443 52 51
7623 P06167 2006 9 19 -2.6604 145.0855 2006 10 10 -3.7667 149.3488 61 53
7628 P06172 2006 9 19 -2.6604 145.0855 2006 10 2 -2.6698 145.5154 53 53
7651 P06195 2006 9 19 -2.6604 145.0855 2006 10 2 -2.7153 145.0766 52 51
7664 P06332 2006 9 19 -2.6604 145.0855 2006 10 19 -2.0552 143.5368 57 52
7687 P06355 2006 9 19 -2.6604 145.0855 2006 10 19 -2.0619 143.5396 54 53
7877 P06515 2006 9 19 -2.6604 145.0855 2006 10 19 -2.6873 144.2011 51 52
7879 P06517 2006 9 19 -2.6604 145.0855 2006 10 2 -2.7195 145.0788 55 54
7706 P06404 2006 9 19 -2.6607 145.085 2006 10 1 -3.3331 146.0617 52 51
7709 P06407 2006 9 19 -2.6607 145.085 2006 10 13 -2.6764 142.6562 49 47
7711 P06409 2006 9 19 -2.6607 145.085 2006 10 2 -2.6698 145.0654 53 52
7716 P06414 2006 9 19 -2.6607 145.085 2006 10 19 -2.0608 143.5442 54 54
7720 P06418 2006 9 19 -2.6607 145.085 2006 10 1 -3.9857 146.5799 50 51
7723 P06421 2006 9 19 -2.6607 145.085 2006 10 2 -2.6698 145.0654 50 49
7731 P06428 2006 9 19 -2.6607 145.085 2006 10 2 -2.6698 145.0654 49 48
7732 P06429 2006 9 19 -2.6607 145.085 2006 10 8 -3.7 145.7 49 52
7950 P06371 2006 9 19 -2.6607 145.085 2006 10 19 -2.0576 143.5438 53 52
7953 P06373 2006 9 19 -2.6607 145.085 2006 10 19 -2.06 143.5419 53 55
7955 P06375 2006 9 19 -2.6607 145.085 2006 10 2 -2.7184 145.0806 55 52
7959 P06378 2006 9 19 -2.6607 145.085 2006 10 2 -2.7166 145.0792 52 50
7963 P06382 2006 9 19 -2.6607 145.085 2006 10 2 -2.6698 145.0654 54 53
7964 P06383 2006 9 19 -2.6607 145.085 2006 10 2 -2.7208 145.0789 55 52
7971 P06390 2006 9 19 -2.6607 145.085 2006 10 19 -2.0606 143.5439 51 51
7988 P06707 2006 9 19 -2.6607 145.085 2006 10 2 -2.6698 145.0654 52 51
7992 P06711 2006 9 19 -2.6607 145.085 2006 10 13 -2.6566 142.2823 50 44
7995 P06714 2006 9 19 -2.6607 145.085 2006 10 2 -2.6698 145.0654 51 50
7996 P06715 2006 9 19 -2.6607 145.085 2006 10 19 -2.0602 143.5434 50 49
7997 P06716 2006 9 19 -2.6607 145.085 2006 10 2 -2.7211 145.0794 52 50
7999 P06718 2006 9 19 -2.6607 145.085 2006 10 2 -2.7203 145.0791 51 49
8001 P06720 2006 9 19 -2.6607 145.085 2006 10 19 -2.0607 143.544 50 49
8004 P06723 2006 9 19 -2.6607 145.085 2006 10 3 -3.5007 146.2699 48 48
8010 P06731 2006 9 19 -2.6607 145.085 2006 10 19 -2.0609 143.5441 51 50
8018 P06739 2006 9 19 -2.6607 145.085 2006 10 19 -2.0608 143.5442 51 38
8025 P06746 2006 9 19 -2.6607 145.085 2006 10 1 -3.977 146.5775 44 44
8041 P06762 2006 9 19 -2.6607 145.085 2006 10 19 -2.061 143.5439 52 51
8128 P06778 2006 9 20 -2.6607 145.085 2006 10 19 -2.0608 143.5443 53 52
8130 P06780 2006 9 20 -2.6607 145.085 2006 10 27 -3.8333 145.6167 48 49
8151 P06564 2006 9 20 -2.6607 145.085 2006 10 19 -2.0601 143.5451 49 48
8152 P06565 2006 9 20 -2.6607 145.085 2006 10 19 -2.0598 143.5439 52 49
8154 P06567 2006 9 20 -2.6607 145.085 2006 10 19 -2.061 143.5422 50 48
8163 P06576 2006 9 20 -2.6607 145.085 2006 10 19 -2.0604 143.5429 39 41
8167 P06467 2006 9 20 -2.6607 145.085 2006 10 25 -2.7833 142.25 50 49
8169 P06469 2006 9 20 -2.6607 145.085 2006 10 2 -2.7214 145.0791 40 38
8180 P06480 2006 9 20 -2.6607 145.085 2006 10 2 -2.6698 145.0654 48 39
8184 P06484 2006 9 20 -2.6607 145.085 2006 10 2 -2.6698 145.0654 50 37
8191 P06491 2006 9 20 -2.6607 145.085 2006 10 19 -2.0601 143.5436 44 41
8215 Z15436 2006 9 20 -2.6607 145.085 2006 10 29 -2.1793 143.3423 38 38
8227 Z15447 2006 9 20 -2.6607 145.085 2006 10 2 -2.6698 145.0654 34 36
8232 Z15452 2006 9 20 -2.6607 145.085 2006 10 29 -2.1793 143.3423 34 35
8257 Z15469 2006 9 20 -2.6607 145.085 2006 10 29 -2.1793 143.3423 33 32
8357 P06497 2006 9 21 -3.8372 145.5695 2006 10 13 -2.1194 142.6166 47 48
8374 P06614 2006 9 21 -3.8372 145.5695 2006 10 19 -2.0606 143.5443 65 65
8377 P06617 2006 9 21 -3.8372 145.5695 2006 10 1 -3.6667 145.4 65 65
8411 P06651 2006 9 21 -3.8372 145.5695 2006 10 1 -3.3331 146.0617 50 51
8420 P06660 2006 9 21 -3.8372 145.5695 2006 10 19 -2.0611 143.5429 47 48
8422 P06662 2006 9 21 -3.8372 145.5695 2006 10 2 -2.6698 145.0654 45 46
8434 P06809 2006 9 21 -3.8372 145.5695 2006 10 3 -3.8317 145.6667 62 61
8451 P06599 2006 9 21 -3.8372 145.5695 2006 10 21 -2.497 142.2176 47 48
8484 P06232 2006 9 21 -3.8372 145.5695 2006 10 23 -2.4717 142.255 42 48
8499 P06247 2006 9 21 -3.8372 145.5695 2006 10 1 -3.3331 146.0617 62 65
8516 P06264 2006 9 21 -3.8372 145.5695 2006 10 28 -2.75 143.5167 45 50.5
8521 P06269 2006 9 21 -3.8372 145.5695 2006 10 4 -3.2813 146.5309 46 49
8524 P06272 2006 9 21 -3.8372 145.5695 2006 10 1 -3.6667 145.4 57 54
8542 P06290 2006 9 21 -3.8372 145.5695 2006 10 9 -1.9617 142.7263 44 45
8707 P06934 2006 9 21 -3.8372 145.5695 2006 10 18 -1.9753 145.057 47 46
8715 P06942 2006 9 21 -3.8372 145.5695 2006 10 9 -1.9617 142.7263 63 63
8739 P06966 2006 9 21 -3.8372 145.5695 2006 10 21 -2.6498 142.4519 44 49
8745 P06972 2006 9 21 -3.8372 145.5695 2006 10 26 -2.4303 142.5158 47 49
8757 P06984 2006 9 21 -3.8372 145.5695 2006 10 1 -3.3331 146.0617 61 56
8790 P06837 2006 9 21 -3.8372 145.5695 2006 10 19 -2.061 143.5444 50 48
8835 P06882 2006 9 21 -3.8372 145.5695 2006 10 1 -3.6667 145.4 47 47
8837 P06884 2006 9 21 -3.8372 145.5695 2006 10 23 -2.4717 142.255 43 45
8842 P06889 2006 9 21 -3.8372 145.5695 2006 10 21 -2.4684 142.2997 49 46
8843 P06890 2006 9 21 -3.8372 145.5695 2006 10 25 -2.5062 141.7395 49 48
8845 P06892 2006 9 21 -3.8372 145.5695 2006 10 26 -2.5883 143.9108 45 49
8853 P06900 2006 9 21 -3.8372 145.5695 2006 10 2 -2.6698 145.0654 51 51
8855 P05701 2006 9 21 -3.8372 145.5695 2006 10 1 -3.6667 145.4 46 45
8860 P05706 2006 9 21 -3.8372 145.5695 2006 10 14 -2.4333 142.7 52 54
8866 P05712 2006 9 21 -3.8372 145.5695 2006 10 26 -1.95 142.8667 67 56
8883 P05729 2006 9 21 -3.8372 145.5695 2006 10 2 -3.8417 145.6067 64 64.5
8896 P05742 2006 9 21 -3.8372 145.5695 2006 10 8 -3.7 145.7 44 45
8914 P05760 2006 9 21 -3.8372 145.5695 2006 10 1 -3.9764 146.5683 50 51
8920 P05766 2006 9 21 -3.8372 145.5695 2006 10 22 -2.6498 142.4519 53 48
8933 P05779 2006 9 21 -3.8372 145.5695 2006 10 19 -2.3029 141.7166 51 45
8938 P05784 2006 9 21 -3.8372 145.5695 2006 10 9 -3.7667 149.3488 56 49
8942 P05788 2006 9 21 -3.8372 145.5695 2006 10 21 -2.497 142.2176 49 50
8960 P07005 2006 9 21 -3.8372 145.5695 2006 10 24 -2.7022 142.032 47 49
8983 P07028 2006 9 21 -3.8372 145.5695 2006 10 2 -2.6698 145.0654 53 52
8988 P07033 2006 9 21 -3.8372 145.5695 2006 10 1 -3.3331 146.0617 57 58
8990 P07035 2006 9 21 -3.8372 145.5695 2006 10 2 -2.6698 145.0654 46 46
9014 P07059 2006 9 21 -3.8372 145.5695 2006 10 22 -2.6498 142.4519 51 50
9015 P07060 2006 9 21 -3.8372 145.5695 2006 10 2 -2.7218 145.0786 45 45
9024 P07069 2006 9 21 -3.8372 145.5695 2006 10 1 -4.0083 146.5696 47 46
8602 P07150 2006 9 21 -3.8846 145.6833 2006 10 1 -3.6667 145.4 50 46
8674 P07221 2006 9 21 -3.8846 145.6833 2006 10 19 -2.0602 143.5444 53 52
8677 P07224 2006 9 21 -3.8846 145.6833 2006 10 1 -3.6667 145.4 58 59
8683 P07230 2006 9 21 -3.8846 145.6833 2006 10 8 -3.7 145.7 48 48
8684 P07231 2006 9 21 -3.8846 145.6833 2006 10 22 -2.6333 142.45 51 48
8693 P07240 2006 9 21 -3.8846 145.6833 2006 10 1 -3.3331 146.0617 59 65
8697 P07244 2006 9 21 -3.8846 145.6833 2006 10 2 -3.8417 145.6067 58 57
9070 P07516 2006 9 21 -3.8846 145.6833 2006 10 1 -3.9921 146.5897 52 52
9095 P07541 2006 9 21 -3.8846 145.6833 2006 10 1 -3.6667 145.4 59 64
9106 P07552 2006 9 21 -3.8846 145.6833 2006 10 3 -3.8317 145.6667 52 53
9109 P07555 2006 9 21 -3.8846 145.6833 2006 10 1 -3.6667 145.4 51 52
9122 P07568 2006 9 21 -3.8846 145.6833 2006 10 2 -3.8417 145.6067 54 52
9402 P07395 2006 9 21 -4.1967 146.1417 2006 10 2 -3.8417 145.6067 54 53.5
9568 P07194 2006 9 21 -4.1967 146.1417 2006 10 4 -4.1833 146.1167 45 46
9652 P07409 2006 9 24 -4.3297 146.4578 2006 10 1 -3.9815 146.5777 62 59
9666 P07423 2006 9 24 -4.3297 146.4578 2006 10 13 -2.6764 142.6562 67 44
9816 Z15909 2006 9 24 -4.1901 146.1436 2006 10 4 -4.1833 146.1167 38 39
9817 Z15910 2006 9 24 -4.1901 146.1436 2006 10 4 -4.1833 146.1167 39 38
9898 P07452 2006 9 25 -4.1976 146.1438 2006 10 4 -4.1833 146.1167 60 61
9922 Z15913 2006 9 25 -4.1976 146.1438 2006 10 4 -4.1833 146.1167 32 33
9929 P08350 2006 9 25 -4.1976 146.1438 2006 10 4 -4.1833 146.1167 45 43
9932 P08353 2006 9 25 -4.1976 146.1438 2006 10 4 -4.1833 146.1167 44 41
9939 P08360 2006 9 25 -4.1976 146.1438 2006 10 4 -4.1833 146.1167 45 47
9940 P08361 2006 9 25 -4.1976 146.1438 2006 10 4 -4.1833 146.1167 42 44
9943 P08364 2006 9 25 -4.1976 146.1438 2006 10 4 -4.1833 146.1167 43 45
9950 P07469 2006 9 26 -3.8517 145.6333 2006 10 23 -2.6667 148.6333 69 47
9974 P07493 2006 9 26 -3.8517 145.6333 2006 10 1 -3.6667 145.4 49 49
10033 P08052 2006 9 26 -3.8517 145.6333 2006 10 1 -3.6667 145.4 38 53
10034 P08053 2006 9 26 -3.8517 145.6333 2006 10 2 -3.8417 145.6067 43 42
10574 P08368 2006 9 26 -3.8517 145.6333 2006 10 2 -3.8333 145.6 50 52
10576 P08370 2006 9 26 -3.8517 145.6333 2006 10 17 -1.35 146.6333 45 53
10657 P08444 2006 9 26 -3.8517 145.6333 2006 10 26 -2.95 142.8667 46 48
10664 P08448 2006 9 26 -3.8517 145.6333 2006 10 2 -3.8417 145.6067 45 45
10716 P08532 2006 9 26 -3.8517 145.6333 2006 10 2 -3.8333 145.6 45 49.5
10720 P08536 2006 9 26 -3.8517 145.6333 2006 10 30 -2.3667 142.6167 49 50
10725 P08541 2006 9 26 -3.8517 145.6333 2006 10 2 -3.8417 145.6067 48 54
10726 P08542 2006 9 26 -3.8517 145.6333 2006 10 19 -2.1793 143.3423 47 45
10727 P08543 2006 9 26 -3.8517 145.6333 2006 10 1 -3.6667 145.4 51 57
10068 P08215 2006 9 26 -3.8356 145.694 2006 10 21 -2.7594 143.5358 48 48
10073 P08220 2006 9 26 -3.8356 145.694 2006 10 2 -3.8333 145.6 47 47
10079 P08226 2006 9 26 -3.8356 145.694 2006 10 22 -2.6498 142.4519 43 48
10084 P08231 2006 9 26 -3.8356 145.694 2006 10 2 -3.8417 145.6067 46 48
10098 P08245 2006 9 26 -3.8356 145.694 2006 10 26 -2.95 142.8667 48 49
10102 P08249 2006 9 26 -3.8356 145.694 2006 10 1 -3.6667 145.4 50 49.5
10103 P08250 2006 9 26 -3.8356 145.694 2006 10 1 -3.6667 145.4 50 50
10107 P08254 2006 9 26 -3.8356 145.694 2006 10 22 -2.6498 142.4519 50 39
10116 P08263 2006 9 26 -3.8356 145.694 2006 10 13 -2.6566 142.2823 43 46
10131 P08278 2006 9 26 -3.8356 145.694 2006 10 3 -3.8317 145.6667 46 46
10133 P08280 2006 9 26 -3.8356 145.694 2006 10 1 -3.6667 145.4 43 44
10135 P08282 2006 9 26 -3.8356 145.694 2006 10 4 -3.6679 147.2159 48 49
10143 P08290 2006 9 26 -3.8356 145.694 2006 10 1 -3.6667 145.4 50 50
10144 P08291 2006 9 26 -3.8356 145.694 2006 10 25 -3.0333 148.6333 58 58
10149 P08296 2006 9 26 -3.8356 145.694 2006 10 19 -2.3029 141.7166 48 45
10155 P08064 2006 9 26 -3.8356 145.694 2006 10 13 -2.6566 142.2823 44 45
10165 P08074 2006 9 26 -3.8356 145.694 2006 10 1 -3.6667 145.4 47 48
10176 P08085 2006 9 26 -3.8356 145.694 2006 10 26 -2.95 142.8667 49 52
10187 P08096 2006 9 26 -3.8356 145.694 2006 10 3 -3.8317 145.6667 51 54
10193 P08602 2006 9 26 -3.8356 145.694 2006 10 3 -3.8317 145.6667 48 51
10195 P08604 2006 9 26 -3.8356 145.694 2006 10 19 -2.6873 144.2011 51 55
10200 P08609 2006 9 26 -3.8356 145.694 2006 10 13 -2.6566 142.2823 51 38
10201 P08610 2006 9 26 -3.8356 145.694 2006 10 2 -3.8333 145.6 49 44.5
10203 P08612 2006 9 26 -3.8356 145.694 2006 10 24 -2.7022 142.032 44 48.5
10209 P08617 2006 9 26 -3.8356 145.694 2006 10 22 -2.6333 142.45 51 48
10212 P08620 2006 9 26 -3.8356 145.694 2006 10 2 -3.8417 145.6067 51 51
10645 P08467 2006 9 26 -3.8356 145.694 2006 10 25 -2.7989 142.2664 45 55
10749 P08485 2006 9 26 -3.8356 145.694 2006 10 1 -3.6667 145.4 44 45
10763 P08493 2006 9 26 -3.8356 145.694 2006 10 24 -2.7022 142.032 46 48.5
10766 P08495 2006 9 26 -3.8356 145.694 2006 10 8 -3.7 145.7 61 59
10772 P08499 2006 9 26 -3.8356 145.694 2006 10 1 -3.6667 145.4 58 49
10773 P08500 2006 9 26 -3.8356 145.694 2006 10 2 -3.8417 145.6067 60 60
10783 P08576 2006 9 26 -3.8356 145.694 2006 10 24 -2.7022 142.032 45 48
10784 P08577 2006 9 26 -3.8356 145.694 2006 10 3 -3.8317 145.6667 49 49
10790 P08583 2006 9 26 -3.8356 145.694 2006 10 25 -2.5062 141.7395 53 53
10802 P08105 2006 9 26 -3.8356 145.694 2006 10 1 -3.6667 145.4 60 61
10804 P08106 2006 9 26 -3.8356 145.694 2006 10 8 -3.7 145.7 62 63
10809 P08595 2006 9 26 -3.8356 145.694 2006 10 1 -3.6667 145.4 45 47
10818 P08703 2006 9 26 -3.8356 145.694 2006 10 3 -3.8317 145.6667 44 45
10845 P08717 2006 9 26 -3.8356 145.694 2006 10 2 -3.8417 145.6067 47 45
10847 P08124 2006 9 26 -3.8356 145.694 2006 10 26 -1.95 142.8667 48 51
10849 P08125 2006 9 26 -3.8356 145.694 2006 10 3 -3.8317 145.6667 51 52
10868 P08136 2006 9 26 -3.8356 145.694 2006 10 2 -3.8417 145.6067 47 48
10887 P08149 2006 9 26 -3.8356 145.694 2006 10 1 -3.6667 145.4 50 38
10906 P08740 2006 9 26 -3.8356 145.694 2006 10 25 -2.7833 142.25 46 48.5
10919 P08171 2006 9 26 -3.8356 145.694 2006 10 3 -3.8317 145.6667 46 45.5
10921 P08173 2006 9 26 -3.8356 145.694 2006 10 21 -2.4684 142.2997 52 45
10970 P08183 2006 9 26 -3.8356 145.694 2006 10 1 -3.6667 145.4 46 43
10976 P08186 2006 9 26 -3.8356 145.694 2006 10 3 -3.8317 145.6667 45 46
10982 P08190 2006 9 26 -3.8356 145.694 2006 10 1 -3.6667 145.4 46 47
10992 P08197 2006 9 26 -3.8356 145.694 2006 10 2 -3.8417 145.6067 45 44.5
10998 P08200 2006 9 26 -3.8356 145.694 2006 10 2 -3.8417 145.6067 51 51.5
11015 P07802 2006 9 26 -3.8356 145.694 2006 10 2 -3.8417 145.6067 62 62
11018 P07804 2006 9 26 -3.8356 145.694 2006 10 17 -1.35 146.6333 52 53
11025 P07808 2006 9 26 -3.8356 145.694 2006 10 26 -2.5883 143.9108 53 53
11042 P07817 2006 9 26 -3.8356 145.694 2006 10 3 -3.8317 145.6667 50 51
11065 P07829 2006 9 26 -3.8356 145.694 2006 10 2 -3.8417 145.6067 45 47
10229 P08634 2006 9 26 -3.73 145.7207 2006 10 8 -2.1397 142.974 44 44
10232 P08636 2006 9 26 -3.73 145.7207 2006 10 1 -3.6667 145.4 49 47
10239 P08643 2006 9 26 -3.73 145.7207 2006 10 1 -4.0011 146.5899 45 45
10245 P08649 2006 9 26 -3.73 145.7207 2006 10 1 -4.0046 146.5902 44 42
10267 P08665 2006 9 26 -3.73 145.7207 2006 10 8 -3.7 145.7 57 56
10277 P08671 2006 9 26 -3.73 145.7207 2006 10 1 -3.6667 145.4 51 52
10288 P08679 2006 9 26 -3.73 145.7207 2006 10 25 -3.0333 148.6333 56 53
10306 P08689 2006 9 26 -3.73 145.7207 2006 10 8 -3.7 145.7 55 53
10313 P08696 2006 9 26 -3.73 145.7207 2006 10 1 -3.3331 146.0617 54 52
10314 P08697 2006 9 26 -3.73 145.7207 2006 10 8 -3.7 145.7 55 57
10337 P09001 2006 9 26 -3.73 145.7207 2006 10 8 -3.7 145.7 57 58
10350 P09005 2006 9 26 -3.73 145.7207 2006 10 8 -3.7 145.7 60 59
10356 P09010 2006 9 26 -3.73 145.7207 2006 10 8 -3.7 145.7 50 50
10364 P09016 2006 9 26 -3.73 145.7207 2006 10 3 -3.5007 146.2699 53 64
10383 P09030 2006 9 26 -3.73 145.7207 2006 10 8 -3.7 145.7 65 68
10389 P09034 2006 9 26 -3.73 145.7207 2006 10 8 -3.7 145.7 58 61
10412 P09050 2006 9 26 -3.73 145.7207 2006 10 8 -3.7 145.7 58 57
10425 P09054 2006 9 26 -3.73 145.7207 2006 10 8 -3.7 145.7 50 66
10428 P09055 2006 9 26 -3.73 145.7207 2006 10 8 -3.7 145.7 55 64
10458 P09072 2006 9 26 -3.73 145.7207 2006 10 2 -3.8333 145.6067 50 50
10463 P09075 2006 9 26 -3.73 145.7207 2006 10 1 -3.9892 146.5753 51 51
10467 P09078 2006 9 26 -3.73 145.7207 2006 10 1 -3.3331 146.0617 52 53
10493 P09092 2006 9 26 -3.73 145.7207 2006 10 8 -3.7 145.7 51 52
10500 P09098 2006 9 26 -3.73 145.7207 2006 10 8 -3.7 145.7 70 73
10501 P09099 2006 9 26 -3.73 145.7207 2006 10 8 -3.7 145.7 62 60
10928 P08743 2006 9 26 -3.73 145.7207 2006 10 8 -3.7 145.7 55 57
10933 P08748 2006 9 26 -3.73 145.7207 2006 10 1 -3.3331 146.0617 48 48
10946 P08761 2006 9 26 -3.73 145.7207 2006 10 8 -3.7 145.7 64 64
10948 P08763 2006 9 26 -3.73 145.7207 2006 10 1 -3.3331 146.0617 64 56
10953 P08767 2006 9 26 -3.73 145.7207 2006 10 3 -3.8317 145.6667 53 52
10955 P08769 2006 9 26 -3.73 145.7207 2006 10 8 -3.7 145.7 61 63
10958 P08771 2006 9 26 -3.73 145.7207 2006 10 1 -3.6667 145.4 52 61
10961 P08773 2006 9 26 -3.73 145.7207 2006 10 8 -3.7 145.7 58 60
10962 P08774 2006 9 26 -3.73 145.7207 2006 10 8 -3.7 145.7 60 62
10973 P08778 2006 9 26 -3.73 145.7207 2006 10 8 -3.7 145.7 59 60
10995 P08786 2006 9 26 -3.73 145.7207 2006 10 8 -3.7 145.7 54 56
11028 P08807 2006 9 26 -3.73 145.7207 2006 10 1 -3.6667 145.4 54 55
11056 P08820 2006 9 26 -3.73 145.7207 2006 10 8 -3.7 145.7 55 64
11069 P08827 2006 9 26 -3.73 145.7207 2006 10 8 -3.7 145.7 61 52
11075 P08833 2006 9 26 -3.73 145.7207 2006 10 8 -3.7 145.7 62 64
11148 P07835 2006 9 26 -3.73 145.7207 2006 10 1 -3.6667 145.4 53 54
11163 P07844 2006 9 26 -3.73 145.7207 2006 10 1 -3.6667 145.4 50 52
11177 P07853 2006 9 26 -3.73 145.7207 2006 10 1 -3.9716 146.5674 41 42
11178 P07854 2006 9 26 -3.73 145.7207 2006 10 8 -3.7 145.7 57 59
11188 P07860 2006 9 26 -3.73 145.7207 2006 10 8 -3.7 145.7 58 49
11189 P07861 2006 9 26 -3.73 145.7207 2006 10 1 -3.6667 145.4 50 50
11201 P07873 2006 9 26 -3.73 145.7207 2006 10 1 -3.6667 145.4 53 49
11207 P07878 2006 9 26 -3.73 145.7207 2006 10 8 -3.7 145.7 55 55
11210 P07881 2006 9 26 -3.73 145.7207 2006 10 8 -3.7 145.7 55 57
11234 P07896 2006 9 26 -3.73 145.7207 2006 10 8 -3.7 145.7 56 58
11254 P09104 2006 9 26 -3.73 145.7207 2006 10 8 -3.7 145.7 56 57
11269 P09111 2006 9 26 -3.73 145.7207 2006 10 8 -3.7 145.7 61 63
11275 P09115 2006 9 26 -3.73 145.7207 2006 10 1 -3.6667 145.4 54 54
11284 P09116 2006 9 26 -3.73 145.7207 2006 10 2 -3.8417 145.6067 52 50
11329 P09142 2006 9 26 -3.73 145.7207 2006 10 8 -3.7 145.7 62 61
11334 P09147 2006 9 26 -3.73 145.7207 2006 10 8 -3.7 145.7 59 62
11336 P09149 2006 9 26 -3.73 145.7207 2006 10 8 -3.7 145.7 64 62
11344 P09157 2006 9 26 -3.73 145.7207 2006 10 1 -3.6667 145.4 54 54
11346 P09159 2006 9 26 -3.73 145.7207 2006 10 8 -3.7 145.7 61 51
11348 P09161 2006 9 26 -3.73 145.7207 2006 10 1 -3.6667 145.4 53 53
11350 P09163 2006 9 26 -3.73 145.7207 2006 10 8 -3.7 145.7 57 61
11356 P09169 2006 9 26 -3.73 145.7207 2006 10 8 -3.7 145.7 69 70
11367 P09180 2006 9 26 -3.73 145.7207 2006 10 8 -3.7 145.7 51 53
11372 P09184 2006 9 26 -3.73 145.7207 2006 10 30 -3.9 147.1333 58 57
11387 P09199 2006 9 26 -3.73 145.7207 2006 10 1 -3.3331 146.0617 53 53
10248 P09201 2006 9 26 -3.6726 145.6623 2006 10 1 -3.6667 145.4 45 47
10272 P09207 2006 9 26 -3.6726 145.6623 2006 10 1 -3.6667 145.4 45 46
10281 P09210 2006 9 26 -3.6726 145.6623 2006 10 23 -2.6667 148.6333 45 63
10291 P09213 2006 9 26 -3.6726 145.6623 2006 10 1 -3.6667 145.4 46 45
10294 P09215 2006 9 26 -3.6726 145.6623 2006 10 1 -3.6667 145.4 43 45
10296 P09216 2006 9 26 -3.6726 145.6623 2006 10 1 -3.6667 145.4 45 46
10301 P09217 2006 9 26 -3.6726 145.6623 2006 10 1 -3.6667 145.4 49 48
10303 P09218 2006 9 26 -3.6726 145.6623 2006 10 1 -3.6667 145.4 46 47
10305 P09219 2006 9 26 -3.6726 145.6623 2006 10 1 -3.6667 145.4 49 47
11104 P08858 2006 9 26 -3.6726 145.6623 2006 10 1 -3.6667 145.4 46 45
11107 P08860 2006 9 26 -3.6726 145.6623 2006 10 1 -3.6667 145.4 46 47
11109 P08862 2006 9 26 -3.6726 145.6623 2006 10 8 -3.7 145.7 47 48
11110 P08863 2006 9 26 -3.6726 145.6623 2006 10 1 -3.6667 145.4 47 50
11111 P08864 2006 9 26 -3.6726 145.6623 2006 10 1 -3.6667 145.4 50 50
11112 P08865 2006 9 26 -3.6726 145.6623 2006 10 1 -3.6667 145.4 49 49
11392 P08904 2006 9 26 -3.6726 145.6623 2006 10 1 -3.6667 145.4 44 44
11393 P08905 2006 9 26 -3.6726 145.6623 2006 10 1 -3.6667 145.4 46 48
11394 P08906 2006 9 26 -3.6726 145.6623 2006 10 1 -3.6667 145.4 43 48
11395 P08907 2006 9 26 -3.6726 145.6623 2006 10 23 -2.6667 148.6333 48 45
11396 P08908 2006 9 26 -3.6726 145.6623 2006 10 25 -3.0333 148.6333 45 43
11399 P08911 2006 9 26 -3.6726 145.6623 2006 10 1 -3.6667 145.4 46 48
11400 P08912 2006 9 26 -3.6726 145.6623 2006 10 1 -3.6667 145.4 46 47
11401 P08913 2006 9 26 -3.6726 145.6623 2006 10 1 -3.6667 145.4 44 45
11403 P08915 2006 9 26 -3.6726 145.6623 2006 10 1 -3.6667 145.4 48 49
11406 P08918 2006 9 26 -3.6726 145.6623 2006 10 1 -3.6667 145.4 44 45
11407 P08919 2006 9 26 -3.6726 145.6623 2006 10 1 -3.6667 145.4 48 49
11408 P08920 2006 9 26 -3.6726 145.6623 2006 10 1 -3.6667 145.4 48 47.5
11409 P08921 2006 9 26 -3.6726 145.6623 2006 10 1 -3.6667 145.4 44 45
11411 P08923 2006 9 26 -3.6726 145.6623 2006 10 1 -3.6667 145.4 47 47
10318 P09220 2006 9 26 -3.6941 145.4176 2006 10 1 -3.6667 145.4 49 49
10321 P09223 2006 9 26 -3.6941 145.4176 2006 10 1 -3.6667 145.4 47 47.5
10322 P09224 2006 9 26 -3.6941 145.4176 2006 10 1 -3.6667 145.4 49 49.5
10328 P09230 2006 9 26 -3.6941 145.4176 2006 10 2 -3.8417 145.6067 52 51
10331 P09233 2006 9 26 -3.6941 145.4176 2006 10 2 -3.8417 145.6067 48 46
10334 P09236 2006 9 26 -3.6941 145.4176 2006 10 1 -3.6667 145.4 46 46.5
10338 P09239 2006 9 26 -3.6941 145.4176 2006 10 1 -3.6667 145.4 48 48
10340 P09241 2006 9 26 -3.6941 145.4176 2006 10 1 -3.6667 145.4 43 50
10344 P09245 2006 9 26 -3.6941 145.4176 2006 10 2 -3.8417 145.6067 44 45
10346 P09246 2006 9 26 -3.6941 145.4176 2006 10 1 -3.6667 145.4 46 44.5
10355 P09248 2006 9 26 -3.6941 145.4176 2006 10 1 -3.6667 145.4 47 46.5
10402 P09260 2006 9 26 -3.6941 145.4176 2006 10 3 -3.8317 145.6667 51 50
10411 P09264 2006 9 26 -3.6941 145.4176 2006 10 2 -3.8417 145.6067 50 48.5
10415 P09266 2006 9 26 -3.6941 145.4176 2006 10 1 -3.6667 145.4 45 44.5
10437 P09280 2006 9 26 -3.6941 145.4176 2006 10 2 -3.8417 145.6067 60 58
10440 P09281 2006 9 26 -3.6941 145.4176 2006 10 2 -3.8417 145.6067 50 49
10476 P09296 2006 9 26 -3.6941 145.4176 2006 10 1 -3.6667 145.4 45 45.5
10511 P09611 2006 9 26 -3.6941 145.4176 2006 10 2 -3.8417 145.6067 58 57
10514 P09614 2006 9 26 -3.6941 145.4176 2006 10 1 -3.6667 145.4 49 47.5
10519 P09619 2006 9 26 -3.6941 145.4176 2006 10 1 -3.6667 145.4 69 69
10521 P09621 2006 9 26 -3.6941 145.4176 2006 10 1 -3.6667 145.4 68 69
10522 P09622 2006 9 26 -3.6941 145.4176 2006 10 2 -3.8417 145.6067 71 70
10525 P09625 2006 9 26 -3.6941 145.4176 2006 10 1 -3.6667 145.4 71 70
10527 P09627 2006 9 26 -3.6941 145.4176 2006 10 2 -3.8417 145.6067 62 61
10530 P09630 2006 9 26 -3.6941 145.4176 2006 10 1 -3.6667 145.4 58 58
10532 P09632 2006 9 26 -3.6941 145.4176 2006 10 1 -3.6667 145.4 61 62
10533 P09633 2006 9 26 -3.6941 145.4176 2006 10 25 -3.0333 148.6333 60 59
10538 P09638 2006 9 26 -3.6941 145.4176 2006 10 2 -3.8417 145.6067 66 65
10548 P09648 2006 9 26 -3.6941 145.4176 2006 10 25 -3.0333 148.6333 55 55
10549 P09649 2006 9 26 -3.6941 145.4176 2006 10 1 -3.6667 145.4 58 60
10550 P09650 2006 9 26 -3.6941 145.4176 2006 10 1 -3.6667 145.4 65 64
11118 P08868 2006 9 26 -3.6941 145.4176 2006 10 1 -3.6667 145.4 45 46
11135 P08884 2006 9 26 -3.6941 145.4176 2006 10 1 -3.6667 145.4 45 44.5
11175 P09305 2006 9 26 -3.6941 145.4176 2006 10 1 -3.6667 145.4 60 48.3
11185 P09310 2006 9 26 -3.6941 145.4176 2006 10 2 -3.8417 145.6067 53 50.5
11221 P09504 2006 9 26 -3.6941 145.4176 2006 10 1 -3.6667 145.4 58 57
11239 P09513 2006 9 26 -3.6941 145.4176 2006 10 1 -3.6667 145.4 46 46
11247 P09518 2006 9 26 -3.6941 145.4176 2006 10 2 -3.8333 145.6 49 48
11248 P09519 2006 9 26 -3.6941 145.4176 2006 10 1 -3.6667 145.4 56 54
11257 P09524 2006 9 26 -3.6941 145.4176 2006 10 1 -3.6667 145.4 58 56
11261 P09526 2006 9 26 -3.6941 145.4176 2006 10 2 -3.8417 145.6067 58 56
11263 P09527 2006 9 26 -3.6941 145.4176 2006 10 1 -3.6667 145.4 51 50
11264 P09528 2006 9 26 -3.6941 145.4176 2006 10 1 -3.6667 145.4 49 37
11274 P09533 2006 9 26 -3.6941 145.4176 2006 10 1 -3.6667 145.4 58 58
11312 P09554 2006 9 26 -3.6941 145.4176 2006 10 1 -3.6667 145.4 52 49
11317 P09556 2006 9 26 -3.6941 145.4176 2006 10 1 -3.6667 145.4 51 49
11412 P08924 2006 9 26 -3.6941 145.4176 2006 10 1 -3.6667 145.4 49 47
11414 P08926 2006 9 26 -3.6941 145.4176 2006 10 3 -3.8317 145.6667 44 43.5
11416 P08928 2006 9 26 -3.6941 145.4176 2006 10 1 -3.6667 145.4 42 45
11419 P08931 2006 9 26 -3.6941 145.4176 2006 10 2 -3.8417 145.6067 47 46
11421 P08933 2006 9 26 -3.6941 145.4176 2006 10 1 -3.6667 145.4 51 53
11422 P08934 2006 9 26 -3.6941 145.4176 2006 10 1 -3.6667 145.4 49 47.5
11423 P08935 2006 9 26 -3.6941 145.4176 2006 10 1 -3.6667 145.4 48 47
11425 P08937 2006 9 26 -3.6941 145.4176 2006 10 1 -3.6667 145.4 49 45.5
11429 P08941 2006 9 26 -3.6941 145.4176 2006 10 1 -3.6667 145.4 45 46
11434 P08946 2006 9 26 -3.6941 145.4176 2006 10 1 -3.6667 145.4 51 51
11437 P08949 2006 9 26 -3.6941 145.4176 2006 10 1 -3.6667 145.4 46 37
11438 P08950 2006 9 26 -3.6941 145.4176 2006 10 2 -3.8417 145.6067 50 49
11439 P08951 2006 9 26 -3.6941 145.4176 2006 10 1 -3.6667 145.4 44 44
11444 P08956 2006 9 26 -3.6941 145.4176 2006 10 23 -2.6667 148.6333 47 47
11451 P08963 2006 9 26 -3.6941 145.4176 2006 10 1 -3.6667 145.4 59 60
11455 P08967 2006 9 26 -3.6941 145.4176 2006 10 2 -3.8417 145.6067 50 48
11462 P08974 2006 9 26 -3.6941 145.4176 2006 10 1 -3.6667 145.4 50 49
11465 P08977 2006 9 26 -3.6941 145.4176 2006 10 1 -3.6667 145.4 59 57
11466 P08978 2006 9 26 -3.6941 145.4176 2006 10 1 -3.6667 145.4 49 43.5
11474 P08986 2006 9 26 -3.6941 145.4176 2006 10 1 -3.6667 145.4 47 52
11476 P08988 2006 9 26 -3.6941 145.4176 2006 10 1 -3.6667 145.4 45 48
11484 P08996 2006 9 26 -3.6941 145.4176 2006 10 1 -3.6667 145.4 50 50
11486 P08998 2006 9 26 -3.6941 145.4176 2006 10 1 -3.6667 145.4 59 60
11489 P09401 2006 9 26 -3.6941 145.4176 2006 10 2 -3.8417 145.6067 51 50
11494 P09405 2006 9 26 -3.6941 145.4176 2006 10 1 -3.6667 145.4 51 52
11495 P09406 2006 9 26 -3.6941 145.4176 2006 10 1 -3.6667 145.4 53 51
11497 P09408 2006 9 26 -3.6941 145.4176 2006 10 1 -3.6667 145.4 51 50
11498 P09409 2006 9 26 -3.6941 145.4176 2006 10 1 -3.6667 145.4 54 54
11501 P09412 2006 9 26 -3.6941 145.4176 2006 10 1 -3.6667 145.4 52 51
11502 P09413 2006 9 26 -3.6941 145.4176 2006 10 23 -2.6667 148.6333 46 46
11510 P09421 2006 9 26 -3.6941 145.4176 2006 10 2 -3.8417 145.6067 58 57
11522 P09432 2006 9 26 -3.6941 145.4176 2006 10 3 -3.8317 145.6667 65 64
11524 P09433 2006 9 26 -3.6941 145.4176 2006 10 1 -3.6667 145.4 68 68
11527 P09434 2006 9 26 -3.6941 145.4176 2006 10 1 -3.6667 145.4 62 61.5
11537 P09439 2006 9 26 -3.6941 145.4176 2006 10 25 -3.0333 148.6333 46 45
11542 P09444 2006 9 26 -3.6941 145.4176 2006 10 1 -3.6667 145.4 69 47
11543 P09445 2006 9 26 -3.6941 145.4176 2006 10 2 -3.8417 145.6067 70 69.5
11550 P09451 2006 9 26 -3.6941 145.4176 2006 10 1 -3.6667 145.4 68 68
11560 P09459 2006 9 26 -3.6941 145.4176 2006 10 2 -3.8417 145.6067 67 65.5
11563 P09461 2006 9 26 -3.6941 145.4176 2006 10 2 -3.8417 145.6067 72 70
11568 P09465 2006 9 26 -3.6941 145.4176 2006 10 2 -3.8417 145.6067 67 64
11574 P09470 2006 9 26 -3.6941 145.4176 2006 10 1 -3.6667 145.4 68 68
11585 P09477 2006 9 26 -3.6941 145.4176 2006 10 1 -3.6667 145.4 56 54
11587 P09479 2006 9 26 -3.6941 145.4176 2006 10 2 -3.8417 145.6067 50 49
11597 P09583 2006 9 26 -3.6941 145.4176 2006 10 1 -3.6667 145.4 49 56
11601 P09584 2006 9 26 -3.6941 145.4176 2006 10 1 -3.6667 145.4 49 63
11625 P09597 2006 9 26 -3.6941 145.4176 2006 10 3 -3.8317 145.6667 49 63
11637 P09678 2006 9 27 -3.4921 145.4378 2006 10 6 -3.4833 145.4 44 46
11639 P09680 2006 9 27 -3.4921 145.4378 2006 10 6 -3.4833 145.4 41 43
11643 P09684 2006 9 27 -3.4921 145.4378 2006 10 6 -3.4833 145.4 49 50.5
11651 P09692 2006 9 27 -3.4921 145.4378 2006 10 8 -3.7 145.7 46 46
11657 P09698 2006 9 27 -3.4921 145.4378 2006 10 17 -2.8804 144.1094 48 51
11666 P09701 2006 9 27 -3.4921 145.4378 2006 10 13 -2.6764 142.6562 51 50
11680 P09715 2006 9 27 -3.4921 145.4378 2006 10 1 -3.6667 145.4 47 49
11691 P09726 2006 9 27 -3.4921 145.4378 2006 10 9 -1.9617 142.7263 46 48
11697 P09732 2006 9 27 -3.4921 145.4378 2006 10 8 -3.7 145.7 64 64
11701 P09736 2006 9 27 -3.4921 145.4378 2006 10 8 -3.7 145.7 64 66
11732 P09767 2006 9 27 -3.4921 145.4378 2006 10 6 -3.4833 145.4 42 46
11744 P09779 2006 9 27 -3.4921 145.4378 2006 10 8 -3.7 145.7 41 43
11752 P09909 2006 9 27 -3.4921 145.4378 2006 10 8 -3.7 145.7 42 43
11757 P09914 2006 9 27 -3.4921 145.4378 2006 10 8 -3.7 145.7 47 47
11773 P09930 2006 9 27 -3.4921 145.4378 2006 10 8 -3.7 145.7 44 44
11779 P09936 2006 9 27 -3.4921 145.4378 2006 10 19 -2.6873 144.2011 46 49
11797 P09953 2006 9 27 -3.4921 145.4378 2006 10 8 -3.7 145.7 61 49
11863 P09991 2006 9 27 -3.4921 145.4378 2006 10 22 -2.6498 142.4519 45 48
11874 P09999 2006 9 27 -3.4921 145.4378 2006 10 22 -2.6498 142.4519 48 47
11915 P09343 2006 9 27 -3.4921 145.4378 2006 10 6 -3.4833 145.4 45 48.5
11924 P09352 2006 9 27 -3.4921 145.4378 2006 10 8 -3.7 145.7 63 64
11945 P09373 2006 9 27 -3.4921 145.4378 2006 10 8 -3.7 145.7 49 49
11952 P09380 2006 9 27 -3.4921 145.4378 2006 10 8 -3.7 145.7 54 56
11958 P09386 2006 9 27 -3.4921 145.4378 2006 10 8 -3.7 145.7 60 61
11973 P10401 2006 9 27 -3.4921 145.4378 2006 10 8 -3.7 145.7 41 45
12006 P10006 2006 9 27 -3.4921 145.4378 2006 10 8 -3.7 145.7 39 41
12011 P10011 2006 9 27 -3.4921 145.4378 2006 10 2 -3.8417 145.6067 41 41
12017 P10017 2006 9 27 -3.4921 145.4378 2006 10 8 -3.7 145.7 41 43
11802 P09782 2006 9 27 -3.603 145.5128 2006 10 3 -3.8317 145.6667 50 52
11805 P09785 2006 9 27 -3.603 145.5128 2006 10 2 -3.8417 145.6067 51 51
11807 P09786 2006 9 27 -3.603 145.5128 2006 10 2 -3.8333 145.6067 49 40.5
11827 P09795 2006 9 27 -3.603 145.5128 2006 10 8 -3.7 145.7 52 50
11829 P09796 2006 9 27 -3.603 145.5128 2006 10 1 -3.6667 145.4 49 51
11831 P09797 2006 9 27 -3.603 145.5128 2006 10 2 -3.8333 145.6 46 48
11833 P09798 2006 9 27 -3.603 145.5128 2006 10 8 -3.7 145.7 50 44
11837 P09800 2006 9 27 -3.603 145.5128 2006 10 29 -2.1167 141.7667 48 49
11839 P10102 2006 9 27 -3.603 145.5128 2006 10 8 -3.7 145.7 51 52
11851 P10103 2006 9 27 -3.603 145.5128 2006 10 8 -3.7 145.7 44 58
11854 P10105 2006 9 27 -3.603 145.5128 2006 10 1 -3.6667 145.4 51 54
11855 P10106 2006 9 27 -3.603 145.5128 2006 10 8 -3.7 145.7 47 46
11862 P10109 2006 9 27 -3.603 145.5128 2006 10 2 -3.8417 145.6 47 48
11877 P10114 2006 9 27 -3.603 145.5128 2006 10 8 -3.7 145.7 44 44
11880 P10117 2006 9 27 -3.603 145.5128 2006 10 8 -3.7 145.7 44 44
11881 P10118 2006 9 27 -3.603 145.5128 2006 10 8 -3.7 145.7 47 51
11988 P10409 2006 9 27 -3.603 145.5128 2006 10 8 -3.7 145.7 47 44
11990 P10411 2006 9 27 -3.603 145.5128 2006 10 8 -3.7 145.7 46 45
11994 P10415 2006 9 27 -3.603 145.5128 2006 10 3 -3.8317 145.6667 50 52
11995 P10416 2006 9 27 -3.603 145.5128 2006 10 8 -3.7 145.7 49 49
11998 P10419 2006 9 27 -3.603 145.5128 2006 10 8 -3.7 145.7 54 57
12028 P10022 2006 9 27 -3.603 145.5128 2006 10 1 -3.6667 145.4 48 51
12029 P10023 2006 9 27 -3.603 145.5128 2006 10 3 -3.8317 145.6667 51 52
12031 P10025 2006 9 27 -3.603 145.5128 2006 10 8 -3.7 145.7 45 44
12033 P10027 2006 9 27 -3.603 145.5128 2006 10 8 -3.7 145.7 51 50
12034 P10028 2006 9 27 -3.603 145.5128 2006 10 3 -3.8317 145.6667 48 50
12038 P10032 2006 9 27 -3.603 145.5128 2006 10 1 -3.6667 145.4 51 53
12040 P10034 2006 9 27 -3.603 145.5128 2006 10 3 -3.8317 145.6667 53 51
12042 P10036 2006 9 27 -3.603 145.5128 2006 10 8 -3.7 145.7 51 52
12046 P10040 2006 9 27 -3.603 145.5128 2006 10 8 -3.7 145.7 52 46
12047 P10041 2006 9 27 -3.603 145.5128 2006 10 8 -3.7 145.7 51 50
12048 P10042 2006 9 27 -3.603 145.5128 2006 10 8 -3.7 145.7 47 46
12055 P10049 2006 9 27 -3.603 145.5128 2006 10 8 -3.7 145.7 50 48
12056 P10050 2006 9 27 -3.603 145.5128 2006 10 2 -3.8417 145.6 44 60
12057 P10051 2006 9 27 -3.603 145.5128 2006 10 8 -3.7 145.7 48 49
12059 P10053 2006 9 27 -3.603 145.5128 2006 10 2 -3.8333 145.6 47 43
12120 P30017 2006 9 30 -4.2049 146.4445 2006 10 7 -4.3333 146.4333 47 46
12159 P10427 2006 10 2 -3.6953 145.4204 2006 10 23 -2.4717 142.255 51 52
12160 P10428 2006 10 2 -3.6953 145.4204 2006 10 27 -3.8333 145.6167 47 48
12425 P10229 2006 10 13 -4.4196 150.9209 2006 10 21 -4.525 150.804 41 41
12439 P10243 2006 10 13 -4.4196 150.9209 2006 10 21 -4.525 150.804 39 41
13050 P10495 2006 10 13 -4.4196 150.9209 2006 10 24 -2.7937 142.0033 48 46
14409 P12374 2006 10 18 -3.844 145.6326 2006 10 27 -3.8333 145.6167 45 46
14411 P12376 2006 10 18 -3.844 145.6326 2006 10 27 -3.8333 145.6167 42 43.5
14412 P12377 2006 10 18 -3.844 145.6326 2006 10 27 -3.8333 145.6167 44 43
14415 P12380 2006 10 18 -3.844 145.6326 2006 10 27 -3.8333 145.6167 45 46
14418 P12383 2006 10 18 -3.844 145.6326 2006 10 27 -3.8333 145.6167 45 45.5
14419 P12384 2006 10 18 -3.844 145.6326 2006 10 27 -3.8333 145.6167 50 51.5
14422 P12387 2006 10 18 -3.844 145.6326 2006 10 27 -3.8333 145.6167 43 43.5
14424 P12389 2006 10 18 -3.844 145.6326 2006 10 27 -3.8333 145.6167 51 52.5
14426 P12391 2006 10 18 -3.844 145.6326 2006 10 27 -3.8333 145.6167 51 52
14429 P12394 2006 10 18 -3.844 145.6326 2006 10 27 -3.8333 145.6167 43 41
14431 P12396 2006 10 18 -3.844 145.6326 2006 10 27 -3.8333 145.6167 50 51
14454 P11419 2006 10 18 -3.844 145.6326 2006 10 27 -3.8333 145.6167 45 47
14465 P11430 2006 10 18 -3.844 145.6326 2006 10 27 -3.8333 145.6167 48 49.5
14466 P11431 2006 10 18 -3.844 145.6326 2006 10 27 -3.8333 145.6167 49 49.5
14475 P11440 2006 10 18 -3.844 145.6326 2006 10 27 -3.8333 145.6167 52 52.5
14481 P11446 2006 10 18 -3.844 145.6326 2006 10 27 -3.8333 145.6167 44 45
14484 P11449 2006 10 18 -3.844 145.6326 2006 10 27 -3.8333 145.6167 45 46
14487 P11452 2006 10 18 -3.844 145.6326 2006 10 27 -3.8333 145.6167 43 43.5
14492 P11457 2006 10 18 -3.844 145.6326 2006 10 27 -3.8333 145.6167 48 49.5
14503 P11468 2006 10 18 -3.844 145.6326 2006 10 27 -3.8333 145.6167 43 45.5
14523 P11488 2006 10 18 -3.844 145.6326 2006 10 27 -3.8333 145.6167 46 47
14528 P11493 2006 10 18 -3.844 145.6326 2006 10 27 -3.8333 145.6167 42 43.5
14534 P11499 2006 10 18 -3.844 145.6326 2006 10 27 -3.8333 145.6167 44 44.5
14535 P11500 2006 10 18 -3.844 145.6326 2006 10 27 -3.8333 145.6167 47 48
14536 P12401 2006 10 18 -3.844 145.6326 2006 10 27 -3.8333 145.6167 52 53
14538 P12403 2006 10 18 -3.844 145.6326 2006 10 27 -3.8333 145.6167 43 44
14539 P12404 2006 10 18 -3.844 145.6326 2006 10 27 -3.8333 145.6167 42 42
14540 P12405 2006 10 18 -3.844 145.6326 2006 10 27 -3.8333 145.6167 48 48
14553 P11677 2006 10 18 -3.844 145.6326 2006 10 27 -3.8333 145.6167 53 53
14554 P11678 2006 10 18 -3.844 145.6326 2006 10 27 -3.8333 145.6167 49 49.5
14564 P11688 2006 10 18 -3.844 145.6326 2006 10 27 -3.8333 145.6167 52 53
14571 P11695 2006 10 18 -3.844 145.6326 2006 10 27 -3.8333 145.6167 50 52
14575 P11699 2006 10 18 -3.844 145.6326 2006 10 27 -3.8333 145.6167 40 41
14586 P12610 2006 10 18 -3.844 145.6326 2006 10 27 -3.8333 145.6167 46 48
14589 P12613 2006 10 18 -3.844 145.6326 2006 10 27 -3.8333 145.6167 42 43.5
14592 P12616 2006 10 18 -3.844 145.6326 2006 10 27 -3.8333 145.6167 55 53.5
14598 P12622 2006 10 18 -3.844 145.6326 2006 10 27 -3.8333 145.6167 40 41
14605 P12629 2006 10 18 -3.844 145.6326 2006 10 27 -3.8333 145.6167 54 54.5
14614 P12638 2006 10 18 -3.844 145.6326 2006 10 27 -3.8333 145.6167 44 44
14635 P12659 2006 10 18 -3.844 145.6326 2006 10 27 -3.8333 145.6167 43 43
14638 P12662 2006 10 18 -3.844 145.6326 2006 10 27 -3.8333 145.6167 42 44
14644 P12668 2006 10 18 -3.844 145.6326 2006 10 27 -3.8333 145.6167 39 40
14650 P12674 2006 10 18 -3.844 145.6326 2006 10 27 -3.8333 145.6167 43 45
14659 P12683 2006 10 18 -3.844 145.6326 2006 10 27 -3.8333 145.6167 44 43
14672 P12696 2006 10 18 -3.844 145.6326 2006 10 27 -3.8333 145.6167 51 52.5
14675 P12699 2006 10 18 -3.844 145.6326 2006 10 27 -3.8333 145.6167 40 41
14676 P12700 2006 10 18 -3.844 145.6326 2006 10 27 -3.8333 145.6167 49 51
14677 P11701 2006 10 18 -3.844 145.6326 2006 10 27 -3.8333 145.6167 46 46
14679 P11703 2006 10 18 -3.844 145.6326 2006 10 28 -3.8333 145.85 40 41
14704 P11943 2006 10 18 -3.844 145.6326 2006 10 27 -3.8333 145.6167 47 48
14710 P12009 2006 10 18 -3.844 145.6326 2006 10 27 -3.8333 145.6167 39 41
14718 P12017 2006 10 18 -3.844 145.6326 2006 10 27 -3.8333 145.6167 42 41.5
14725 P12024 2006 10 18 -3.844 145.6326 2006 10 27 -3.8333 145.6167 48 49
14727 P12026 2006 10 18 -3.844 145.6326 2006 10 27 -3.8333 145.6167 42 40.5
14728 P12027 2006 10 18 -3.844 145.6326 2006 10 27 -3.8333 145.6167 48 47
14735 P12034 2006 10 18 -3.844 145.6326 2006 10 27 -3.8333 145.6167 43 43
14742 P12041 2006 10 18 -3.844 145.6326 2006 10 27 -3.8333 145.6167 41 42
14743 P12042 2006 10 18 -3.844 145.6326 2006 10 27 -3.8333 145.6167 50 49.5
14750 P12049 2006 10 19 -3.8432 145.639 2006 10 27 -3.8333 145.6167 43 44.5
14751 P12050 2006 10 19 -3.8432 145.639 2006 10 27 -3.8333 145.6167 43 52
14756 P12055 2006 10 19 -3.8432 145.639 2006 10 27 -3.8333 145.6167 41 42
14757 P12056 2006 10 19 -3.8432 145.639 2006 10 27 -3.8333 145.6167 41 47.5
14764 P12063 2006 10 19 -3.8432 145.639 2006 10 27 -3.8333 145.6167 44 49
14766 P12065 2006 10 19 -3.8432 145.639 2006 10 27 -3.8333 145.6167 48 45.5
14767 P12066 2006 10 19 -3.8432 145.639 2006 10 27 -3.8333 145.6167 40 48
14768 P12067 2006 10 19 -3.8432 145.639 2006 10 27 -3.8333 145.6167 46 48
14770 P12069 2006 10 19 -3.8432 145.639 2006 10 27 -3.8333 145.6167 42 43.5
14771 P12070 2006 10 19 -3.8432 145.639 2006 10 27 -3.8333 145.6167 43 43
14780 P12079 2006 10 19 -3.8432 145.639 2006 10 27 -3.8333 145.6167 50 50
14782 P12081 2006 10 19 -3.8432 145.639 2006 10 27 -3.8333 145.6167 49 49.5
14788 P12087 2006 10 19 -3.8432 145.639 2006 10 27 -3.8333 145.6167 49 50.5
14791 P12090 2006 10 19 -3.8432 145.639 2006 10 27 -3.8333 145.6167 47 46.5
14793 P12092 2006 10 19 -3.8432 145.639 2006 10 27 -3.8333 145.6167 43 41
14795 P12094 2006 10 19 -3.8432 145.639 2006 10 27 -3.8333 145.6167 47 47.5
14798 P12097 2006 10 19 -3.8432 145.639 2006 10 27 -3.8333 145.6167 49 49.5
14801 P12100 2006 10 19 -3.8432 145.639 2006 10 27 -3.8333 145.6167 47 48
14808 P12807 2006 10 19 -3.8432 145.639 2006 10 27 -3.8333 145.6167 49 48.5
14812 P12811 2006 10 19 -3.8432 145.639 2006 10 27 -3.8333 145.6167 50 51.5
14829 P12828 2006 10 19 -3.8432 145.639 2006 10 27 -3.8333 145.6167 46 46.5
14830 P12829 2006 10 19 -3.8432 145.639 2006 10 27 -3.8333 145.6167 41 42
14831 P12830 2006 10 19 -3.8432 145.639 2006 10 27 -3.8333 145.6167 45 45
14844 Z16238 2006 10 19 -3.8432 145.639 2006 10 27 -3.8333 145.6167 38 38.5
14847 P12410 2006 10 19 -3.8432 145.639 2006 10 27 -3.8333 145.6167 42 43
14848 P12411 2006 10 19 -3.8432 145.639 2006 10 27 -3.8333 145.6167 43 43.5
14849 P12412 2006 10 19 -3.8432 145.639 2006 10 27 -3.8333 145.6167 43 44.5
14853 P12416 2006 10 19 -3.8432 145.639 2006 10 27 -3.8333 145.6167 41 42
14856 P12419 2006 10 19 -3.8432 145.639 2006 10 27 -3.8333 145.6167 47 48
14871 P12434 2006 10 19 -3.8432 145.639 2006 10 27 -3.8333 145.6167 40 40
14872 P12435 2006 10 19 -3.8432 145.639 2006 10 27 -3.8333 145.6167 52 53.5
14874 P12437 2006 10 19 -3.8432 145.639 2006 10 27 -3.8333 145.6167 49 49.5
14876 P12439 2006 10 19 -3.8432 145.639 2006 10 27 -3.8333 145.6167 44 45.5
14877 P12440 2006 10 19 -3.8432 145.639 2006 10 27 -3.8333 145.6167 46 47
14878 P12441 2006 10 19 -3.8432 145.639 2006 10 27 -3.8333 145.6167 46 46.5
14879 P12442 2006 10 19 -3.8432 145.639 2006 10 27 -3.8333 145.6167 48 48.5
14881 P12444 2006 10 19 -3.8432 145.639 2006 10 28 -3.8333 145.85 51 52.5
14884 P12447 2006 10 19 -3.8432 145.639 2006 10 27 -3.8333 145.6167 50 51
14887 P12450 2006 10 19 -3.8432 145.639 2006 10 27 -3.8333 145.6167 48 48
14890 P12453 2006 10 19 -3.8432 145.639 2006 10 27 -3.8333 145.6167 52 51
14897 P12460 2006 10 19 -3.8432 145.639 2006 10 27 -3.8333 145.6167 47 47
14899 P12462 2006 10 19 -3.8432 145.639 2006 10 27 -3.8333 145.6167 54 54
14908 P12471 2006 10 19 -3.8432 145.639 2006 10 27 -3.8333 145.6167 51 53
14910 P12473 2006 10 19 -3.8432 145.639 2006 10 27 -3.8333 145.6167 52 53.5
14914 P12477 2006 10 19 -3.8432 145.639 2006 10 27 -3.8333 145.6167 49 50
14918 P12481 2006 10 19 -3.8432 145.639 2006 10 27 -3.8333 145.6167 48 50
14920 P12483 2006 10 19 -3.8432 145.639 2006 10 27 -3.8333 145.6167 47 48
14926 P12489 2006 10 19 -3.8432 145.639 2006 10 27 -3.8333 145.6167 51 52
14928 P12491 2006 10 19 -3.8432 145.639 2006 10 27 -3.8333 145.6167 52 54.5
14932 P12495 2006 10 19 -3.8432 145.639 2006 10 27 -3.8333 145.6167 48 50
14934 P12497 2006 10 19 -3.8432 145.639 2006 10 27 -3.8333 145.6167 49 49
14938 P11706 2006 10 19 -3.8432 145.639 2006 10 27 -3.8333 145.6167 49 48
14940 P11708 2006 10 19 -3.8432 145.639 2006 10 27 -3.8333 145.6167 50 50.5
14946 P11714 2006 10 19 -3.8432 145.639 2006 10 27 -3.8333 145.6167 46 47.5
14948 P11716 2006 10 19 -3.8432 145.639 2006 10 28 -3.8333 145.85 44 46
14953 P11721 2006 10 19 -3.8432 145.639 2006 10 27 -3.8333 145.6167 44 45
14954 P11722 2006 10 19 -3.8432 145.639 2006 10 27 -3.8333 145.6167 42 42
14956 P11724 2006 10 19 -3.8432 145.639 2006 10 27 -3.8333 145.6167 41 43
14958 P11726 2006 10 19 -3.8432 145.639 2006 10 27 -3.8333 145.6167 44 45
14968 P11736 2006 10 19 -3.8432 145.639 2006 10 27 -3.8333 145.6167 39 40
14970 P11738 2006 10 19 -3.8432 145.639 2006 10 27 -3.8333 145.6167 45 46
14980 P11748 2006 10 19 -3.8432 145.639 2006 10 27 -3.8333 145.6167 46 46
14987 P11755 2006 10 19 -3.8432 145.639 2006 10 28 -3.8333 145.85 50 52
14991 P11759 2006 10 19 -3.8432 145.639 2006 10 27 -3.8333 145.6167 50 NA
14992 P11760 2006 10 19 -3.8432 145.639 2006 10 27 -3.8333 145.6167 50 51
15001 P11769 2006 10 19 -3.8432 145.639 2006 10 27 -3.8333 145.6167 47 48
15002 P11770 2006 10 19 -3.8432 145.639 2006 10 28 -3.8333 145.85 45 45.5
15010 P11778 2006 10 19 -3.8432 145.639 2006 10 27 -3.8333 145.6167 50 50
15023 P11791 2006 10 19 -3.8432 145.639 2006 10 27 -3.8333 145.6167 49 50
15024 P11792 2006 10 19 -3.8432 145.639 2006 10 27 -3.8333 145.6167 44 45.5
15027 P11795 2006 10 19 -3.8432 145.639 2006 10 27 -3.8333 145.6167 50 50
15032 P11800 2006 10 19 -3.8432 145.639 2006 10 27 -3.8333 145.6167 45 45
15038 P12706 2006 10 19 -3.8432 145.639 2006 10 27 -3.8333 145.6167 49 50
15048 P12716 2006 10 19 -3.8432 145.639 2006 10 27 -3.8333 145.6167 45 46
15049 P12717 2006 10 19 -3.8432 145.639 2006 10 27 -3.8333 145.6167 51 51.5
15052 P12720 2006 10 19 -3.8432 145.639 2006 10 27 -3.8333 145.6167 49 49
15054 P12722 2006 10 19 -3.8432 145.639 2006 10 27 -3.8333 145.6167 49 51
15055 P12723 2006 10 19 -3.8432 145.639 2006 10 27 -3.8333 145.6167 47 48
15056 P12724 2006 10 19 -3.8432 145.639 2006 10 28 -3.8333 145.85 49 48
15061 P12729 2006 10 19 -3.8432 145.639 2006 10 27 -3.8333 145.6167 45 44
15067 P12735 2006 10 19 -3.8432 145.639 2006 10 27 -3.8333 145.6167 48 49
15071 P12739 2006 10 19 -3.8432 145.639 2006 10 27 -3.8333 145.6167 43 43.5
15081 P12749 2006 10 19 -3.8432 145.639 2006 10 27 -3.8333 145.6167 41 41
15085 P12753 2006 10 19 -3.8432 145.639 2006 10 27 -3.8333 145.6167 48 50
15090 P12758 2006 10 19 -3.8432 145.639 2006 10 27 -3.8333 145.6167 44 46
15092 P12760 2006 10 19 -3.8432 145.639 2006 10 27 -3.8333 145.6167 45 47
15094 P12762 2006 10 19 -3.8432 145.639 2006 10 27 -3.8333 145.6167 46 48
15098 P12766 2006 10 19 -3.8432 145.639 2006 10 27 -3.8333 145.6167 49 50.5
15099 P12767 2006 10 19 -3.8432 145.639 2006 10 27 -3.8333 145.6167 46 46.5
15102 P12770 2006 10 19 -3.8432 145.639 2006 10 27 -3.8333 145.6167 49 49
15107 P12775 2006 10 19 -3.8432 145.639 2006 10 27 -3.8333 145.6167 53 54
15124 P12792 2006 10 19 -3.8432 145.639 2006 10 27 -3.8333 145.6167 55 55
15128 P12796 2006 10 19 -3.8432 145.639 2006 10 27 -3.8333 145.6167 46 47.5
15139 P12907 2006 10 19 -3.8432 145.639 2006 10 27 -3.8333 145.6167 54 54
15140 P12908 2006 10 19 -3.8432 145.639 2006 10 27 -3.8333 145.6167 40 42
15146 P12914 2006 10 19 -3.8432 145.639 2006 10 27 -3.8333 145.6167 50 51
15148 P12916 2006 10 19 -3.8432 145.639 2006 10 27 -3.8333 145.6167 43 44
15149 P12917 2006 10 19 -3.8432 145.639 2006 10 27 -3.8333 145.6167 48 47
15155 P12923 2006 10 19 -3.8432 145.639 2006 10 27 -3.8333 145.6167 48 49
15157 P12925 2006 10 19 -3.8432 145.639 2006 10 30 -3.9 147.1333 49 49
15162 P12930 2006 10 19 -3.8432 145.639 2006 10 27 -3.8333 145.6167 49 50
15167 P12935 2006 10 19 -3.8432 145.639 2006 10 27 -3.8333 145.6167 44 46
15171 P12940 2006 10 19 -3.8432 145.639 2006 10 27 -3.8333 145.6167 49 50
15175 P12944 2006 10 19 -3.8432 145.639 2006 10 27 -3.8333 145.6167 43 43.5
15178 P12947 2006 10 19 -3.8432 145.639 2006 10 27 -3.8333 145.6167 56 56
15180 P12949 2006 10 19 -3.8432 145.639 2006 10 27 -3.8333 145.6167 54 53.5
15182 P12951 2006 10 19 -3.8432 145.639 2006 10 28 -3.8333 145.85 45 46
15183 P12952 2006 10 19 -3.8432 145.639 2006 10 27 -3.8333 145.6167 48 49
15186 P12955 2006 10 19 -3.8432 145.639 2006 10 27 -3.8333 145.6167 50 50
15187 P12956 2006 10 19 -3.8432 145.639 2006 10 27 -3.8333 145.6167 51 52
15188 P12957 2006 10 19 -3.8432 145.639 2006 10 27 -3.8333 145.6167 41 43.5
15191 P12960 2006 10 19 -3.8432 145.639 2006 10 27 -3.8333 145.6167 47 48
15193 P12962 2006 10 19 -3.8432 145.639 2006 10 27 -3.8333 145.6167 45 45
15194 P12963 2006 10 19 -3.8432 145.639 2006 10 27 -3.8333 145.6167 49 49.5
15195 P12964 2006 10 19 -3.8432 145.639 2006 10 27 -3.8333 145.6167 54 53
15198 P12967 2006 10 19 -3.8432 145.639 2006 10 27 -3.8333 145.6167 47 48
15200 P12969 2006 10 19 -3.8432 145.639 2006 10 27 -3.8333 145.6167 49 50
15201 P12970 2006 10 19 -3.8432 145.639 2006 10 27 -3.8333 145.6167 43 44
15203 P12972 2006 10 19 -3.8432 145.639 2006 10 27 -3.8333 145.6167 46 48
15205 P12974 2006 10 19 -3.8432 145.639 2006 10 27 -3.8333 145.6167 47 48
15214 P12983 2006 10 19 -3.8432 145.639 2006 10 27 -3.8333 145.6167 40 42
15215 P12984 2006 10 19 -3.8432 145.639 2006 10 27 -3.8333 145.6167 46 48
15219 P12988 2006 10 19 -3.8432 145.639 2006 10 27 -3.8333 145.6167 50 50
15225 P12994 2006 10 19 -3.8432 145.639 2006 10 27 -3.8333 145.6167 54 54
15227 P12996 2006 10 19 -3.8432 145.639 2006 10 27 -3.8333 145.6167 51 51
15231 P13000 2006 10 19 -3.8432 145.639 2006 10 28 -3.8333 145.85 53 54
15235 P11948 2006 10 19 -3.8432 145.639 2006 10 27 -3.8333 145.6167 41 42
15239 P11952 2006 10 19 -3.8432 145.639 2006 10 28 -3.8333 145.85 49 46
15240 P11953 2006 10 19 -3.8432 145.639 2006 10 27 -3.8333 145.6167 55 55
15241 P11954 2006 10 19 -3.8432 145.639 2006 10 28 -3.8333 145.85 42 48
15245 P11958 2006 10 19 -3.8432 145.639 2006 10 27 -3.8333 145.6167 46 46
15250 P11963 2006 10 19 -3.8432 145.639 2006 10 27 -3.8333 145.6167 45 45
15251 P11964 2006 10 19 -3.8432 145.639 2006 10 27 -3.8333 145.6167 47 47.5
15253 P11966 2006 10 19 -3.8432 145.639 2006 10 27 -3.8333 145.6167 50 52
15254 P11967 2006 10 19 -3.8432 145.639 2006 10 27 -3.8333 145.6167 42 48
15257 P11970 2006 10 19 -3.8432 145.639 2006 10 27 -3.8333 145.6167 40 41
15260 P11973 2006 10 19 -3.8432 145.639 2006 10 27 -3.8333 145.6167 42 44
15264 P11977 2006 10 19 -3.8432 145.639 2006 10 27 -3.8333 145.6167 52 52
15268 P11981 2006 10 19 -3.8432 145.639 2006 10 27 -3.8333 145.6167 48 49.5
15270 P11983 2006 10 19 -3.8432 145.639 2006 10 27 -3.8333 145.6167 52 52
15275 P11988 2006 10 19 -3.8432 145.639 2006 10 28 -3.8333 145.85 45 46
15295 Z16073 2006 10 19 -3.8432 145.639 2006 10 27 -3.8333 145.6167 50 52
15296 Z16074 2006 10 19 -3.8432 145.639 2006 10 27 -3.8333 145.6167 45 47
15297 Z16075 2006 10 19 -3.8432 145.639 2006 10 27 -3.8333 145.6167 50 55.5
15299 Z16077 2006 10 19 -3.8432 145.639 2006 10 27 -3.8333 145.6167 50 50.5
15305 P12502 2006 10 19 -3.8432 145.639 2006 10 27 -3.8333 145.6167 46 47
15309 P12506 2006 10 19 -3.8432 145.639 2006 10 27 -3.8333 145.6167 50 50.5
15312 P12509 2006 10 19 -3.8432 145.639 2006 10 27 -3.8333 145.6167 54 54
15313 P12510 2006 10 19 -3.8432 145.639 2006 10 27 -3.8333 145.6167 47 49
15320 P12517 2006 10 19 -3.8432 145.639 2006 10 27 -3.8333 145.6167 45 45.5
15327 P12524 2006 10 19 -3.8432 145.639 2006 10 27 -3.8333 145.6167 47 48.5
15332 P12529 2006 10 19 -3.8432 145.639 2006 10 27 -3.8333 145.6167 53 51
15333 P12530 2006 10 19 -3.8432 145.639 2006 10 27 -3.8333 145.6167 46 48
15334 P12531 2006 10 19 -3.8432 145.639 2006 10 27 -3.8333 145.6167 43 44
15335 P12532 2006 10 19 -3.8432 145.639 2006 10 27 -3.8333 145.6167 42 43
15338 P12535 2006 10 19 -3.8432 145.639 2006 10 27 -3.8333 145.6167 43 45
15345 P12542 2006 10 19 -3.8432 145.639 2006 10 27 -3.8333 145.6167 47 49
15346 P12543 2006 10 19 -3.8432 145.639 2006 10 27 -3.8333 145.6167 48 49.5
15347 P12544 2006 10 19 -3.8432 145.639 2006 10 27 -3.8333 145.6167 41 43
15350 P12547 2006 10 19 -3.8432 145.639 2006 10 27 -3.8333 145.6167 46 47
15352 P12549 2006 10 19 -3.8432 145.639 2006 10 27 -3.8333 145.6167 52 52
15358 P12555 2006 10 19 -3.8432 145.639 2006 10 27 -3.8333 145.6167 47 48.5
15359 P12556 2006 10 19 -3.8432 145.639 2006 10 28 -3.8333 145.85 51 50
15360 P12557 2006 10 19 -3.8432 145.639 2006 10 27 -3.8333 145.6167 51 51
15362 P12559 2006 10 19 -3.8432 145.639 2006 10 27 -3.8333 145.6167 51 50
15365 P12562 2006 10 19 -3.8432 145.639 2006 10 27 -3.8333 145.6167 50 50
15367 P12564 2006 10 19 -3.8432 145.639 2006 10 27 -3.8333 145.6167 47 48
15368 P12565 2006 10 19 -3.8432 145.639 2006 10 27 -3.8333 145.6167 54 56
15376 P12573 2006 10 19 -3.8432 145.639 2006 10 27 -3.8333 145.6167 47 47
15381 P12578 2006 10 19 -3.8432 145.639 2006 10 27 -3.8333 145.6167 52 52.5
15382 P12579 2006 10 19 -3.8432 145.639 2006 10 27 -3.8333 145.6167 46 46
15384 P12581 2006 10 19 -3.8432 145.639 2006 10 27 -3.8333 145.6167 52 51.5
15390 P11801 2006 10 19 -3.8432 145.639 2006 10 27 -3.8333 145.6167 43 44.5
15392 P11803 2006 10 19 -3.8432 145.639 2006 10 27 -3.8333 145.6167 49 48
15398 P11809 2006 10 19 -3.8432 145.639 2006 10 27 -3.8333 145.6167 51 52
15399 P11810 2006 10 19 -3.8432 145.639 2006 10 27 -3.8333 145.6167 42 44
15404 P11815 2006 10 19 -3.8432 145.639 2006 10 27 -3.8333 145.6167 51 52
15406 P11817 2006 10 19 -3.8432 145.639 2006 10 27 -3.8333 145.6167 57 57
15408 P11819 2006 10 19 -3.8432 145.639 2006 10 27 -3.8333 145.6167 46 47
15409 P11820 2006 10 19 -3.8432 145.639 2006 10 27 -3.8333 145.6167 47 48
15410 P11821 2006 10 19 -3.8432 145.639 2006 10 27 -3.8333 145.6167 51 51
15411 P11822 2006 10 19 -3.8432 145.639 2006 10 27 -3.8333 145.6167 48 48.5
15412 P11823 2006 10 19 -3.8432 145.639 2006 10 27 -3.8333 145.6167 47 49
15414 P11825 2006 10 19 -3.8432 145.639 2006 10 27 -3.8333 145.6167 44 45
15415 P11826 2006 10 19 -3.8432 145.639 2006 10 27 -3.8333 145.6167 50 51
15416 P11827 2006 10 19 -3.8432 145.639 2006 10 27 -3.8333 145.6167 52 53
15421 P11832 2006 10 19 -3.8432 145.639 2006 10 27 -3.8333 145.6167 45 46
15425 P11836 2006 10 19 -3.8432 145.639 2006 10 27 -3.8333 145.6167 42 42
15431 P11842 2006 10 19 -3.8432 145.639 2006 10 27 -3.8333 145.6167 53 55.5
15434 P11845 2006 10 19 -3.8432 145.639 2006 10 27 -3.8333 145.6167 51 52.5
15437 P11848 2006 10 19 -3.8432 145.639 2006 10 27 -3.8333 145.6167 45 NA
15440 P11851 2006 10 19 -3.8432 145.639 2006 10 27 -3.8333 145.6167 51 52
15442 P11853 2006 10 19 -3.8432 145.639 2006 10 27 -3.8333 145.6167 49 49.5
15451 P11862 2006 10 19 -3.8432 145.639 2006 10 27 -3.8333 145.6167 52 53
15452 P11863 2006 10 19 -3.8432 145.639 2006 10 27 -3.8333 145.6167 47 47.5
15460 P11871 2006 10 19 -3.8432 145.639 2006 10 27 -3.8333 145.6167 47 48.5
15461 P11872 2006 10 19 -3.8432 145.639 2006 10 27 -3.8333 145.6167 41 42
15468 P11879 2006 10 19 -3.8432 145.639 2006 10 27 -3.8333 145.6167 48 49.5
15473 P11884 2006 10 19 -3.8432 145.639 2006 10 27 -3.8333 145.6167 50 51
15475 P11886 2006 10 19 -3.8432 145.639 2006 10 27 -3.8333 145.6167 49 51
15478 P11889 2006 10 19 -3.8432 145.639 2006 10 27 -3.8333 145.6167 48 49.5
15479 P11890 2006 10 19 -3.8432 145.639 2006 10 27 -3.8333 145.6167 43 44
15597 Z16159 2006 10 19 -3.5036 145.424 2006 10 20 -3.5002 145.4262 33 35
15802 P13650 2006 10 20 -3.6976 145.4172 2006 10 28 -3.8333 145.85 42 42
15810 P13658 2006 10 20 -3.6976 145.4172 2006 10 27 -3.8333 145.6167 43 40
16068 P13014 2006 10 20 -3.6976 145.4172 2006 10 27 -3.8333 145.6167 42 42
16073 P13019 2006 10 20 -3.6976 145.4172 2006 10 28 -3.8333 145.85 41 41.5
16251 Z16347 2006 10 20 -3.6976 145.4172 2006 10 27 -3.8333 145.6167 40 42
16372 P13515 2006 10 20 -3.6976 145.4172 2006 10 28 -3.8333 145.85 43 44
16444 Z16435 2006 10 20 -3.6976 145.4172 2006 10 27 -3.8333 145.6167 35 34
16480 P13159 2006 10 20 -3.6976 145.4172 2006 10 28 -3.8333 145.85 41 42
16505 P13184 2006 10 20 -3.6976 145.4172 2006 10 27 -3.8333 145.6167 39 44
19182 P15906 2006 10 26 -2.2905 143.6247 2006 10 28 -2.1933 143.796 42 41
19187 P15911 2006 10 26 -2.2905 143.6247 2006 10 28 -2.1933 143.796 48 48
19189 P15913 2006 10 26 -2.2905 143.6247 2006 10 28 -2.1933 143.796 41 42
19195 Z17113 2006 10 26 -2.2905 143.6247 2006 10 28 -2.1933 143.796 32 34
19197 P15289 2006 10 26 -2.2905 143.6247 2006 10 28 -2.1933 143.796 39 42
19200 P15292 2006 10 26 -2.2905 143.6247 2006 10 28 -2.1933 143.796 42 42
19202 P15294 2006 10 26 -2.2905 143.6247 2006 10 28 -2.1933 143.796 42 42
19203 P15295 2006 10 26 -2.2905 143.6247 2006 10 28 -2.1933 143.796 43 43
19205 P15297 2006 10 26 -2.2905 143.6247 2006 10 28 -2.1933 143.796 44 43
19208 P15300 2006 10 26 -2.2905 143.6247 2006 10 28 -2.1933 143.796 47 47
19211 P15702 2006 10 26 -2.2905 143.6247 2006 10 28 -2.1933 143.796 42 43
19212 P15703 2006 10 26 -2.2905 143.6247 2006 10 28 -2.1933 143.796 45 44
19215 P15706 2006 10 26 -2.2905 143.6247 2006 10 28 -2.1933 143.796 43 43
19218 P15709 2006 10 26 -2.2905 143.6247 2006 10 28 -2.1933 143.796 47 48
19219 P15710 2006 10 26 -2.2905 143.6247 2006 10 28 -2.1933 143.796 44 41
19221 P15712 2006 10 26 -2.2905 143.6247 2006 10 28 -2.1933 143.796 47 48
19222 P15713 2006 10 26 -2.2905 143.6247 2006 10 28 -2.1933 143.796 49 48
19223 P15714 2006 10 26 -2.2905 143.6247 2006 10 28 -2.1933 143.796 45 45
19227 P15718 2006 10 26 -2.2905 143.6247 2006 10 28 -2.1933 143.796 45 44
19230 P15721 2006 10 26 -2.2905 143.6247 2006 10 28 -2.1933 143.796 45 45
19236 P15728 2006 10 26 -2.2905 143.6247 2006 10 28 -2.1933 143.796 46 45
19238 P15730 2006 10 26 -2.2905 143.6247 2006 10 28 -2.1933 143.796 47 49
19241 P15733 2006 10 26 -2.2905 143.6247 2006 10 28 -2.1933 143.796 49 48
19244 P15735 2006 10 26 -2.2905 143.6247 2006 10 28 -2.1933 143.796 42 43
19249 P15738 2006 10 26 -2.2905 143.6247 2006 10 28 -2.1933 143.796 46 42
19250 P14699 2006 10 26 -2.2905 143.6247 2006 10 28 -2.1933 143.796 44 43
19253 P15740 2006 10 26 -2.2905 143.6247 2006 10 28 -2.1933 143.796 48 48
19254 P15741 2006 10 26 -2.2905 143.6247 2006 10 28 -2.1933 143.796 44 45
19258 P15745 2006 10 26 -2.2905 143.6247 2006 10 28 -2.1933 143.796 46 46
19262 P15748 2006 10 26 -2.2905 143.6247 2006 10 28 -2.1933 143.796 42 42
19263 P15749 2006 10 26 -2.2905 143.6247 2006 10 29 -2.129 143.797 45 46
19271 P15757 2006 10 26 -2.2905 143.6247 2006 10 28 -2.1933 143.796 50 48
19272 P15758 2006 10 26 -2.2905 143.6247 2006 10 28 -2.1933 143.796 51 50
19273 P15759 2006 10 26 -2.2905 143.6247 2006 10 28 -2.1933 143.796 43 43
19274 P15760 2006 10 26 -2.2905 143.6247 2006 10 28 -2.1933 143.796 42 42
19276 P15762 2006 10 26 -2.2905 143.6247 2006 10 28 -2.1933 143.796 43 42
19277 P15763 2006 10 26 -2.2905 143.6247 2006 10 28 -2.1933 143.796 46 49
19280 P15765 2006 10 26 -2.2905 143.6247 2006 10 28 -2.1933 143.796 43 43
19281 P15766 2006 10 26 -2.2905 143.6247 2006 10 28 -2.1933 143.796 44 42
19284 P15768 2006 10 26 -2.2905 143.6247 2006 10 28 -2.1933 143.796 53 52
19285 P15769 2006 10 26 -2.2905 143.6247 2006 10 28 -2.1933 143.796 50 51
19286 P15770 2006 10 26 -2.2905 143.6247 2006 10 28 -2.1933 143.796 43 41
19293 P15774 2006 10 26 -2.2905 143.6247 2006 10 28 -2.1933 143.796 47 47
19296 P15603 2006 10 26 -2.2905 143.6247 2006 10 28 -2.1933 143.796 47 48
19300 P15607 2006 10 26 -2.2905 143.6247 2006 10 28 -2.1933 143.796 44 45
19301 P15608 2006 10 26 -2.2905 143.6247 2006 10 28 -2.1933 143.796 48 49
19302 P15609 2006 10 26 -2.2905 143.6247 2006 10 28 -2.1933 143.796 45 45
19303 P15610 2006 10 26 -2.2905 143.6247 2006 10 28 -2.1933 143.796 44 43.5
19305 P15612 2006 10 26 -2.2905 143.6247 2006 10 28 -2.1933 143.796 43 42
19306 P15613 2006 10 26 -2.2905 143.6247 2006 10 28 -2.1933 143.796 44 42
19307 P15614 2006 10 26 -2.2905 143.6247 2006 10 28 -2.1933 143.796 41 40
19308 P15615 2006 10 26 -2.2905 143.6247 2006 10 28 -2.1933 143.796 40 38
19313 P15620 2006 10 26 -2.2905 143.6247 2006 10 28 -2.1933 143.796 50 51
19314 P15621 2006 10 26 -2.2905 143.6247 2006 10 28 -2.1933 143.796 44 39
19317 P15494 2006 10 26 -2.2905 143.6247 2006 10 28 -2.1933 143.796 45 46
19321 P15498 2006 10 26 -2.2905 143.6247 2006 10 28 -2.1933 143.796 45 45.5
19322 P15499 2006 10 26 -2.2905 143.6247 2006 10 28 -2.1933 143.796 45 46
19323 P15500 2006 10 26 -2.2905 143.6247 2006 10 28 -2.1933 143.796 44 45
19327 P15804 2006 10 26 -2.2905 143.6247 2006 10 28 -2.1933 143.796 40 42
19328 P15805 2006 10 26 -2.2905 143.6247 2006 10 28 -2.1933 143.796 45 45
19329 P15806 2006 10 26 -2.2905 143.6247 2006 10 28 -2.1933 143.796 41 42
19332 P15809 2006 10 26 -2.2905 143.6247 2006 10 28 -2.1933 143.796 44 44.5
19334 P15811 2006 10 26 -2.2905 143.6247 2006 10 28 -2.1933 143.796 41 41
19335 P15812 2006 10 26 -2.2905 143.6247 2006 10 28 -2.1933 143.796 47 39
19338 P15815 2006 10 26 -2.2905 143.6247 2006 10 28 -2.1933 143.796 42 43
19341 P15818 2006 10 26 -2.2905 143.6247 2006 10 28 -2.1933 143.796 41 43
19342 P15819 2006 10 26 -2.2905 143.6247 2006 10 28 -2.1933 143.796 42 43
19344 P15821 2006 10 26 -2.2905 143.6247 2006 10 28 -2.1933 143.796 43 43
19361 P15838 2006 10 26 -2.2905 143.6247 2006 10 28 -2.1933 143.796 46 46
19366 P15843 2006 10 26 -2.2905 143.6247 2006 10 28 -2.1933 143.796 49 51
19373 P15850 2006 10 26 -2.2905 143.6247 2006 10 28 -2.1933 143.796 46 46
19375 P15852 2006 10 26 -2.2905 143.6247 2006 10 28 -2.1933 143.796 53 52.5
19376 P15853 2006 10 26 -2.2905 143.6247 2006 10 28 -2.1933 143.796 40 45
19379 P15856 2006 10 26 -2.2905 143.6247 2006 10 28 -2.1933 143.796 43 44
19388 P15865 2006 10 26 -2.2905 143.6247 2006 10 28 -2.3382 143.4741 40 42
19391 P15868 2006 10 26 -2.2905 143.6247 2006 10 28 -2.1933 143.796 50 50.5
19393 P15870 2006 10 26 -2.2905 143.6247 2006 10 28 -2.1933 143.796 49 49
19395 P15872 2006 10 26 -2.2905 143.6247 2006 10 28 -2.3389 143.4767 47 47
19396 P15873 2006 10 26 -2.2905 143.6247 2006 10 28 -2.1933 143.796 49 49
19397 P15874 2006 10 26 -2.2905 143.6247 2006 10 28 -2.3374 143.4769 45 48
19402 P15879 2006 10 26 -2.2905 143.6247 2006 10 28 -2.1933 143.796 43 43
19405 P15882 2006 10 26 -2.2905 143.6247 2006 10 28 -2.1933 143.796 41 45
19407 P15884 2006 10 26 -2.2905 143.6247 2006 10 28 -2.1933 143.796 50 53
19409 P15886 2006 10 26 -2.2905 143.6247 2006 10 28 -2.1933 143.796 42 44
19410 P15887 2006 10 26 -2.2905 143.6247 2006 10 28 -2.1933 143.796 40 46
19412 P15889 2006 10 26 -2.2905 143.6247 2006 10 28 -2.1933 143.796 43 44
28745 5645 2006 4 3 2 264.67 2006 10 30 5.42 252.13 54 NA
28910 5651 2006 4 3 2 264.67 2006 10 6 -5.95 257.6 57 NA
29334 5677 2006 4 3 2 264.67 2006 10 23 0.72 252.58 52 72
