110
id tag_no yr mo day lat lon yr_rec mo_rec day_rec lat_rec lon_rec len_rel len_rec
6076 SA05626 1978 1 3 -20.7167 166.3 1978 9 24 -5.3333 154.75 51 0
6081 SA06311 1978 1 3 -20.5833 166.15 1978 9 2 -9.0833 159.75 48 52
6090 SA07548 1978 1 9 -22.6167 167.6167 1978 9 30 -9.1667 159.1667 50 56
6164 SD03593 1978 4 6 -16.9333 180.6 1978 9 29 -3.9167 182.0667 51 54
6164 SD03944 1978 4 6 -16.9333 180.6 1978 9 16 -4 186.6667 52 54
6209 SE02471 1978 5 18 -13.5667 183.8 1978 9 30 -4.1667 183.85 54 52
6212 SE03553 1978 5 19 -13.5 183.9167 1978 9 28 3.2 174 52 0
6212 SE03796 1978 5 19 -13.5 183.9167 1978 9 26 -3.3333 183.5 49 49
6194 SK12042 1978 5 13 -13.4667 183.7 1978 9 9 3.1667 167.0833 62 62
6198 SK12538 1978 5 15 -13.4 183.8 1978 9 30 -4.1667 183.85 60 55
6216 SK15611 1978 5 20 -13.25 183.6667 1978 9 28 3.2 174 51 0
6216 SK17079 1978 5 20 -13.25 183.6667 1978 9 16 -4.4333 186.4 51 40
6259 SK22936 1978 7 1 -8.7 179.1667 1978 9 22 -5.6667 176.2833 51 55
6259 SK23330 1978 7 1 -8.7 179.1667 1978 9 9 -0.9667 167.1 54 57
6298 SK29151 1978 8 6 7.1833 157.6833 1978 9 19 7 157.8333 54 50
6291 SF01849 1978 7 24 3 172.8167 1978 9 21 3.1667 172.6833 53 53
6294 SF01879 1978 7 24 2.9833 172.7667 1978 9 21 3.1667 172.0167 49 51
6294 SF02037 1978 7 24 2.9833 172.7667 1978 9 21 3.1667 172.6833 48 49
6265 SK23941 1978 7 5 -2.2833 175.6833 1978 9 25 3.7667 172.6333 50 55
6274 SK24164 1978 7 13 3.0667 172.5833 1978 9 21 3.1667 172.0167 59 50
6267 SK24284 1978 7 10 1.2667 172.95 1978 9 7 0.45 173.7 48 52
6270 SK24368 1978 7 13 2.9167 172.6667 1978 9 22 3.25 172.4833 49 49
6270 SK24370 1978 7 13 2.9167 172.6667 1978 9 22 3.25 172.4833 49 49
6269 SK24451 1978 7 13 2.9333 172.75 1978 9 20 3.3 172.4833 50 51
6269 SK24459 1978 7 13 2.9333 172.75 1978 9 24 3.3167 172.5 52 54
6270 SK24572 1978 7 13 2.9167 172.6667 1978 9 24 3.3167 172.5 49 54
6270 SK24596 1978 7 13 2.9167 172.6667 1978 9 21 3.1667 172.0167 49 49
6270 SK24599 1978 7 13 2.9167 172.6667 1978 9 3 2.7 175.2667 49 52
6274 SK24737 1978 7 13 3.0667 172.5833 1978 9 21 3.1667 172.6833 50 50
6274 SK24752 1978 7 13 3.0667 172.5833 1978 9 3 2.7 175.2667 48 51
6274 SK24777 1978 7 13 3.0667 172.5833 1978 9 22 3.25 172.4833 51 51
6280 SK24933 1978 7 16 2.95 172.75 1978 9 21 3.1667 172.0167 44 50
6280 SK24934 1978 7 16 2.95 172.75 1978 9 21 3.1667 172.0167 47 50
6274 SK25015 1978 7 13 3.0667 172.5833 1978 9 24 3.3167 172.5 50 51
6276 SK25049 1978 7 13 3.05 172.5333 1978 9 9 3.1167 172.3333 48 48
6276 SK25154 1978 7 13 3.05 172.5333 1978 9 21 3.1667 172.0167 48 50
6276 SK25205 1978 7 13 3.05 172.5333 1978 9 20 3.3 172.4833 47 48
6276 SK25220 1978 7 13 3.05 172.5333 1978 9 20 3.3 172.4833 50 53
6277 SK25292 1978 7 14 3.15 172.6333 1978 9 3 2.7 175.2667 54 55
6280 SK25473 1978 7 16 2.95 172.75 1978 9 21 3.1667 172.0167 46 48
6278 SK25512 1978 7 14 3.1333 172.6333 1978 9 21 3.1667 172.6833 48 49
6278 SK25561 1978 7 14 3.1333 172.6333 1978 9 21 3.1667 172.0167 47 49
6280 SK25618 1978 7 16 2.95 172.75 1978 9 20 3.1167 172.6833 48 54
6280 SK25741 1978 7 16 2.95 172.75 1978 9 24 3.3167 172.5 50 49
6280 SK25770 1978 7 16 2.95 172.75 1978 9 21 3.1667 172.0167 49 50
6280 SK25829 1978 7 16 2.95 172.75 1978 9 21 3.1667 172.6833 48 50
6280 SK25868 1978 7 16 2.95 172.75 1978 9 21 3.1667 172.0167 48 46
6280 SK25880 1978 7 16 2.95 172.75 1978 9 24 3.3167 172.5 48 51
6280 SK25890 1978 7 16 2.95 172.75 1978 9 21 3.1333 172.6333 48 49
6280 SK25895 1978 7 16 2.95 172.75 1978 9 20 3.1167 172.6833 48 52
6280 SK25911 1978 7 16 2.95 172.75 1978 9 21 3.1667 172.6833 47 48
6280 SK25922 1978 7 16 2.95 172.75 1978 9 22 3.2667 172.4833 48 50
6280 SK25960 1978 7 16 2.95 172.75 1978 9 21 3.1667 172.6833 47 49
6280 SK25962 1978 7 16 2.95 172.75 1978 9 21 3.1667 172.0167 47 50
6280 SK25969 1978 7 16 2.95 172.75 1978 9 22 3.25 172.4833 48 50
6281 SK26020 1978 7 17 3.0833 172.7333 1978 9 21 3.1667 172.6833 47 49
6284 SK26070 1978 7 22 3 172.8 1978 9 21 3.1667 172.0167 45 47
6284 SK26087 1978 7 22 3 172.8 1978 9 24 3.3167 172.5 48 50
6284 SK26090 1978 7 22 3 172.8 1978 9 22 3.2667 172.4833 47 49
6284 SK26093 1978 7 22 3 172.8 1978 9 21 3.1667 172.0167 46 48
6280 SK26109 1978 7 16 2.95 172.75 1978 9 22 3.25 172.4833 48 48
6280 SK26132 1978 7 16 2.95 172.75 1978 9 24 3.3167 172.5 48 52
6284 SK26223 1978 7 22 3 172.8 1978 9 21 3.1667 172.6833 46 49
6284 SK26254 1978 7 22 3 172.8 1978 9 21 3.1333 172.6333 47 50
6281 SK26320 1978 7 17 3.0833 172.7333 1978 9 21 3.1667 172.0167 48 50
6284 SK26342 1978 7 22 3 172.8 1978 9 20 3.2333 172.6167 50 50
6284 SK26356 1978 7 22 3 172.8 1978 9 21 3.1667 172.6833 47 48
6284 SK26381 1978 7 22 3 172.8 1978 9 21 3.1667 172.6833 48 49
6281 SK26431 1978 7 17 3.0833 172.7333 1978 9 21 3.1667 172.0167 47 48
6284 SK26553 1978 7 22 3 172.8 1978 9 21 3.1667 172.6833 48 49
6284 SK26676 1978 7 22 3 172.8 1978 9 24 3.7833 172.8833 48 0
6284 SK26679 1978 7 22 3 172.8 1978 9 9 3.1167 172.3333 47 48
6284 SK26762 1978 7 22 3 172.8 1978 9 21 3.0167 172.0167 49 49
6284 SK26891 1978 7 22 3 172.8 1978 9 22 3.25 172.4833 48 52
6284 SK26903 1978 7 22 3 172.8 1978 9 21 3.1667 172.0167 48 49
6284 SK26911 1978 7 22 3 172.8 1978 9 21 3.1667 172.0167 49 50
6284 SK26921 1978 7 22 3 172.8 1978 9 21 3.1667 172.6833 49 50
6284 SK26968 1978 7 22 3 172.8 1978 9 21 3.1667 172.6833 49 50
6284 SK26998 1978 7 22 3 172.8 1978 9 24 3.3167 172.5 42 52
6284 SK27027 1978 7 22 3 172.8 1978 9 20 3.3 172.4833 47 49
6284 SK27066 1978 7 22 3 172.8 1978 9 22 3.2667 172.4833 47 48
6285 SK27089 1978 7 23 3.0333 172.7167 1978 9 22 3.25 172.4833 48 49
6284 SK27123 1978 7 22 3 172.8 1978 9 21 3.1667 172.6833 46 49
6284 SK27132 1978 7 22 3 172.8 1978 9 21 3.1667 172.6833 47 49
6284 SK27179 1978 7 22 3 172.8 1978 9 21 3.1667 172.0167 47 57
6284 SK27201 1978 7 22 3 172.8 1978 9 9 3.1167 172.3333 48 48
6284 SK27205 1978 7 22 3 172.8 1978 9 22 3.2667 172.4833 47 50
6284 SK27207 1978 7 22 3 172.8 1978 9 22 3.25 172.4833 48 50
6284 SK27225 1978 7 22 3 172.8 1978 9 21 3.1667 172.6833 48 49
6284 SK27228 1978 7 22 3 172.8 1978 9 21 3.1667 172.0167 48 48
6285 SK27256 1978 7 23 3.0333 172.7167 1978 9 21 3.1667 172.0167 50 50
6286 SK27264 1978 7 23 3.0333 172.7167 1978 9 21 3.1667 172.6833 41 47
6285 SK27323 1978 7 23 3.0333 172.7167 1978 9 21 3.1667 172.6833 46 47
6285 SK27333 1978 7 23 3.0333 172.7167 1978 9 22 3.25 172.4833 48 50
6286 SK27346 1978 7 23 3.0333 172.7167 1978 9 21 3.1667 172.6833 50 50
6288 SK27396 1978 7 23 3.0833 172.6333 1978 9 9 -0.9667 167.1 49 51
6288 SK27550 1978 7 23 3.0833 172.6333 1978 9 9 3.1167 172.3333 47 48
6288 SK27573 1978 7 23 3.0833 172.6333 1978 9 21 3.1667 172.0167 45 49
6288 SK27586 1978 7 23 3.0833 172.6333 1978 9 21 3.1667 172.0167 47 50
6287 SK27617 1978 7 23 3.0833 172.6333 1978 9 21 3.1667 172.6833 49 49
6288 SK27675 1978 7 23 3.0833 172.6333 1978 9 21 3.1667 172.6833 52 54
6288 SK27724 1978 7 23 3.0833 172.6333 1978 9 9 3.1167 172.3333 50 48
6291 SK27753 1978 7 24 3 172.8167 1978 9 22 3.2667 172.4833 54 52
6291 SK27775 1978 7 24 3 172.8167 1978 9 29 -4 182.1333 52 52
6288 SK27839 1978 7 23 3.0833 172.6333 1978 9 21 3.1667 172.0167 49 49
6288 SK27886 1978 7 23 3.0833 172.6333 1978 9 22 3.25 172.4833 53 52
6289 SK27925 1978 7 23 3.0833 172.5667 1978 9 22 3.25 172.4833 49 52
6289 SK27935 1978 7 23 3.0833 172.5667 1978 9 25 1.9833 172.65 47 47
6291 SK27997 1978 7 24 3 172.8167 1978 9 22 3.25 172.4833 48 50
6291 SK27998 1978 7 24 3 172.8167 1978 9 21 3.1667 172.0167 47 50
