134
id tag_no yr mo day lat lon yr_rec mo_rec day_rec lat_rec lon_rec len_rel len_rec
6545 SK36981 1979 5 27 -3.45 151.0833 1981 4 8 17.8833 133.5833 53 71
6801 2B24555 1980 4 10 -18.6167 177.8167 1981 4 4 -16.5 180.1667 57 70
6801 2B24556 1980 4 10 -18.6167 177.8167 1981 4 4 -16.5 180.1667 57 70
6802 2B25033 1980 4 10 -18.6167 177.8333 1981 4 27 -16.75 180 47 52
6805 2B26657 1980 4 11 -18.6 177.7667 1981 4 7 -16.0833 180.8333 42 46
6824 2C24463 1980 4 15 -18.45 177.6333 1981 4 30 -16.1667 179 49 42
6828 2C24737 1980 4 16 -18.2 179.4833 1981 4 1 -17.25 180.25 50 52
6828 2C24738 1980 4 16 -18.2 179.4833 1981 4 1 -17.25 180.25 50 52
6832 2C25096 1980 4 17 -17.6667 176.9667 1981 4 11 -16.25 179.0833 54 58
6831 2C25113 1980 4 16 -18.1333 177.3167 1981 4 1 -17.25 180.25 53 52
6831 2C25114 1980 4 16 -18.1333 177.3167 1981 4 1 -17.25 180.25 53 52
6837 2C28400 1980 4 20 -15.8667 180.0333 1981 4 12 -1.5833 177.25 48 68
6842 2C29266 1980 4 22 -15.9167 179.05 1981 4 10 -16.25 179.0833 50 50
6846 SK47310 1980 4 23 -16.0167 179.0333 1981 4 10 -13.35 180.8 48 61
6846 SK47311 1980 4 23 -16.0167 179.0333 1981 4 10 -13.35 180.8 48 61
6875 1E10940 1980 6 10 -7.8833 158.45 1981 4 22 -9.1667 159.8333 37 53
6887 1E12372 1980 6 18 -8.6667 159.6 1981 4 22 -9.1667 159.8333 44 54
6887 1E12376 1980 6 18 -8.6667 159.6 1981 4 21 -9.5 159.5 44 64
6885 1E12433 1980 6 17 -8.5167 159.4667 1981 4 16 -7.4667 158.8833 57 55
6887 1E13162 1980 6 18 -8.6667 159.6 1981 4 16 -7.4667 158.8833 48 54
6887 1E13246 1980 6 18 -8.6667 159.6 1981 4 17 -8.75 157.8333 45 58
6887 1E13648 1980 6 18 -8.6667 159.6 1981 4 25 -9 160.5 45 55
6892 1E14252 1980 6 21 -8.4667 160.3333 1981 4 11 -7.5667 159.05 45 54
6894 1E14641 1980 6 21 -8.2167 160.4 1981 4 9 -7.6667 159.5 51 57
6895 1E14926 1980 6 22 -8.1167 160.3333 1981 4 21 -9.5 159.5 54 55
6904 1E18375 1980 7 18 7.1167 158.3 1981 4 3 4.2667 143.4667 60 67
6906 1E19648 1980 7 19 6.85 158.4 1981 4 10 13.55 137.3 50 62
6906 1E19919 1980 7 19 6.85 158.4 1981 4 24 10.2833 146.6333 49 60
6914 2E20684 1980 7 23 7.0833 158.3 1981 4 5 14.8 134.75 62 70
6913 2E21393 1980 7 22 6.85 158.0667 1981 4 13 5.1333 154.4333 50 0
6917 2E21970 1980 7 25 7.0667 158.2 1981 4 8 17.8833 133.5833 61 71
6926 1B14286 1980 8 12 2.8667 131.6667 1981 4 12 -3.9167 151.5167 36 60
6924 2E22523 1980 8 9 3 131.6 1981 4 11 -1.8333 149.6667 34 55
6925 2E22611 1980 8 11 2.95 131.6667 1981 4 11 16 135.5 42 63
6927 2E22881 1980 8 12 2.8833 131.6667 1981 4 24 1.6333 154.1 50 53
6927 2E23008 1980 8 12 2.8833 131.6667 1981 4 1 2.8333 140.6167 44 60
6931 2E23562 1980 8 14 2.8833 131.6333 1981 4 15 2.65 146.3167 46 51
6935 2E24938 1980 8 18 7.6833 134.1667 1981 4 21 0.25 155.85 38 55
6935 2E25353 1980 8 18 7.6833 134.1667 1981 4 21 19.7667 129.7667 39 58
6935 2E25450 1980 8 18 7.6833 134.1667 1981 4 11 2 150 38 53
6935 2E26215 1980 8 18 7.6833 134.1667 1981 4 8 3.8667 140.25 40 55
6936 2E26799 1980 8 19 7.8 134.3 1981 4 21 7.5 134 41 60
6935 2E26829 1980 8 18 7.6833 134.1667 1981 4 13 4.6667 142.3 40 58
6936 2E27230 1980 8 19 7.8 134.3 1981 4 11 3.4667 155.35 38 56
6936 2E27627 1980 8 19 7.8 134.3 1981 4 20 0.4 156.3833 38 55
6936 2E27915 1980 8 19 7.8 134.3 1981 4 7 16 136 41 54
6936 2E28216 1980 8 19 7.8 134.3 1981 4 25 16.6333 133.6333 38 53
6936 2E28314 1980 8 19 7.8 134.3 1981 4 1 2.8333 140.6167 40 55
6936 2E28417 1980 8 19 7.8 134.3 1981 4 2 2 173 39 55
6935 SM04416 1980 8 18 7.6833 134.1667 1981 4 14 3.1167 146.1333 38 55
172153 4702 1980 4 14 5.87 274.93 1981 4 3 -0.95 279.1 47.5 NA
174118 4841 1981 3 29 -1.57 277.73 1981 4 6 -2.65 277.93 52.1 NA
174122 4842 1981 3 29 -1.57 277.73 1981 4 16 -3.17 278.88 50.1 NA
174387 4855 1981 3 29 -1.57 277.73 1981 4 28 4.25 273.73 50.1 NA
174408 4856 1981 3 29 -1.57 277.73 1981 4 16 -3.17 278.88 52.1 NA
174843 4875 1981 3 29 -1.48 277.75 1981 4 16 -3.17 278.88 52.3 NA
175052 4881 1981 3 29 -1.48 277.75 1981 4 16 -3.17 278.88 57.1 NA
175108 4887 1981 3 29 -1.48 277.75 1981 4 30 4.08 280 56.1 NA
174878 4893 1981 3 30 -1.33 277.87 1981 4 30 2.1 278.83 48.3 NA
175159 4908 1981 3 30 -1.33 277.87 1981 4 15 -2.2 277.85 54.1 NA
175393 4941 1981 3 30 -1.33 277.87 1981 4 8 -2.65 277.75 52.1 NA
175500 4950 1981 3 30 -1.33 277.87 1981 4 16 -3.17 278.88 54.1 NA
175488 4957 1981 4 6 3.08 278.68 1981 4 28 5.22 278 44.3 NA
175555 4961 1981 4 6 3.08 278.68 1981 4 25 3.62 278.72 48.1 NA
175560 4962 1981 4 6 3.08 278.68 1981 4 29 4.17 280 41.1 42.7
175568 4963 1981 4 6 3.08 278.68 1981 4 30 2.1 278.83 51.1 NA
175616 4965 1981 4 6 3.08 278.68 1981 4 29 4.17 280 47.1 NA
175624 4966 1981 4 6 3.08 278.68 1981 4 29 4.17 280 48.1 48.8
175709 4969 1981 4 6 3.08 278.68 1981 4 26 3.8 278.83 50.3 53
175815 4970 1981 4 6 3.08 278.68 1981 4 30 3.95 280.78 45.1 46
175853 4972 1981 4 6 3.08 278.68 1981 4 27 4.43 279.55 46.1 47
175854 4973 1981 4 6 3.08 278.68 1981 4 25 3.62 278.72 47.1 NA
176502 4977 1981 4 12 4.93 272.85 1981 4 28 4.27 273.73 49.3 50.8
176524 4979 1981 4 12 4.93 272.85 1981 4 28 4.25 273.73 52.3 NA
176621 4982 1981 4 12 5.05 272.6 1981 4 28 4.27 273.73 48.1 49.8
176636 4984 1981 4 12 4.93 272.85 1981 4 28 4.27 273.73 53.1 54.2
176646 4985 1981 4 12 4.93 272.85 1981 4 28 4.25 273.73 45.1 NA
176647 4986 1981 4 12 4.93 272.85 1981 4 28 4.27 273.73 48.1 50.4
176652 4987 1981 4 12 4.93 272.85 1981 4 28 4.25 273.73 53.1 NA
176749 4990 1981 4 12 5.05 272.6 1981 4 28 4.25 273.73 48.3 NA
176762 4992 1981 4 12 4.93 272.6 1981 4 28 4.25 273.73 46.3 NA
176770 4993 1981 4 12 4.93 273.37 1981 4 30 3.9 273.58 50.3 49
176785 4994 1981 4 12 4.93 272.85 1981 4 28 4.27 273.73 47.3 50.7
176803 4996 1981 4 12 4.93 273.37 1981 4 28 4.25 273.73 52.2 NA
176836 4999 1981 4 12 4.93 273.37 1981 4 28 4.25 273.73 51.3 NA
177001 5002 1981 4 12 4.93 273.37 1981 4 28 4.25 273.73 50.1 NA
177060 5004 1981 4 12 4.93 273.37 1981 4 28 4.27 273.73 49.1 50.7
177125 5006 1981 4 12 4.93 273.37 1981 4 28 4.27 273.73 47.3 52.8
177142 5007 1981 4 12 4.93 273.37 1981 4 28 4.25 273.73 42.3 49.8
177207 5009 1981 4 12 4.93 273.37 1981 4 28 4.25 273.73 48.1 50
177208 5010 1981 4 12 4.93 273.37 1981 4 28 4.25 273.73 45.1 NA
177264 5013 1981 4 12 4.93 273.37 1981 4 28 4.25 273.73 45.1 NA
177406 5014 1981 4 12 4.93 273.37 1981 4 28 4.25 273.73 48.3 NA
177454 5017 1981 4 12 4.93 273.37 1981 4 28 4.25 273.73 49.3 NA
177479 5018 1981 4 12 4.93 273.37 1981 4 28 4.27 273.73 52.2 53.6
177504 5019 1981 4 12 4.93 273.37 1981 4 28 4.27 273.73 49.1 50.5
177563 5020 1981 4 12 4.93 273.37 1981 4 28 4.25 273.73 50.1 NA
177757 5021 1981 4 12 4.93 273.37 1981 4 28 4.27 273.73 49.3 50.6
177996 5024 1981 4 12 4.93 273.37 1981 4 28 4.25 273.73 48.3 NA
178022 5025 1981 4 12 4.93 273.37 1981 4 28 4.27 273.73 50.3 52.2
178034 5027 1981 4 12 4.93 273.37 1981 4 28 4.25 273.73 47.3 NA
178063 5029 1981 4 12 4.93 273.37 1981 4 28 4.25 273.73 47.3 NA
178069 5030 1981 4 12 4.93 273.37 1981 4 28 4.25 273.73 52.2 NA
178072 5031 1981 4 12 4.93 273.37 1981 4 30 3.9 273.58 49.3 51.9
178083 5032 1981 4 12 4.93 273.37 1981 4 28 4.25 273.73 48.3 NA
178123 5034 1981 4 12 4.93 273.37 1981 4 28 4.25 273.73 48.3 NA
178129 5035 1981 4 12 4.93 273.37 1981 4 28 4.27 273.73 51.3 51.8
178168 5036 1981 4 12 4.93 273.37 1981 4 28 4.25 273.73 48.3 NA
178169 5037 1981 4 12 4.93 273.37 1981 4 28 4.25 273.73 51.3 NA
178190 5039 1981 4 12 4.93 273.37 1981 4 28 4.25 273.73 48.3 NA
178203 5041 1981 4 12 4.93 273.37 1981 4 28 4.25 273.73 49.3 NA
178208 5042 1981 4 12 4.93 273.37 1981 4 28 4.25 273.73 48.3 50
178216 5044 1981 4 12 4.93 273.37 1981 4 28 4.25 273.73 48.3 49.5
178237 5045 1981 4 12 4.93 273.37 1981 4 28 4.25 273.73 50.3 51.4
178281 5047 1981 4 12 4.93 273.37 1981 4 28 4.25 273.73 49.3 NA
178296 5048 1981 4 12 4.93 273.37 1981 4 28 4.27 273.73 47.3 50.1
178305 5050 1981 4 12 4.93 273.37 1981 4 28 4.25 273.73 48.1 NA
178312 5051 1981 4 12 4.93 273.37 1981 4 28 4.27 273.73 51.1 52.8
178324 5052 1981 4 12 4.93 273.37 1981 4 28 4.25 273.73 52.1 51.1
178366 5054 1981 4 12 4.93 273.37 1981 4 28 4.25 273.73 52.1 53.1
178426 5055 1981 4 12 4.93 273.37 1981 4 28 4.27 273.73 48.3 50.5
178478 5057 1981 4 12 4.93 273.37 1981 4 28 4.27 273.73 50.3 51.9
178545 5060 1981 4 12 4.93 273.37 1981 4 28 4.27 273.73 49.3 50.1
178554 5061 1981 4 12 4.93 273.37 1981 4 28 4.25 273.73 50.3 NA
178626 5064 1981 4 12 4.93 273.37 1981 4 28 4.25 273.73 52.1 NA
178727 5066 1981 4 12 4.93 273.37 1981 4 28 4.25 273.73 49.3 NA
178752 5069 1981 4 12 4.93 273.37 1981 4 28 4.25 273.73 48.3 NA
178800 5070 1981 4 12 4.93 273.37 1981 4 28 4.27 273.73 51.3 54
178802 5071 1981 4 12 4.93 273.37 1981 4 28 4.25 273.73 49.3 NA
178876 5073 1981 4 12 4.93 273.37 1981 4 28 4.27 273.73 50.3 52.6
178925 5075 1981 4 12 4.93 273.37 1981 4 28 4.25 273.73 50.1 NA
178965 5076 1981 4 12 4.93 273.37 1981 4 28 4.25 273.73 50.1 NA
179156 5077 1981 4 12 4.93 273.37 1981 4 28 4.27 273.73 50.3 51.5
175570 5078 1981 4 16 3.08 278.68 1981 4 27 4.38 279.8 45.3 NA
