1109
id tag_no yr mo day lat lon yr_rec mo_rec day_rec lat_rec lon_rec len_rel len_rec
9112 P07558 2006 9 21 -3.8846 145.6833 2009 8 1 -2.3996 142.4551 53 NA
20694 P16210 2006 10 30 -1.1755 146.5172 2009 8 23 -0.086 144.1448 42 NA
45840 Z26205 2007 4 13 -3.8228 149.0631 2009 8 28 -3.1743 145.7071 39 65
50447 P37770 2007 4 24 -2.0732 144.4468 2009 8 13 -3.1333 144.7 39 38
52460 P37924 2007 5 1 -4.9122 145.9136 2009 8 23 -4.108 150.5627 38 43
72855 A07530 2007 11 14 -8.2994 158.1062 2009 8 2 -4.7809 146.697 39 NA
82337 P53258 2008 2 27 -8.8139 158.484 2009 8 20 -8 159 37 82
86223 P56611 2008 3 5 -9.6658 161.1484 2009 8 1 -2.1833 257.3833 38 NA
100715 A23681 2008 4 2 -8.158 158.695 2009 8 10 -8.6887 156.8527 45 44
108264 P68439 2008 6 27 0.5466 155.4116 2009 8 8 1.0953 161.212 49 50
113762 P70170 2008 7 21 2.5138 156.1913 2009 8 28 1.0946 156.9236 53 NA
121536 P73945 2008 8 25 3.0923 131.1198 2009 8 18 3.2878 129.65 50 33
123744 P76360 2008 8 27 4.8383 132.0862 2009 8 11 -3.052 145.7667 61 71
129795 P78960 2008 10 2 -0.4685 129.5561 2009 8 25 2.406 156.402 40 56.5
129872 P79045 2008 10 2 -0.5009 129.5397 2009 8 19 -3.371 176.254 46 65
130800 Z60869 2008 10 4 0.2502 130.7864 2009 8 28 1.137 156.931 35 52
131013 P80238 2008 10 4 0.2502 130.7864 2009 8 10 -0.3788 144.1278 39 50
130939 P78427 2008 10 4 0.1935 131.0059 2009 8 5 0.4254 170.2786 39 57
131539 P80871 2008 10 5 0.1924 131.0064 2009 8 21 -2.1379 158.4199 38 86
132055 P78239 2008 10 5 0.2554 130.8246 2009 8 16 1.6333 160.9167 39 56
133526 P91881 2008 10 6 1.0501 130.6411 2009 8 16 -2.4 144.242 41 93
136656 Z55163 2008 10 12 -2.7122 125.6081 2009 8 20 -0.1952 146.7627 37 46
138617 P93823 2008 10 13 -2.8468 125.7008 2009 8 15 -1.7178 126.7853 38 49
144101 Z56803 2008 10 20 -3.5979 132.3994 2009 8 25 -2.5417 130.1417 36 40.5
145366 P95854 2008 10 20 -3.5979 132.3994 2009 8 25 -2.5417 130.1417 39 50
147334 P90158 2008 10 21 -2.4577 129.6453 2009 8 17 2.1792 164.6199 42 50
147396 P98087 2008 10 22 -2.3805 129.146 2009 8 23 -0.1053 144.156 38 NA
147869 P90323 2008 10 22 -2.3805 129.146 2009 8 12 1.2021 164.1324 38 57
147604 P91021 2008 10 22 -2.2801 129.1323 2009 8 25 -2.5417 130.1417 44 25
150248 P84275 2008 10 24 -0.5079 131.4001 2009 8 6 2.6354 164.4866 40 59
150479 P85029 2008 10 24 -0.5079 131.4001 2009 8 6 2.6341 164.4823 42 68
151566 P102696 2008 10 26 -0.4176 131.6365 2009 8 3 -0.1792 171.0769 41 57
151827 P99147 2008 10 26 -0.0347 132.1686 2009 8 27 0.985 167.978 42 57.5
152304 P86023 2008 10 26 -0.0347 132.1686 2009 8 27 -1.324 142.6817 39 51
153078 P88202 2008 10 29 -0.2883 138.2173 2009 8 23 -0.1053 144.156 44 47
153147 P88183 2008 10 29 -0.2883 138.2173 2009 8 12 1.202 164.1323 43 60
156026 P89818 2008 11 8 -0.342 147.6317 2009 8 19 -2.1093 142.6624 46 48
156364 P88663 2008 11 8 -0.342 147.6317 2009 8 8 1.8929 165.3385 48 59
156836 P98495 2008 11 8 -0.2415 147.7772 2009 8 22 -5.2 149.4 45 76
157519 P99829 2008 11 11 -0.3396 148.0723 2009 8 12 2.4442 167.2786 42 63
157666 P98569 2008 11 11 -0.3396 148.0723 2009 8 29 1.0877 156.9115 50 NA
158460 P100465 2008 11 12 -0.0134 149.2527 2009 8 8 1.8813 165.3321 48 60
162004 P103909 2008 11 20 -4.22 155.2265 2009 8 26 -3.615 180.3582 51 65
168679 P103887 2009 3 16 -10.4689 156.0293 2009 8 3 -0.1791 171.0772 52 59
168945 P99966 2009 3 17 -10.9713 154.0614 2009 8 23 -0.1052 144.156 48 NA
169045 P104230 2009 3 17 -10.9713 154.0614 2009 8 1 -8.7487 159.134 53 61
169118 P104403 2009 3 17 -10.9713 154.0614 2009 8 18 -1.9714 180.8613 53 48
169127 P104409 2009 3 17 -10.9526 154.0291 2009 8 25 -8 159 46 43
169939 P104784 2009 3 18 -10.8417 153.8687 2009 8 17 2.1792 164.6199 65 69
169996 P105008 2009 3 18 -10.8417 153.8687 2009 8 23 -0.388 158.596 54 60
170249 P113125 2009 3 18 -10.8417 153.8687 2009 8 29 -3.0426 180.5739 51 57
170531 P105125 2009 3 18 -10.8417 153.8687 2009 8 25 2.406 156.402 54 63
172235 Z63439 2009 3 18 -10.8589 153.3492 2009 8 4 -3.848 147.2633 35 39
172362 P105199 2009 3 19 -10.3144 153.9994 2009 8 22 -1.3192 160.064 54 58
172808 P105393 2009 3 19 -10.2755 153.5264 2009 8 12 -0.7294 180.1097 46 51
172934 P105995 2009 3 19 -10.2755 153.5264 2009 8 25 2.406 156.402 47 55
172942 P106103 2009 3 19 -10.2755 153.5264 2009 8 3 -0.1791 171.0769 54 58
172955 P106116 2009 3 19 -10.265 153.5455 2009 8 22 -5.2 149.4 46 42
173005 Z64624 2009 3 19 -10.2555 153.5225 2009 8 12 -3.384 145.4239 36 37
173049 Z64296 2009 3 20 -10.5194 153.5019 2009 8 6 -2.2988 141.8827 38 40
173215 Z65562 2009 3 20 -10.5194 153.5019 2009 8 22 -5.2 149.4 36 57
175423 P105836 2009 3 20 -10.5194 153.5019 2009 8 20 -7.4426 156.8365 38 48
175932 P106309 2009 3 21 -10.7254 154.0053 2009 8 19 -3.371 176.254 52 62
175977 Z71775 2009 3 21 -10.8188 154.3479 2009 8 14 -1.9747 143.6133 37 41
176505 P105555 2009 3 21 -10.8188 154.3479 2009 8 8 -2.083 144.6672 46 51
176593 P106595 2009 3 21 -10.8188 154.3479 2009 8 25 -4.3973 149.8347 48 45
177479 P106817 2009 3 21 -10.9309 155.1577 2009 8 13 -0.37 154.9867 44 53
177263 P107136 2009 3 21 -10.9323 155.1699 2009 8 6 2.6285 164.4826 53 59
177903 Z72017 2009 3 26 -1.9834 156.0343 2009 8 15 -2.493 177.9726 34 49
178435 Z73039 2009 3 26 -1.4736 156.0148 2009 8 29 0.05 158.8167 36 58
178527 P107255 2009 3 26 -1.4459 156.037 2009 8 19 -3.371 176.254 41 56
178529 P108045 2009 3 26 -1.4459 156.037 2009 8 8 1.9119 165.3313 45 56
179002 P108216 2009 3 27 -0.0179 155.9623 2009 8 11 1.5448 161.2993 40 48.5
179040 P108254 2009 3 27 -0.0179 155.9623 2009 8 25 2.406 156.402 43 47
179061 P108275 2009 3 27 -0.0179 155.9623 2009 8 29 -3.0874 177.7558 38 50
180402 P109678 2009 3 28 3.0671 156.0481 2009 8 6 2.6459 164.4784 46 55
180009 P109965 2009 3 28 3.1716 156.0919 2009 8 14 -2.9135 176.2387 40 54
180771 P110716 2009 3 29 4.9756 156.0328 2009 8 4 -0.0433 171.122 40 53
180772 P110717 2009 3 29 4.9756 156.0328 2009 8 14 -2.9482 176.2489 40 55.5
180838 P110781 2009 3 29 4.9756 156.0328 2009 8 15 -2.834 174.733 41 42
180873 P110074 2009 3 29 4.9756 156.0328 2009 8 18 2.9652 196.0024 41 55.5
180919 P110970 2009 3 29 4.9756 156.0328 2009 8 18 1.29 164.1035 39 50
181001 P111110 2009 3 29 4.9756 156.0328 2009 8 18 1.7033 162.6707 45 52.6
181084 P110422 2009 3 29 4.9756 156.0328 2009 8 8 1.9146 165.3127 46 58
181171 P109746 2009 3 29 4.9756 156.0328 2009 8 12 -0.73 180.11 38 48
181177 P109752 2009 3 29 4.9756 156.0328 2009 8 8 1.9034 165.3334 39 49
181241 P110516 2009 3 29 4.9756 156.0328 2009 8 6 2.6392 164.4778 41 55
181472 P110225 2009 3 29 4.9756 156.0328 2009 8 6 2.6319 164.4799 43 55
181729 P110852 2009 3 29 4.9756 156.0328 2009 8 12 14.375 120.4226 43 61.5
181828 P110931 2009 3 29 4.9756 156.0328 2009 8 14 7.1253 171.252 43 39
181895 P109293 2009 3 29 4.9756 156.0328 2009 8 15 -2.841 174.7206 39 45
181941 P110325 2009 3 29 4.9756 156.0328 2009 8 6 2.6245 164.4729 43 56
182098 P111707 2009 3 31 6.6368 157.6502 2009 8 6 2.6369 164.4854 53 61
182102 P111711 2009 3 31 6.6368 157.6502 2009 8 6 1.8167 164.0667 54 58.6
182266 P111582 2009 3 31 6.6368 157.6502 2009 8 9 1.0867 161.4893 50 55
182340 P111493 2009 3 31 6.6368 157.6502 2009 8 12 -0.141 163.2723 50 57
182510 P111094 2009 3 31 6.6368 157.6502 2009 8 16 1.64 161.1313 48 54
182702 P111823 2009 3 31 6.6368 157.6502 2009 8 18 1.7033 162.6707 48 56.6
182975 P112206 2009 4 1 8.6006 157.9451 2009 8 15 1.6466 196.1509 48 47
183027 P112641 2009 4 1 8.6006 157.9451 2009 8 1 -4.9489 181.473 53 63
183106 P112252 2009 4 1 8.6006 157.9451 2009 8 6 1.8353 164.13 53 59.5
183117 P112311 2009 4 1 8.6006 157.9451 2009 8 12 -0.7294 180.1101 49 56
183160 P112806 2009 4 1 8.6006 157.9451 2009 8 21 3.4687 161.7487 60 53
183182 P112815 2009 4 1 8.6006 157.9451 2009 8 2 1.7801 164.2028 50 NA
183203 P112824 2009 4 1 8.6006 157.9451 2009 8 12 1.2102 163.969 54 60
183219 P112831 2009 4 1 8.6006 157.9451 2009 8 6 2.6328 164.4958 49 57
183386 P112074 2009 4 1 8.6006 157.9451 2009 8 7 1.0027 161.1013 50 58.9
183441 P112412 2009 4 1 8.6006 157.9451 2009 8 28 0.0053 158.8067 48 57
183543 P112474 2009 4 1 8.6006 157.9451 2009 8 12 -2.8041 174.8063 47 57
183593 P113921 2009 4 2 6.7504 157.7837 2009 8 8 1.8809 165.3237 47 62
183770 P113595 2009 4 2 6.7504 157.7837 2009 8 8 1.8897 165.3356 44 63
183837 P113862 2009 4 2 6.7504 157.7837 2009 8 3 3.25 161.7513 43 52
183876 P114001 2009 4 2 6.7504 157.7837 2009 8 9 1.0867 161.4893 43 53.6
183894 P114019 2009 4 2 6.7504 157.7837 2009 8 17 2.1792 164.6199 46 57
183974 P114099 2009 4 2 6.7504 157.7837 2009 8 15 -2.529 177.9344 45 55
183999 P114125 2009 4 2 6.7504 157.7837 2009 8 25 2.406 156.402 43 51
184015 P112751 2009 4 2 6.7504 157.7837 2009 8 26 -2.6706 178.2807 52 52
184041 P112777 2009 4 2 6.7504 157.7837 2009 8 6 1.8353 164.13 44 53
184043 P112779 2009 4 2 6.7504 157.7837 2009 8 27 -3.2957 179.6962 45 42
184231 P112567 2009 4 2 6.7504 157.7837 2009 8 3 3.2768 162.0335 43 54
184336 P112972 2009 4 2 6.7504 157.7837 2009 8 4 -0.0433 171.122 48 52
184362 P112998 2009 4 2 6.7504 157.7837 2009 8 6 2.6318 164.4865 45 55
184390 P114426 2009 4 2 6.7504 157.7837 2009 8 27 -3.2957 179.6962 43 53
184520 P114156 2009 4 5 6.5777 158.8924 2009 8 6 1.15 173 51 39
184533 P114169 2009 4 5 6.5777 158.8924 2009 8 8 1.9035 165.3373 46 51
184537 P114173 2009 4 5 6.5777 158.8924 2009 8 30 2.808 169.7331 45 52.5
184587 P114510 2009 4 5 6.5777 158.8924 2009 8 6 2.636 164.4886 45 52
184600 P114442 2009 4 5 6.5777 158.8924 2009 8 2 2.292 164.7413 43 67
184696 P115707 2009 4 7 5.0387 165.0056 2009 8 18 -3.0129 178.1318 42 40
184697 P115708 2009 4 7 5.0387 165.0056 2009 8 6 2.657 164.707 44 55
185012 P115536 2009 4 7 5.0387 165.0056 2009 8 20 0.1253 166.34 43 42
185073 P115192 2009 4 7 5.0387 165.0056 2009 8 8 1.8883 165.3202 42 52
185110 P115419 2009 4 7 5.0387 165.0056 2009 8 4 1.15 173 44 45
185139 P115001 2009 4 7 5.0387 165.0056 2009 8 15 -2.5495 177.9628 40 45
185186 P115030 2009 4 7 5.0387 165.0056 2009 8 8 1.8935 165.3122 41 55
185195 P115035 2009 4 7 5.0387 165.0056 2009 8 13 -0.7426 180.1904 42 46
185450 P114633 2009 4 7 5.0387 165.0056 2009 8 12 -0.7296 180.1099 43 45
185617 P114564 2009 4 7 5.0387 165.0056 2009 8 29 -3.4907 177.4507 43 50
185699 P114810 2009 4 7 5.0387 165.0056 2009 8 2 1.9107 165.9533 38 48.5
185701 P114812 2009 4 7 5.0387 165.0056 2009 8 6 0.1622 170.8396 43 53
185750 P114854 2009 4 7 5.0387 165.0056 2009 8 6 2.6392 164.4962 42 55
185860 P114352 2009 4 7 5.0387 165.0056 2009 8 4 -3.1387 178.4507 44 53
185885 P114377 2009 4 7 5.0387 165.0056 2009 8 14 -2.9665 176.2661 44 36
185998 P115290 2009 4 7 5.0387 165.0056 2009 8 2 -0.4839 173.491 45 50
186033 P115325 2009 4 7 5.0387 165.0056 2009 8 15 1.6466 196.1509 45 NA
186196 P115764 2009 4 15 5.8717 169.7767 2009 8 16 1.552 196.006 46 53
186204 P115772 2009 4 15 5.8717 169.7767 2009 8 5 1.0138 174.3326 48 49
186291 P115939 2009 4 16 5.7743 169.6126 2009 8 6 0.624 163.772 44 52
186298 P115942 2009 4 16 5.7115 169.1579 2009 8 30 -3.6232 176.9731 47 45
186658 P115993 2009 4 18 6.3071 169.3942 2009 8 15 -1.8887 177.814 45 53
186703 P116067 2009 4 18 6.3071 169.3942 2009 8 15 1.5473 196.0273 49 64
186764 P116091 2009 4 18 6.3071 169.3942 2009 8 6 2.6408 164.4782 48 58
187153 P116996 2009 4 20 7.1966 171.2204 2009 8 8 1.8854 165.3241 45 53
187185 P117025 2009 4 20 7.1966 171.2204 2009 8 18 -3.0087 178.0826 42 53
187225 P116769 2009 4 20 7.1966 171.2204 2009 8 8 1.9214 165.3192 44 58
187321 P116899 2009 4 20 7.1966 171.2204 2009 8 2 1.9107 165.9533 45 50
187658 P117568 2009 4 23 3.4874 173.0487 2009 8 14 7.1253 171.252 40 39
187685 P117590 2009 4 23 3.4874 173.0487 2009 8 16 -3.7419 178.2856 43 49.5
187766 P116271 2009 4 23 3.4874 173.0487 2009 8 14 7.1253 171.2519 41 37
187911 P117650 2009 4 23 3.4874 173.0487 2009 8 14 7.1253 171.252 46 39
188022 P117726 2009 4 23 3.4575 173.0762 2009 8 12 -1.6875 178.788 41 50
188047 P117346 2009 4 26 1.9499 172.7724 2009 8 20 -1.6128 178.3807 44 51
188051 P117350 2009 4 26 1.9499 172.7724 2009 8 14 7.1253 171.252 45 39
188069 P117368 2009 4 26 1.9499 172.7724 2009 8 14 7.1253 171.252 46 39
188174 P118016 2009 4 26 1.9499 172.7724 2009 8 5 1.0138 174.3326 45 49
188177 P118019 2009 4 26 1.9499 172.7724 2009 8 14 7.1253 171.252 45 39
188242 P117820 2009 4 26 1.9499 172.7724 2009 8 15 1.526 196.094 47 58
188340 P117884 2009 4 26 1.9499 172.7724 2009 8 22 -3.0687 180.4927 46 52
188345 P117912 2009 4 26 1.9499 172.7724 2009 8 26 -3.6165 180.359 45 51
188455 P120128 2009 4 27 1.9929 172.8551 2009 8 19 0.9753 173.7793 45 55
188520 P120167 2009 4 27 1.9929 172.8551 2009 8 14 1.9407 165.934 44 49
188527 P117473 2009 4 27 1.9929 172.8551 2009 8 15 1.62 196.1707 41 51
188564 P117495 2009 4 27 1.9929 172.8551 2009 8 10 3.6217 185.9341 45 49
188565 P117496 2009 4 27 1.9929 172.8551 2009 8 17 -4.9613 181.5307 46 65
188569 P117499 2009 4 27 1.9929 172.8551 2009 8 18 -2.2709 178.9455 42 49
188579 P120193 2009 4 27 1.9929 172.8551 2009 8 15 -1.8887 177.814 44 55
188623 P118637 2009 4 27 1.9929 172.8551 2009 8 18 -1.9693 180.863 48 53.5
188660 P118674 2009 4 27 1.9929 172.8551 2009 8 5 1.2976 174.614 44 49
188684 P120205 2009 4 27 1.9929 172.8551 2009 8 18 1.4692 195.9047 43 54.5
189126 P119260 2009 4 27 1.9929 172.8551 2009 8 14 7.1253 171.252 46 39
189467 P118938 2009 4 27 1.9929 172.8551 2009 8 14 7.1253 171.2519 47 39
189581 P119451 2009 4 27 1.9929 172.8551 2009 8 5 1.2976 174.614 46 51
189588 P117991 2009 4 27 1.9929 172.8551 2009 8 20 -2.528 177.5473 44 61
189635 P119493 2009 4 27 1.9929 172.8551 2009 8 5 1.2976 174.614 43 50
189650 P118207 2009 4 27 1.9929 172.8551 2009 8 8 1.8827 165.3249 45 51
189746 P118278 2009 4 27 1.9929 172.8551 2009 8 20 -1.6117 178.3771 46 52
189954 P118826 2009 4 27 1.9929 172.8551 2009 8 14 7.1253 171.2519 47 39
190005 P118857 2009 4 27 1.9929 172.8551 2009 8 5 1.2976 174.614 47 50
190016 P118868 2009 4 27 1.9929 172.8551 2009 8 2 -0.4887 173.494 49 44
190044 P118896 2009 4 27 1.9929 172.8551 2009 8 2 -0.4887 173.494 49 46
190140 P119192 2009 4 27 1.9929 172.8551 2009 8 17 -1.8397 179.9746 46 53
190492 P118597 2009 4 27 1.9929 172.8551 2009 8 7 -3.3318 179.127 42 49.5
190536 P118408 2009 4 27 1.9929 172.8551 2009 8 20 -1.6142 178.3746 44 52
190573 P118424 2009 4 27 1.9929 172.8551 2009 8 14 7.1254 171.252 42 39
190735 P118477 2009 4 27 1.9929 172.8551 2009 8 7 -4.2579 181.8467 46 48.5
190754 P118488 2009 4 27 1.9929 172.8551 2009 8 20 -1.615 178.38 45 50
190826 P120406 2009 4 27 1.9929 172.8551 2009 8 15 -1.8887 177.814 43 50
190918 P120051 2009 4 27 1.9929 172.8551 2009 8 6 2.6317 164.4874 44 57
190997 P120449 2009 4 27 1.9929 172.8551 2009 8 15 0.624 163.772 45 48
191015 P120095 2009 4 27 1.9929 172.8551 2009 8 15 -1.8899 179.049 46 50.5
189913 P120562 2009 4 27 2.0022 172.8634 2009 8 14 7.1253 171.252 44 39
190242 P120760 2009 4 27 2.0022 172.8634 2009 8 20 -1.6053 178.381 44 55
189227 P119662 2009 4 27 2.0129 173.0204 2009 8 14 7.1253 171.252 44 39
189332 P120647 2009 4 27 2.0129 173.0204 2009 8 6 2.6312 164.4846 45 54
189935 P120572 2009 4 27 2.0129 173.0204 2009 8 5 1.1971 174.3326 44 49
190451 P120822 2009 4 27 2.0129 173.0204 2009 8 14 7.1254 171.252 47 39
190469 P120832 2009 4 27 2.0129 173.0204 2009 8 14 7.1253 171.2519 45 39
190470 P120833 2009 4 27 2.0129 173.0204 2009 8 14 7.1253 171.2519 47 39
190545 P120883 2009 4 27 2.0129 173.0204 2009 8 17 -1.05 212.8667 49 NA
190617 P119827 2009 4 27 2.0129 173.0204 2009 8 14 7.1253 171.252 43 39
191276 P121037 2009 4 28 2.0774 173.2645 2009 8 6 2.6368 164.4787 44 51
191278 P119843 2009 4 28 2.0774 173.2645 2009 8 31 -3.3172 177.4953 45 58
191333 P121507 2009 4 28 2.0774 173.2645 2009 8 16 -3.7409 178.2856 44 47
193017 P123203 2009 4 30 1.1627 173.0142 2009 8 31 -3.3173 177.4953 43 45
193105 P123290 2009 4 30 1.1627 173.0142 2009 8 8 1.9042 165.295 46 52
193146 P122909 2009 4 30 1.1627 173.0142 2009 8 24 1.15 173 49 97
193151 P122667 2009 4 30 1.1627 173.0142 2009 8 4 -2.4813 177.64 45 NA
193205 P122932 2009 4 30 1.1627 173.0142 2009 8 20 -1.6175 178.3782 47 53
193207 P122934 2009 4 30 1.1627 173.0142 2009 8 6 -2.984 177.2613 44 54
193273 P122983 2009 4 30 1.1627 173.0142 2009 8 15 -2.5431 177.9472 44 52
193294 P122733 2009 4 30 1.1627 173.0142 2009 8 15 -2.5592 177.9856 45 54
193297 P122990 2009 4 30 1.1627 173.0142 2009 8 20 -1.6167 178.3793 44 54
193314 P122749 2009 4 30 1.1627 173.0142 2009 8 17 -3.0747 177.366 43 64
193359 P122503 2009 4 30 1.1627 173.0142 2009 8 10 1.15 173 47 47
193470 P123020 2009 4 30 1.1627 173.0142 2009 8 14 7.1253 171.252 44 39
193476 P123025 2009 4 30 1.1627 173.0142 2009 8 14 7.1252 171.252 44 39
193485 P121400 2009 4 30 1.1627 173.0142 2009 8 14 7.1254 171.2519 45 39
193523 P123105 2009 4 30 1.1627 173.0142 2009 8 2 -0.4887 173.494 44 46
193672 P122788 2009 4 30 1.1627 173.0142 2009 8 14 7.1253 171.252 45 39
193731 P122813 2009 4 30 1.1627 173.0142 2009 8 6 2.6296 164.4827 47 58
193514 P123059 2009 4 30 1.0332 173.0681 2009 8 20 -1.6171 178.3835 43 50
193706 P123322 2009 4 30 1.0332 173.0681 2009 8 18 -1.9768 195.8658 40 53
193720 P123330 2009 4 30 1.0332 173.0681 2009 8 16 -2.6393 177.51 44 59
193820 P122900 2009 4 30 0.9234 173.1251 2009 8 4 -2.4813 177.64 44 NA
193848 P123806 2009 4 30 0.6059 173.564 2009 8 31 -3.51 176.532 46 56
193879 P123349 2009 4 30 0.6059 173.564 2009 8 7 -4.2579 181.8467 43 49
193903 P123836 2009 4 30 0.5722 173.624 2009 8 10 11.1016 151.5066 45 55
194018 P123726 2009 4 30 0.5327 173.691 2009 8 29 7.1067 171.3613 43 60
194045 P123856 2009 4 30 0.5327 173.691 2009 8 14 7.1253 171.252 46 39
194048 P123435 2009 4 30 0.5327 173.691 2009 8 13 -1.7667 177.6973 43 54
194203 P123791 2009 5 1 0.4647 173.7252 2009 8 23 -3.4207 180.6247 43 55
194430 P123677 2009 5 1 0.4647 173.7252 2009 8 14 7.1253 171.252 46 39
194579 P124104 2009 5 1 0.4647 173.7252 2009 8 7 -3.2113 180.2258 45 51.8
194585 P124110 2009 5 1 0.4647 173.7252 2009 8 7 -3.312 179.1379 40 48
194589 P124114 2009 5 1 0.4647 173.7252 2009 8 18 -1.9466 195.8702 42 53
194679 P123904 2009 5 1 0.4647 173.7252 2009 8 22 -3.0687 180.4927 45 48
194703 P123928 2009 5 1 0.4647 173.7252 2009 8 7 -4.2546 181.8458 47 60
194454 P124701 2009 5 1 0.5267 173.7232 2009 8 20 -1.486 178.4073 43 54
194460 P124707 2009 5 1 0.5267 173.7232 2009 8 14 -1.816 177.72 43 52
194514 P124223 2009 5 1 0.5267 173.7232 2009 8 15 -1.884 179.0417 41 53
195056 P124555 2009 5 3 1.9127 172.7714 2009 8 14 7.1254 171.252 46 39
195057 P124556 2009 5 3 1.9127 172.7714 2009 8 5 1.1971 174.3326 46 50
195116 P124753 2009 5 3 1.9127 172.7714 2009 8 7 -3.319 179.098 44 43
195129 P124766 2009 5 3 1.9127 172.7714 2009 8 14 7.1254 171.252 45 39
195146 P124783 2009 5 3 1.9127 172.7714 2009 8 5 0.424 170.2796 43 53
195812 P124069 2009 5 3 1.9127 172.7714 2009 8 16 -3.1267 175.134 43 47
195855 P124091 2009 5 3 1.9127 172.7714 2009 8 6 3.7081 176.1552 48 57
198323 P125109 2009 5 3 1.9127 172.7714 2009 8 14 -1.816 177.72 44 53
195162 P123507 2009 5 3 1.9712 172.8395 2009 8 14 7.1253 171.252 44 39
195196 P123541 2009 5 3 1.9712 172.8395 2009 8 23 -3.2847 180.0417 44 52
195209 P123554 2009 5 3 1.9712 172.8395 2009 8 23 -2.8779 179.0426 42 51
195373 P125418 2009 5 3 1.9712 172.8395 2009 8 6 0.2527 170.6786 43 52
195404 P125449 2009 5 3 1.9712 172.8395 2009 8 14 7.1253 171.252 46 39
195411 P125456 2009 5 3 1.9712 172.8395 2009 8 17 -1.822 179.9495 43 49
195452 P125498 2009 5 3 1.9712 172.8395 2009 8 14 7.1254 171.2519 45 39
195497 P126043 2009 5 3 1.9712 172.8395 2009 8 14 7.1253 171.252 44 39
195549 P126095 2009 5 3 1.9712 172.8395 2009 8 14 7.1253 171.2519 45 39
195597 P126643 2009 5 3 1.9712 172.8395 2009 8 7 -4.2578 181.8465 45 50
195643 P126689 2009 5 3 1.9712 172.8395 2009 8 5 4.1378 181.3628 48 51
195652 P126698 2009 5 3 1.9712 172.8395 2009 8 8 1.9056 165.3116 45 52
195678 P126324 2009 5 3 1.9712 172.8395 2009 8 14 7.1253 171.252 44 39
195692 P126338 2009 5 3 1.9712 172.8395 2009 8 14 -2.5107 175.27 47 NA
195762 P127209 2009 5 3 1.9712 172.8395 2009 8 18 -3.0085 178.1338 44 48
195783 P127230 2009 5 3 1.9712 172.8395 2009 8 7 -4.2576 181.8466 42 49
195788 P127235 2009 5 3 1.9712 172.8395 2009 8 7 -3.089 180.163 43 51.5
195801 P127247 2009 5 3 1.9712 172.8395 2009 8 7 -4.2578 181.8467 43 50
195868 P127290 2009 5 3 1.9712 172.8395 2009 8 12 -0.7296 180.1095 49 51
195939 P124650 2009 5 3 1.9712 172.8395 2009 8 14 7.1253 171.252 46 39
195974 P124685 2009 5 3 1.9712 172.8395 2009 8 1 -4.9497 181.474 44 51
195986 P124697 2009 5 3 1.9712 172.8395 2009 8 14 7.1253 171.252 47 39
196021 P124832 2009 5 3 1.9712 172.8395 2009 8 16 -2.3633 177.878 42 53
196055 P124866 2009 5 3 1.9712 172.8395 2009 8 27 -3.2957 179.6962 45 55
196108 P125619 2009 5 3 1.9712 172.8395 2009 8 14 7.1254 171.2519 47 39
196113 P125624 2009 5 3 1.9712 172.8395 2009 8 12 1.15 173 46 49
196176 P125687 2009 5 3 1.9712 172.8395 2009 8 12 -0.73 180.1097 48 51
196180 P125691 2009 5 3 1.9712 172.8395 2009 8 16 1.552 196.006 46 58
196200 P125811 2009 5 3 1.9712 172.8395 2009 8 15 -2.5383 177.9705 46 52.5
196252 P125863 2009 5 3 1.9712 172.8395 2009 8 14 7.1252 171.2521 47 39
196306 P126417 2009 5 3 1.9712 172.8395 2009 8 19 -3.144 177.8 46 60
196391 P126702 2009 5 3 1.9712 172.8395 2009 8 14 -1.816 177.72 45 50
196473 P126784 2009 5 3 1.9712 172.8395 2009 8 23 5.37 172.9053 47 59
196477 P126788 2009 5 3 1.9712 172.8395 2009 8 14 7.1253 171.252 46 39
196531 P126942 2009 5 3 1.9712 172.8395 2009 8 14 7.1253 171.252 40 39
196545 P126956 2009 5 3 1.9712 172.8395 2009 8 14 7.1253 171.252 44 39
196560 P126971 2009 5 3 1.9712 172.8395 2009 8 14 7.1253 171.252 47 39
196621 P127331 2009 5 3 1.9712 172.8395 2009 8 18 -1.9699 180.8614 45 47.5
196646 P127356 2009 5 3 1.9712 172.8395 2009 8 28 7.096 171.3627 46 49
196667 P127377 2009 5 3 1.9712 172.8395 2009 8 9 3.5147 159.5593 46 62
196687 P127397 2009 5 3 1.9712 172.8395 2009 8 23 -2.8779 179.0427 45 54
196968 P124981 2009 5 3 1.9712 172.8395 2009 8 2 -0.4887 173.494 41 49
197096 P125907 2009 5 3 1.9712 172.8395 2009 8 23 -3.4207 180.6247 45 50
197097 P125908 2009 5 3 1.9712 172.8395 2009 8 18 -2.2641 178.9425 45 49
197135 P125946 2009 5 3 1.9712 172.8395 2009 8 14 7.1253 171.252 43 39
197179 P125986 2009 5 3 1.9712 172.8395 2009 8 2 -0.4887 173.494 45 47
197239 P126544 2009 5 3 1.9712 172.8395 2009 8 20 -1.6131 178.3751 45 51
197406 P126851 2009 5 3 1.9712 172.8395 2009 8 18 -2.2647 178.9455 46 54
197550 P127149 2009 5 3 1.9712 172.8395 2009 8 14 7.1253 171.252 44 39
197789 P127650 2009 5 3 1.9712 172.8395 2009 8 16 1.552 196.006 43 48
198147 P125245 2009 5 3 1.9712 172.8395 2009 8 7 -4.2579 181.8465 43 49
198520 P125097 2009 5 3 1.9712 172.8395 2009 8 14 7.1253 171.252 47 39
198543 P125529 2009 5 3 1.9712 172.8395 2009 8 14 7.1253 171.252 46 39
198546 P125532 2009 5 3 1.9712 172.8395 2009 8 6 2.6388 164.4795 45 52
198588 P125555 2009 5 3 1.9712 172.8395 2009 8 5 1.2976 174.614 45 50
198590 P125556 2009 5 3 1.9712 172.8395 2009 8 23 -3.4207 180.6247 46 50
198636 P126146 2009 5 3 1.9712 172.8395 2009 8 8 1.8787 165.3479 46 55
198652 P126159 2009 5 3 1.9712 172.8395 2009 8 5 1.1971 174.3326 43 57
198674 P126175 2009 5 3 1.9712 172.8395 2009 8 29 7.1067 171.3613 45 58
198692 P125594 2009 5 3 1.9712 172.8395 2009 8 15 1.526 196.094 48 58
198694 P125595 2009 5 3 1.9712 172.8395 2009 8 14 7.1254 171.252 48 39
198695 P126186 2009 5 3 1.9712 172.8395 2009 8 5 1.2976 174.614 43 49
198715 P127001 2009 5 3 1.9712 172.8395 2009 8 18 -2.5738 178.8637 44 42
198718 P127004 2009 5 3 1.9712 172.8395 2009 8 18 -3.0114 178.1331 45 48
198735 P127018 2009 5 3 1.9712 172.8395 2009 8 5 1.2976 174.614 44 49
198761 P127407 2009 5 3 1.9712 172.8395 2009 8 15 -1.8867 179.0487 46 52
198801 P127049 2009 5 3 1.9712 172.8395 2009 8 23 -3.2828 180.0421 45 50
198802 P127424 2009 5 3 1.9712 172.8395 2009 8 20 -1.6164 178.384 45 52
198830 P127432 2009 5 3 1.9712 172.8395 2009 8 18 -2.2628 178.9401 44 51
198887 P127460 2009 5 3 1.9712 172.8395 2009 8 18 -1.9676 195.8691 43 51
198900 P126232 2009 5 3 1.9712 172.8395 2009 8 14 7.1253 171.252 44 39
198910 P127471 2009 5 3 1.9712 172.8395 2009 8 14 7.1253 171.252 43 39
198933 P126248 2009 5 3 1.9712 172.8395 2009 8 17 -1.837 179.9644 45 35
198982 P126270 2009 5 3 1.9712 172.8395 2009 8 14 7.1253 171.252 45 39
199009 P126290 2009 5 3 1.9712 172.8395 2009 8 23 -2.7082 178.7949 45 52
199019 P126298 2009 5 3 1.9712 172.8395 2009 8 1 -4.9497 181.4733 44 52
197673 P127769 2009 5 3 1.9899 172.8541 2009 8 7 -2.649 179.513 45 50
197827 P128305 2009 5 3 1.9899 172.8541 2009 8 12 -1.0235 172.6486 46 51
197885 P128351 2009 5 3 1.9899 172.8541 2009 8 14 7.1254 171.252 44 39
197900 P127697 2009 5 3 1.9899 172.8541 2009 8 15 -1.8806 179.0464 44 53
197909 P128004 2009 5 3 1.9899 172.8541 2009 8 18 -1.971 180.8624 47 53
199010 P128206 2009 5 3 1.9899 172.8541 2009 8 14 7.1253 171.252 49 39
196777 P127790 2009 5 3 2.0061 172.8336 2009 8 6 2.641 164.4783 44 52
196840 P128453 2009 5 3 2.0061 172.8336 2009 8 25 2.2166 160.5087 45 61
196888 P128495 2009 5 3 2.0061 172.8336 2009 8 14 7.1253 171.252 43 37
197943 P128385 2009 5 3 2.0061 172.8336 2009 8 20 2.4833 227.1333 48 NA
197973 P128030 2009 5 3 2.0061 172.8336 2009 8 14 7.1253 171.2519 43 39
199024 P128209 2009 5 3 2.0061 172.8336 2009 8 14 7.1253 171.252 45 39
199060 P128230 2009 5 3 2.0061 172.8336 2009 8 9 4.7585 183.7278 46 53
199066 P128236 2009 5 3 2.0061 172.8336 2009 8 7 -4.2578 181.8466 44 51
197394 P128558 2009 5 3 1.9932 172.7902 2009 8 23 -2.878 179.0427 44 56
198092 P128089 2009 5 3 1.9932 172.7902 2009 8 16 -2.5989 177.5369 46 52
198271 P129041 2009 5 3 1.9932 172.7902 2009 8 7 -3.3329 179.1265 45 50
198300 P129053 2009 5 3 1.9932 172.7902 2009 8 5 1.2976 174.614 45 49
199146 P128132 2009 5 3 1.9932 172.7902 2009 8 5 1.2976 174.614 45 50
199150 P128136 2009 5 3 1.9932 172.7902 2009 8 14 7.1253 171.2519 47 39
199163 P128149 2009 5 3 1.9932 172.7902 2009 8 20 -2.5279 177.5473 46 63
199184 P128170 2009 5 3 1.9932 172.7902 2009 8 7 -3.203 180.221 43 52
199255 P128842 2009 5 4 1.1594 173.0112 2009 8 27 1.192 157.4147 43 49.5
199284 P128871 2009 5 4 1.1594 173.0112 2009 8 5 1.2976 174.614 47 50
199318 P129103 2009 5 4 1.1594 173.0112 2009 8 18 -1.9709 180.8619 49 54.5
199436 P129201 2009 5 4 1.1594 173.0112 2009 8 29 1.2662 156.8911 52 64
199683 P128912 2009 5 4 1.1594 173.0112 2009 8 22 -3.7017 173.7914 49 58
200297 P129762 2009 5 6 1.9934 172.8531 2009 8 17 -2.684 178.3167 45 50
200345 P129836 2009 5 6 1.9934 172.8531 2009 8 13 -1.7667 177.6973 43 55
200352 P129843 2009 5 6 1.9934 172.8531 2009 8 14 7.1253 171.252 43 39
200387 P129871 2009 5 6 1.9934 172.8531 2009 8 12 -1.6926 178.7851 42 49
200438 P129508 2009 5 6 1.9934 172.8531 2009 8 17 1.15 173 43 NA
200468 P129524 2009 5 6 1.9934 172.8531 2009 8 15 -1.9218 179.3006 44 50
200503 P130132 2009 5 6 1.9934 172.8531 2009 8 23 -2.8773 179.0793 46 55
200584 P129292 2009 5 6 1.9934 172.8531 2009 8 25 2.406 156.402 44 49
200593 P129298 2009 5 6 1.9934 172.8531 2009 8 14 -1.816 177.72 45 51
200634 P129922 2009 5 6 1.9934 172.8531 2009 8 17 -4.9613 181.5307 45 48
200655 P130205 2009 5 6 1.9934 172.8531 2009 8 10 11.101 151.4684 48 56
200670 P129949 2009 5 6 1.9934 172.8531 2009 8 19 -2.9347 178.7167 46 NA
200840 P130266 2009 5 6 1.9624 173.3085 2009 8 15 -2.812 177.6227 41 47
200880 P129597 2009 5 6 1.9624 173.3085 2009 8 14 7.1253 171.252 40 39
200953 P130526 2009 5 6 1.9624 173.3085 2009 8 14 7.1253 171.252 43 39
200960 P130533 2009 5 6 1.9624 173.3085 2009 8 20 -2.528 177.5473 42 61
200991 P130563 2009 5 6 1.9624 173.3085 2009 8 6 2.6439 164.4809 41 55
201001 P129971 2009 5 6 1.9624 173.3085 2009 8 3 -0.1792 171.0772 43 48
201030 P129985 2009 5 6 1.9624 173.3085 2009 8 15 -2.5744 177.953 40 47
201183 P130905 2009 5 7 1.1638 173.0062 2009 8 14 -1.816 177.72 44 50
201788 P131023 2009 5 7 1.1638 173.0062 2009 8 14 7.1253 171.252 44 39
201922 P130343 2009 5 8 1.926 172.6783 2009 8 14 7.1253 171.252 43 39
201938 P130359 2009 5 8 1.926 172.6783 2009 8 14 7.1253 171.252 45 39
201939 P130360 2009 5 8 1.926 172.6783 2009 8 10 3.7212 186.1183 42 49
201973 P130394 2009 5 8 1.926 172.6783 2009 8 26 -3.6154 180.3589 46 52
201993 P131614 2009 5 8 1.926 172.6783 2009 8 6 2.6374 164.4768 44 52
202005 P131626 2009 5 8 1.926 172.6783 2009 8 26 5.1871 174.7114 45 54
202006 P131627 2009 5 8 1.926 172.6783 2009 8 14 -1.816 177.72 45 60
202044 P131665 2009 5 8 1.926 172.6783 2009 8 5 1.2976 174.614 44 49
202062 P131683 2009 5 8 1.926 172.6783 2009 8 10 11.059 151.5277 46 53
202099 P131720 2009 5 8 1.926 172.6783 2009 8 23 -3.1913 180.8967 44 NA
202129 P131750 2009 5 8 1.926 172.6783 2009 8 14 7.1253 171.252 46 39
202144 P131765 2009 5 8 1.926 172.6783 2009 8 14 7.1253 171.252 44 39
202174 P131795 2009 5 8 1.926 172.6783 2009 8 16 -2.5992 177.5373 45 52
202190 P132211 2009 5 8 1.926 172.6783 2009 8 23 -2.878 179.0427 45 55
202195 P132216 2009 5 8 1.926 172.6783 2009 8 15 -2.5486 177.9564 45 51
202199 P132220 2009 5 8 1.926 172.6783 2009 8 6 2.6262 164.4825 46 62
202225 P132246 2009 5 8 1.926 172.6783 2009 8 2 -0.4839 173.491 44 49
202228 P132249 2009 5 8 1.926 172.6783 2009 8 14 7.1253 171.252 44 39
202349 P131494 2009 5 8 1.926 172.6783 2009 8 14 7.1253 171.252 46 39
202352 P131497 2009 5 8 1.926 172.6783 2009 8 14 7.1253 171.252 45 39
202395 P132118 2009 5 8 1.926 172.6783 2009 8 20 -1.6142 178.373 45 51
202428 P132151 2009 5 8 1.926 172.6783 2009 8 7 -3.203 180.221 46 51.5
202429 P132152 2009 5 8 1.926 172.6783 2009 8 15 -1.8887 177.814 47 52
202444 P132167 2009 5 8 1.926 172.6783 2009 8 15 1.62 196.1707 46 53
202455 P132178 2009 5 8 1.926 172.6783 2009 8 7 3.321 159.391 46 53
202522 P131530 2009 5 8 1.926 172.6783 2009 8 2 -0.4887 173.494 44 44
202595 P130700 2009 5 8 1.926 172.6783 2009 8 13 3.2122 162.7702 46 52.5
202708 P130701 2009 5 8 1.926 172.6783 2009 8 14 7.1253 171.252 44 39
202726 P130719 2009 5 8 1.926 172.6783 2009 8 14 7.1253 171.2518 45 39
202747 P130740 2009 5 8 1.926 172.6783 2009 8 9 -3.088 179.053 45 50
202750 P130743 2009 5 8 1.926 172.6783 2009 8 15 1.5473 196.0273 45 58
203148 P131907 2009 5 8 1.926 172.6783 2009 8 6 2.6427 164.4823 46 52
203153 P131912 2009 5 8 1.926 172.6783 2009 8 18 -1.6632 180.6287 47 50
203163 P131922 2009 5 8 1.926 172.6783 2009 8 26 -3.6144 180.3579 47 51
203180 P131939 2009 5 8 1.926 172.6783 2009 8 26 -3.616 180.3593 43 50
203234 P131993 2009 5 8 1.926 172.6783 2009 8 14 7.1253 171.252 46 39
202765 P130758 2009 5 8 1.9802 172.5483 2009 8 28 7.096 171.3627 45 51.5
202770 P130763 2009 5 8 1.9802 172.5483 2009 8 10 1.2804 176.97 45 NA
202788 P130781 2009 5 8 1.9802 172.5483 2009 8 5 1.1971 174.3326 45 46
202804 P131567 2009 5 8 1.9802 172.5483 2009 8 9 1.7558 166.2419 45 63
203036 P132099 2009 5 8 1.6522 172.326 2009 8 5 0.423 170.2796 44 51
203047 P132442 2009 5 8 1.6522 172.326 2009 8 8 1.9082 165.2991 46 51
203442 P132598 2009 5 8 1.6522 172.326 2009 8 18 -1.9714 180.8624 44 50
203626 P132618 2009 5 8 1.5212 172.3498 2009 8 12 4.5006 187.2653 44 51
203631 P132623 2009 5 8 1.5212 172.3498 2009 8 14 7.1252 171.252 44 39
203632 P132624 2009 5 8 1.5212 172.3498 2009 8 20 1.15 173 46 52
203715 P133006 2009 5 8 1.5212 172.3498 2009 8 23 -3.2825 180.0421 43 50
203783 P133309 2009 5 8 1.5212 172.3498 2009 8 5 1.2976 174.614 44 51
203528 P132896 2009 5 8 1.4667 172.3333 2009 8 14 7.1254 171.252 41 39
203547 P132715 2009 5 8 1.4667 172.3333 2009 8 17 -2.6887 178.076 43 48
203556 P132724 2009 5 8 1.4667 172.3333 2009 8 7 -4.2579 181.8468 41 47
203700 P132661 2009 5 8 1.4667 172.3333 2009 8 18 -2.2597 178.9509 44 35
203829 P133355 2009 5 8 1.4667 172.3333 2009 8 10 1.28 176.97 46 NA
203831 P133357 2009 5 8 1.4667 172.3333 2009 8 13 -1.7698 177.6916 44 53
203775 P133034 2009 5 8 1.4483 172.3379 2009 8 7 0.1056 170.3642 71 56
203856 P133041 2009 5 11 -0.6198 174.1319 2009 8 6 -2.984 177.2613 45 56
203857 P133042 2009 5 11 -0.6198 174.1319 2009 8 19 -2.9347 178.7167 44 NA
203993 P133052 2009 5 12 -1.0935 174.6258 2009 8 18 -1.9714 180.863 47 56
204031 P133426 2009 5 12 -1.0935 174.6258 2009 8 19 -2.9347 178.7167 46 NA
204035 P133430 2009 5 12 -1.0935 174.6258 2009 8 14 7.1253 171.252 49 39
204076 P133471 2009 5 12 -1.0935 174.6258 2009 8 18 -2.9363 178.1434 45 49
204198 P133277 2009 5 12 -0.647 174.1386 2009 8 28 -3.0873 177.756 49 55.5
204391 P133525 2009 5 12 -0.647 174.1386 2009 8 14 7.1253 171.252 47 39
205195 P134522 2009 5 30 -11.2793 166.4091 2009 8 31 -7.3517 156.7233 43 55
207152 P134376 2009 6 7 -8.277 159.0111 2009 8 1 -8.7487 159.134 38 45
207155 P134379 2009 6 7 -8.277 159.0111 2009 8 18 -1.3851 140.5168 42 45
207162 P134386 2009 6 7 -8.277 159.0111 2009 8 26 -8.0707 158.0987 42 55
207168 P134392 2009 6 7 -8.277 159.0111 2009 8 12 -8.3553 159.0487 40 65
207170 P134394 2009 6 7 -8.277 159.0111 2009 8 25 -8 159 45 49
207193 P136847 2009 6 7 -8.277 159.0111 2009 8 20 -8 156.7441 46 51
207238 Z40347 2009 6 7 -8.277 159.0111 2009 8 20 -8 159 37 NA
207475 P135707 2009 6 7 -8.277 159.0111 2009 8 28 -8.306 158.32 40 49
207490 P135722 2009 6 7 -8.277 159.0111 2009 8 28 -8.306 158.32 49 55
207492 P135724 2009 6 7 -8.277 159.0111 2009 8 19 -8.2847 158.89 44 59
207497 P135729 2009 6 7 -8.277 159.0111 2009 8 17 -8.2353 157.196 45 47
207514 P135746 2009 6 7 -8.277 159.0111 2009 8 29 -8.0002 157.9104 39 47
207569 Z73869 2009 6 7 -8.277 159.0111 2009 8 28 -7.9833 157.9 36 37
207591 Z73892 2009 6 7 -8.277 159.0111 2009 8 28 -7.9833 157.9 37 35
207608 Z40089 2009 6 7 -8.277 159.0111 2009 8 9 -8.6889 156.8523 37 44
207742 P135576 2009 6 7 -8.277 159.0111 2009 8 29 -8.0002 157.9104 42 49
207749 P135580 2009 6 7 -8.277 159.0111 2009 8 25 -8 159 42 60
207760 P135589 2009 6 7 -8.277 159.0111 2009 8 28 -8.306 158.32 49 30
207780 P135593 2009 6 7 -8.277 159.0111 2009 8 28 -8.2255 158.5759 52 70
207824 P136020 2009 6 7 -8.277 159.0111 2009 8 1 -8.7487 159.134 45 48
207853 P136413 2009 6 7 -8.277 159.0111 2009 8 12 -8.3533 159.048 50 55
207856 P136416 2009 6 7 -8.277 159.0111 2009 8 17 -8.1513 158.36 49 40
207869 P136429 2009 6 7 -8.277 159.0111 2009 8 1 -9.34 157.6567 56 54
207876 P136432 2009 6 7 -8.277 159.0111 2009 8 18 -8.208 158.7307 49 59
207924 P136458 2009 6 7 -8.277 159.0111 2009 8 18 -8 159 50 55
207926 P136460 2009 6 7 -8.277 159.0111 2009 8 26 -8.0708 158.0988 40 49
207940 P136471 2009 6 7 -8.277 159.0111 2009 8 2 -9.0033 157.7467 42 45
207955 P136486 2009 6 7 -8.277 159.0111 2009 8 27 -8.3312 158.6907 44 48
207968 P136498 2009 6 7 -8.277 159.0111 2009 8 20 -8 159 42 49
207971 P136500 2009 6 7 -8.277 159.0111 2009 8 28 -8.3059 158.32 41 50
208018 P136058 2009 6 7 -8.277 159.0111 2009 8 31 -7.4 156.8703 39 NA
208021 P135916 2009 6 7 -8.277 159.0111 2009 8 21 -8.3013 158.2473 38 59
208111 P135962 2009 6 7 -8.277 159.0111 2009 8 2 -9.344 157.6587 45 44
208116 P135967 2009 6 7 -8.277 159.0111 2009 8 20 -8.3053 158.2413 46 60
208158 P135993 2009 6 7 -8.277 159.0111 2009 8 28 -8.306 158.32 52 41
208171 P136106 2009 6 7 -8.277 159.0111 2009 8 28 -7.9833 157.9 40 57
208177 P136110 2009 6 7 -8.277 159.0111 2009 8 26 -8.224 158.1293 40 50
208204 P136208 2009 6 7 -8.277 159.0111 2009 8 25 -8 159 41 52
208211 P135618 2009 6 7 -8.277 159.0111 2009 8 6 -8 157 39 46
208212 P136120 2009 6 7 -8.277 159.0111 2009 8 12 -8.3567 159.048 38 62
208235 P136217 2009 6 7 -8.277 159.0111 2009 8 4 -9.2587 157.214 40 43
208243 P136131 2009 6 7 -8.277 159.0111 2009 8 27 -8.098 158.4927 40 47
208261 P136229 2009 6 7 -8.277 159.0111 2009 8 26 -7.4313 156.7774 39 48
208262 P135633 2009 6 7 -8.277 159.0111 2009 8 2 -9.34 157.6567 43 49
208271 P135637 2009 6 7 -8.277 159.0111 2009 8 2 -9.1187 158.0313 40 45
208282 P135643 2009 6 7 -8.277 159.0111 2009 8 28 -8.2255 158.5759 48 50
208306 P135654 2009 6 7 -8.277 159.0111 2009 8 6 -8 157 40 54
208317 P136152 2009 6 7 -8.277 159.0111 2009 8 10 -8.3093 156.8053 42 49
208378 P135682 2009 6 7 -8.277 159.0111 2009 8 25 -8 159 39 45
208382 P136264 2009 6 7 -8.277 159.0111 2009 8 20 -8 159 39 46
208453 P136184 2009 6 7 -8.277 159.0111 2009 8 10 -8.3919 156.8227 51 49
208461 P136911 2009 6 7 -8.277 159.0111 2009 8 15 -1.8842 179.0464 45 50
208498 P137003 2009 6 7 -8.277 159.0111 2009 8 6 -8.8447 157.302 44 52
208504 P137008 2009 6 7 -8.277 159.0111 2009 8 20 -8 159 43 45
208539 P136101 2009 6 7 -8.277 159.0111 2009 8 2 -8.1293 157.0307 43 44
208599 P136521 2009 6 7 -8.277 159.0111 2009 8 28 -8.3059 158.32 53 50
208617 P136529 2009 6 7 -8.277 159.0111 2009 8 18 -8.7291 159.3205 48 45
208680 Z74022 2009 6 7 -8.277 159.0111 2009 8 23 -7.998 157.9853 33 54
208684 P136550 2009 6 7 -8.277 159.0111 2009 8 29 -7.9747 157.7173 42 45
208737 P136570 2009 6 7 -8.277 159.0111 2009 8 1 -9.344 157.6587 39 45
208743 P136576 2009 6 7 -8.277 159.0111 2009 8 20 -8.3085 158.2018 47 47
208800 P136602 2009 6 7 -8.277 159.0111 2009 8 25 -8 159 40 48
208802 P136604 2009 6 7 -8.277 159.0111 2009 8 20 -8.1927 158.7687 46 55
208809 P136610 2009 6 7 -8.277 159.0111 2009 8 8 -8.5148 157.0083 49 50
208840 P136622 2009 6 7 -8.277 159.0111 2009 8 27 -8.2153 158.5967 46 50
209674 P136811 2009 6 7 -8.277 159.0111 2009 8 26 -7.9092 157.8957 42 50
210056 P136721 2009 6 7 -8.277 159.0111 2009 8 12 -8.3533 159.048 52 50
210059 P136722 2009 6 7 -8.277 159.0111 2009 8 2 -8.1293 157.0307 45 40
210061 P136723 2009 6 7 -8.277 159.0111 2009 8 26 -8.0707 158.0987 45 51
210170 P136774 2009 6 7 -8.277 159.0111 2009 8 10 -8.5328 156.729 50 49
210281 P136306 2009 6 7 -8.277 159.0111 2009 8 15 -7.5953 157.042 46 38
210291 P136310 2009 6 7 -8.277 159.0111 2009 8 12 -8.3533 159.048 42 60
210310 P136317 2009 6 7 -8.277 159.0111 2009 8 20 -8 159 42 48
210311 P135827 2009 6 7 -8.277 159.0111 2009 8 15 -8.124 158.6927 50 55
210312 P135828 2009 6 7 -8.277 159.0111 2009 8 6 -8.8447 157.302 51 49
210357 P136329 2009 6 7 -8.277 159.0111 2009 8 16 -7.5727 157.018 39 51
210393 P136341 2009 6 7 -8.277 159.0111 2009 8 1 -8.7486 159.1341 40 45
210398 P136345 2009 6 7 -8.277 159.0111 2009 8 28 -8.306 158.32 53 55
210400 P136347 2009 6 7 -8.277 159.0111 2009 8 8 -8.2673 158.8833 39 40
210406 P135866 2009 6 7 -8.277 159.0111 2009 8 12 -8.3533 159.048 38 50
210418 P136356 2009 6 7 -8.277 159.0111 2009 8 26 -7.4313 156.7774 41 49
210449 P136372 2009 6 7 -8.277 159.0111 2009 8 27 -7.9126 158.31 40 47
207268 P136888 2009 6 7 -8.3406 158.8847 2009 8 6 -8.8447 157.302 42 52
207335 P138230 2009 6 7 -8.3406 158.8847 2009 8 25 -7.558 157.25 40 48
207354 P138249 2009 6 7 -8.3406 158.8847 2009 8 20 -9.2925 158.2504 48 50
207392 Z73506 2009 6 7 -8.3406 158.8847 2009 8 25 -8 159 37 49
207444 Z73558 2009 6 7 -8.3406 158.8847 2009 8 15 -8.0387 158.6113 36 60
208559 P136982 2009 6 7 -8.3406 158.8847 2009 8 2 -8.5013 157.1447 49 55
208620 P137304 2009 6 7 -8.3406 158.8847 2009 8 6 -8.8447 157.302 46 53
208697 P137345 2009 6 7 -8.3406 158.8847 2009 8 28 -8.306 158.32 43 50
208708 P137352 2009 6 7 -8.3406 158.8847 2009 8 26 -7.4313 156.7774 43 51
208722 P137360 2009 6 7 -8.3406 158.8847 2009 8 9 -7.4039 156.0725 54 48
208731 P137366 2009 6 7 -8.3406 158.8847 2009 8 28 -8.306 158.32 46 48
208794 P137396 2009 6 7 -8.3406 158.8847 2009 8 29 -7.9747 157.7173 46 45
208901 P137442 2009 6 7 -8.3406 158.8847 2009 8 1 -8.7487 159.134 42 45
208923 P137453 2009 6 7 -8.3406 158.8847 2009 8 18 -8.7291 159.3205 41 50
208976 P137470 2009 6 7 -8.3406 158.8847 2009 8 15 -8.124 158.6927 39 60
208996 P137478 2009 6 7 -8.3406 158.8847 2009 8 30 -7.4293 156.796 41 50
209051 P137075 2009 6 7 -8.3406 158.8847 2009 8 20 -7.9092 151.8957 40 47
209062 P137082 2009 6 7 -8.3406 158.8847 2009 8 2 -9.25 157.8413 50 54
209063 P137083 2009 6 7 -8.3406 158.8847 2009 8 13 -8.3127 158.6227 41 45
209072 P137086 2009 6 7 -8.3406 158.8847 2009 8 15 -7.5953 157.042 40 47
209085 P137096 2009 6 7 -8.3406 158.8847 2009 8 20 -8 159 39 70
209135 P137636 2009 6 7 -8.3406 158.8847 2009 8 1 -8.7487 159.134 39 44
209146 P137642 2009 6 7 -8.3406 158.8847 2009 8 19 -8.2845 158.8898 39 63
209164 P137650 2009 6 7 -8.3406 158.8847 2009 8 19 -8.2847 158.89 41 62
209190 P137119 2009 6 7 -8.3406 158.8847 2009 8 20 -8 159 43 49
209303 Z74089 2009 6 7 -8.3406 158.8847 2009 8 29 -8.0002 157.9104 37 46
209356 Z73909 2009 6 7 -8.3406 158.8847 2009 8 20 -8 159 37 40
209392 P137198 2009 6 7 -8.3406 158.8847 2009 8 24 -8.0641 157.8367 40 50
209433 P137513 2009 6 7 -8.3406 158.8847 2009 8 1 -8.7487 159.134 38 43
209451 P137730 2009 6 7 -8.3406 158.8847 2009 8 26 -7.4313 156.7774 44 49
209518 P138023 2009 6 7 -8.3406 158.8847 2009 8 20 -8 159 41 48
209529 P138028 2009 6 7 -8.3406 158.8847 2009 8 20 -7.4427 156.8367 40 47
209554 P138041 2009 6 7 -8.3406 158.8847 2009 8 3 -8.934 157.594 53 49
209643 P137583 2009 6 7 -8.3406 158.8847 2009 8 9 -8.3827 157.0693 40 51
210016 P137203 2009 6 7 -8.3406 158.8847 2009 8 19 -8.2127 156.34 39 47
210072 P137230 2009 6 7 -8.3406 158.8847 2009 8 26 -7.4313 156.7774 40 49
210131 P137253 2009 6 7 -8.3406 158.8847 2009 8 29 -8.0002 157.9104 39 47
210241 P136796 2009 6 7 -8.3406 158.8847 2009 8 12 -8.3533 159.048 38 50
210313 P137923 2009 6 7 -8.3406 158.8847 2009 8 25 -8 159 39 47
210370 P137940 2009 6 7 -8.3406 158.8847 2009 8 12 -8.3533 159.048 38 50
210542 Z73334 2009 6 7 -8.3406 158.8847 2009 8 29 -7.9833 157.7233 37 47
207908 P138106 2009 6 7 -8.1106 158.7029 2009 8 13 -8.3127 158.6227 39 40
207915 P138109 2009 6 7 -8.1106 158.7029 2009 8 19 -8.2848 158.8901 39 63
207930 P138112 2009 6 7 -8.1106 158.7029 2009 8 1 -8.7487 159.134 41 46
207975 Z73587 2009 6 7 -8.1106 158.7029 2009 8 4 -8.8308 157.1074 37 45
209759 Z73939 2009 6 7 -8.1106 158.7029 2009 8 26 -8.224 158.1293 35 47
209761 Z73940 2009 6 7 -8.1106 158.7029 2009 8 30 -7.4293 156.796 37 48
209781 Z73950 2009 6 7 -8.1106 158.7029 2009 8 1 -8.76 157.1887 37 42
209871 P138089 2009 6 7 -8.1106 158.7029 2009 8 9 -8.6885 156.8527 38 47
209874 P138091 2009 6 7 -8.1106 158.7029 2009 8 21 -8.1347 158.7213 39 45
210603 Z73395 2009 6 7 -8.1106 158.7029 2009 8 2 -9.0033 157.7467 35 42
210604 Z73396 2009 6 7 -8.1106 158.7029 2009 8 2 -9.25 157.8413 34 38
207720 Z40424 2009 6 7 -8.0816 158.7523 2009 8 30 -7.4293 156.796 34 48
210756 P138637 2009 6 8 -8.0158 158.409 2009 8 30 -7.4293 156.796 41 53
210761 P138640 2009 6 8 -8.0158 158.409 2009 8 12 -8.3533 159.048 41 60
210788 P138655 2009 6 8 -8.0158 158.409 2009 8 31 -7.4 156.8703 40 47
210807 P138666 2009 6 8 -8.0158 158.409 2009 8 31 -7.4 156.8703 38 NA
210875 Z40624 2009 6 8 -8.0158 158.409 2009 8 20 -8 159 37 42
210889 P138185 2009 6 8 -8.0158 158.409 2009 8 9 -8.6887 156.8528 38 46
210907 P138199 2009 6 8 -8.0158 158.409 2009 8 1 -9.25 157.8413 38 51
211179 P138454 2009 6 10 -8.6391 158.4551 2009 8 25 -8 159 43 49
211308 P138388 2009 6 10 -8.6391 158.4551 2009 8 15 -7.546 156.9533 39 45
211357 Z40683 2009 6 10 -8.6391 158.4551 2009 8 13 -8.3127 158.6227 36 60
212278 P138578 2009 6 10 -8.6391 158.4551 2009 8 14 -8.5587 157.0247 41 46
212577 P138928 2009 6 10 -8.6391 158.4551 2009 8 28 -8.306 158.32 39 48
212586 P138795 2009 6 10 -8.7747 158.4881 2009 8 8 -8.2668 158.883 53 45
212419 P139261 2009 6 10 -8.8185 158.5662 2009 8 5 -9.0693 157.66 41 48
213068 P139103 2009 6 10 -8.8185 158.5662 2009 8 9 -8.6886 156.8526 41 38
213382 P139551 2009 6 10 -8.8185 158.5662 2009 8 9 -8.6888 156.8527 39 40
213393 P139562 2009 6 10 -8.8185 158.5662 2009 8 25 -8 159 40 47
212775 P139663 2009 6 10 -8.7663 158.612 2009 8 28 -8.1099 158.0193 39 52
213198 P139169 2009 6 10 -8.7663 158.612 2009 8 9 -8.6885 156.8526 39 47
213434 P139703 2009 6 10 -8.7663 158.612 2009 8 20 -8 159 41 38
213607 P140112 2009 6 11 -9.0317 157.7278 2009 8 9 -8.6887 156.8527 43 40
213948 P140141 2009 6 11 -9.2341 157.7969 2009 8 9 -8.6886 156.8526 38 67
214124 P140182 2009 6 11 -9.2481 157.6559 2009 8 9 -8.2787 158.97 49 40
214471 P140335 2009 6 11 -9.2092 157.5513 2009 8 9 -8.6887 156.8527 49 52
214521 P140360 2009 6 11 -9.2092 157.5513 2009 8 2 -8.1293 157.0307 41 38
214528 P140365 2009 6 11 -9.2092 157.5513 2009 8 31 -7.3517 156.7233 39 52
214676 Z75581 2009 6 11 -9.0588 157.617 2009 8 2 -9.1187 158.0313 35 42
214717 P139400 2009 6 11 -8.9978 157.6588 2009 8 1 -8.76 157.1886 48 50
214731 P140603 2009 6 11 -8.9978 157.6588 2009 8 20 -8.3157 156.7441 47 42
214736 Z75661 2009 6 11 -8.9978 157.6588 2009 8 3 -8.934 157.594 34 45
214936 P139869 2009 6 12 -7.5666 157.2401 2009 8 1 -9.25 157.8413 49 54
215589 P142141 2009 6 13 -7.3999 156.6107 2009 8 16 -8.3867 158.4953 50 63
215705 Z77103 2009 6 13 -7.3999 156.6107 2009 8 8 -8.8666 157.0456 37 45
215790 Z76291 2009 6 13 -7.3999 156.6107 2009 8 25 -8 159 37 44
216014 P139995 2009 6 13 -7.3999 156.6107 2009 8 9 -7.4039 156.0725 39 55
216035 P141518 2009 6 13 -7.3999 156.6107 2009 8 21 -8.1347 158.7213 49 50
216041 P141523 2009 6 13 -7.3999 156.6107 2009 8 26 -8 159 39 60
216081 P141555 2009 6 13 -7.3999 156.6107 2009 8 15 -7.6587 156.9087 44 47
216161 P141329 2009 6 13 -7.3999 156.6107 2009 8 25 -8 159 47 54
216209 P141346 2009 6 13 -7.3999 156.6107 2009 8 29 -7.9747 157.7173 40 43
216219 P141351 2009 6 13 -7.3999 156.6107 2009 8 2 -8.3827 157.0127 49 48
216256 P141370 2009 6 13 -7.3999 156.6107 2009 8 20 -8.1927 158.7687 39 45
216307 P141389 2009 6 13 -7.3999 156.6107 2009 8 20 -8 159 57 65
216448 Z76349 2009 6 13 -7.3999 156.6107 2009 8 9 -8.688 156.8522 36 45
216503 Z76899 2009 6 13 -7.3999 156.6107 2009 8 9 -7.4039 156.0725 36 36
216582 P141603 2009 6 13 -7.3999 156.6107 2009 8 28 -7.9833 157.9 50 55
216609 P140442 2009 6 13 -7.3999 156.6107 2009 8 2 -8.1293 157.0307 51 NA
216648 P140455 2009 6 13 -7.3999 156.6107 2009 8 15 -7.5953 157.042 41 49
216692 P141649 2009 6 13 -7.3999 156.6107 2009 8 25 -7.558 157.25 50 49
216708 P141655 2009 6 13 -7.3999 156.6107 2009 8 26 -7.4313 156.7774 51 49
216716 P141658 2009 6 13 -7.3999 156.6107 2009 8 1 -8.7487 159.134 48 50
216751 P141676 2009 6 13 -7.3999 156.6107 2009 8 26 -7.4313 156.7774 49 53
216772 P140887 2009 6 13 -7.3999 156.6107 2009 8 31 -7.996 156.9293 38 45
216806 P140499 2009 6 13 -7.3999 156.6107 2009 8 9 -7.4039 156.0725 38 58
216833 P141693 2009 6 13 -7.3999 156.6107 2009 8 20 -8 159 49 51
216917 P141908 2009 6 13 -7.3999 156.6107 2009 8 27 -8.0979 158.4927 49 50
216934 P141915 2009 6 13 -7.3999 156.6107 2009 8 20 -8 159 48 NA
216940 P141918 2009 6 13 -7.3999 156.6107 2009 8 31 -7.3517 156.7233 48 57
216943 P141920 2009 6 13 -7.3999 156.6107 2009 8 28 -7.9833 157.9 51 48
216966 P141938 2009 6 13 -7.3999 156.6107 2009 8 9 -8.6887 156.8527 49 50
216998 P141964 2009 6 13 -7.3999 156.6107 2009 8 20 -8 159 49 54
217056 P141991 2009 6 13 -7.3999 156.6107 2009 8 20 -8 159 49 50
217059 P141994 2009 6 13 -7.3999 156.6107 2009 8 19 -8.2847 158.89 43 60
217060 P141995 2009 6 13 -7.3999 156.6107 2009 8 20 -8 159 46 50
217327 P141220 2009 6 13 -7.3999 156.6107 2009 8 28 -8.306 158.32 37 44
217408 P141239 2009 6 13 -7.3999 156.6107 2009 8 9 -8.6887 156.8527 46 52
217440 P141248 2009 6 13 -7.3999 156.6107 2009 8 9 -7.4039 156.0725 40 48
217474 P141258 2009 6 13 -7.3999 156.6107 2009 8 2 -8.578 156.8428 39 49
217520 P141269 2009 6 13 -7.3999 156.6107 2009 8 12 -8.3533 159.048 50 45
217597 P140658 2009 6 13 -7.3999 156.6107 2009 8 2 -8.4967 157.1467 38 44
217681 P141405 2009 6 13 -7.3999 156.6107 2009 8 20 -8 159 50 52
217855 P141801 2009 6 13 -7.3999 156.6107 2009 8 18 -8 159 51 57
217922 P141843 2009 6 13 -7.3999 156.6107 2009 8 26 -8.224 158.1293 48 50
217944 P141854 2009 6 13 -7.3999 156.6107 2009 8 20 -8 159 50 60
218036 P141899 2009 6 13 -7.3999 156.6107 2009 8 18 -8 159 50 60
218187 Z75941 2009 6 13 -7.3999 156.6107 2009 8 26 -7.9132 157.892 35 43
218452 Z77413 2009 6 13 -7.3999 156.6107 2009 8 9 -8 159 41 46
218457 Z77418 2009 6 13 -7.3999 156.6107 2009 8 19 -8.2127 156.34 43 33
218470 Z77431 2009 6 13 -7.3999 156.6107 2009 8 23 -7.998 157.9853 42 49
218487 Z77448 2009 6 13 -7.3999 156.6107 2009 8 25 -8 159 40 54
218491 Z77452 2009 6 13 -7.3999 156.6107 2009 8 25 -8 159 49 55
218496 Z77457 2009 6 13 -7.3999 156.6107 2009 8 2 -8.1293 157.0307 50 50
218499 Z77460 2009 6 13 -7.3999 156.6107 2009 8 20 -8 159 44 48
218589 P140712 2009 6 13 -7.3999 156.6107 2009 8 20 -9.3124 158.6946 39 45
218660 Z76409 2009 6 13 -7.3999 156.6107 2009 8 27 -7.9 158.3 37 44
218705 P140792 2009 6 13 -7.3999 156.6107 2009 8 16 -7.6193 157.04 38 53
218740 Z76463 2009 6 13 -7.3999 156.6107 2009 8 25 -8 159 36 48
218847 P142048 2009 6 13 -7.3999 156.6107 2009 8 10 -8.1739 156.9127 58 47
218864 P142061 2009 6 13 -7.3999 156.6107 2009 8 28 -7.9126 158.31 39 52
218870 P142065 2009 6 13 -7.3999 156.6107 2009 8 21 -8.1487 156.932 38 45
218874 P142067 2009 6 13 -7.3999 156.6107 2009 8 3 -8.934 157.594 38 40
218895 P141105 2009 6 13 -7.3999 156.6107 2009 8 15 -8.3207 158.3927 49 50
219326 P141701 2009 6 13 -7.3999 156.6107 2009 8 9 -8.6887 156.8527 50 46
219344 P141716 2009 6 13 -7.3999 156.6107 2009 8 17 -8.1199 157.0041 46 44
219410 P141757 2009 6 13 -7.3999 156.6107 2009 8 10 -8.3093 156.8053 48 54
219441 P141779 2009 6 13 -7.3999 156.6107 2009 8 30 -7.9153 157.6873 47 52
219447 P141782 2009 6 13 -7.3999 156.6107 2009 8 9 -8.5148 157.0083 52 58
219449 P141783 2009 6 13 -7.3999 156.6107 2009 8 17 -8.1199 157.004 43 42
219476 P141798 2009 6 13 -7.3999 156.6107 2009 8 1 -8.7487 159.134 48 42
219628 Z76961 2009 6 13 -7.3999 156.6107 2009 8 29 -7.9747 157.7173 37 43
217219 P142211 2009 6 13 -7.3473 156.4429 2009 8 20 -8 159 50 52
217220 P142212 2009 6 13 -7.3473 156.4429 2009 8 4 -8.8473 157.09 50 52
217274 P142240 2009 6 13 -7.3473 156.4429 2009 8 21 -8.1487 156.932 40 NA
217332 P142277 2009 6 13 -7.3473 156.4429 2009 8 20 -8 159 48 50
217354 P142289 2009 6 13 -7.3473 156.4429 2009 8 19 -8.2127 156.34 51 51
217524 Z77261 2009 6 13 -7.3473 156.4429 2009 8 19 -8.2233 156.3767 37 43
218851 P142324 2009 6 13 -7.3473 156.4429 2009 8 6 -8.8447 157.302 45 49
219282 Z77637 2009 6 13 -7.3473 156.4429 2009 8 9 -7.4039 156.0725 33 35
215153 P142603 2009 6 13 -7.3397 156.3453 2009 8 18 -8.3046 158.7867 38 62
219309 Z77793 2009 6 13 -7.3397 156.3453 2009 8 20 -8 159 33 33
219769 Z78264 2009 6 13 -7.3397 156.3453 2009 8 9 -7.4039 156.0725 36 37
219771 Z78266 2009 6 13 -7.3397 156.3453 2009 8 26 -8.0707 158.0987 37 47
218418 P142703 2009 6 13 -7.3364 156.2231 2009 8 25 -8 159 44 47
218423 P142708 2009 6 13 -7.3364 156.2231 2009 8 20 -7.4427 156.8367 41 46
220168 P142907 2009 6 13 -7.3364 156.2231 2009 8 28 -7.9833 157.9 49 47
220179 P142918 2009 6 13 -7.3364 156.2231 2009 8 20 -8 159 50 54
220196 P142935 2009 6 13 -7.3364 156.2231 2009 8 30 -7.4293 156.796 39 51
220197 P142936 2009 6 13 -7.3364 156.2231 2009 8 30 -7.4293 156.796 48 52
223504 P142482 2009 7 22 6.9602 158.0439 2009 8 26 -7.4313 156.7774 46 49
224196 Z79023 2009 7 26 1.9564 156.012 2009 8 8 0.976 161.3013 35 36.6
224216 Z79043 2009 7 26 1.9564 156.012 2009 8 24 -0.5307 158.8947 35 38.5
224363 P143446 2009 7 26 1.9564 156.012 2009 8 27 1.192 157.4147 39 41.5
224470 Z79460 2009 7 26 1.9564 156.012 2009 8 24 -0.5307 158.8947 34 36.7
224578 Z79262 2009 7 26 1.9564 156.012 2009 8 24 -0.5307 158.8947 36 41
224705 Z79379 2009 7 26 1.9564 156.012 2009 8 16 1.6393 160.9093 38 41.7
224723 Z79397 2009 7 26 1.9564 156.012 2009 8 14 1.6027 161.096 37 39.8
224836 P143460 2009 7 27 0.0155 155.97 2009 8 24 -0.518 158.8533 40 41.3
224847 Z79629 2009 7 27 0.0155 155.97 2009 8 24 -0.5307 158.8947 37 40
224966 P143521 2009 7 27 0.0155 155.97 2009 8 28 0.0052 158.8068 44 46.6
224967 P143522 2009 7 27 0.0155 155.97 2009 8 23 -0.388 158.596 45 47.5
224807 P143786 2009 7 27 -0.1676 155.9675 2009 8 28 0.0053 158.8068 43 46.6
224875 Z79720 2009 7 27 -0.1676 155.9675 2009 8 24 -0.5307 158.8947 35 38.6
224993 Z79467 2009 7 27 -0.1676 155.9675 2009 8 23 -0.388 158.596 36 39.5
225137 Z79661 2009 7 31 -0.7469 148.1824 2009 8 19 -1.558 147.9987 37 50
225138 Z79662 2009 7 31 -0.7469 148.1824 2009 8 29 -1.072 142.506 38 45
225139 Z79663 2009 7 31 -0.7469 148.1824 2009 8 30 -1.4905 145.9508 37 44
225169 Z79693 2009 7 31 -0.7469 148.1824 2009 8 27 -3.3667 146.15 40 46
225175 P143904 2009 7 31 -0.7469 148.1824 2009 8 24 -0.1033 146.2749 48 46
225202 P143931 2009 7 31 -0.7469 148.1824 2009 8 23 -0.388 158.596 45 47
225225 P144022 2009 7 31 -0.7469 148.1824 2009 8 29 -1.2141 145.401 37 45
225233 P144031 2009 7 31 -0.7469 148.1824 2009 8 24 -3.286 145.904 40 40
225256 P144052 2009 7 31 -0.7469 148.1824 2009 8 15 -2.8907 147.9473 40 44
225284 P144077 2009 7 31 -0.7469 148.1824 2009 8 20 -0.3307 142.3353 39 28
225285 P144131 2009 7 31 -0.7469 148.1824 2009 8 15 -2.6333 144.9166 39 NA
225331 P144154 2009 7 31 -0.7469 148.1824 2009 8 25 -2.4633 145.2093 39 48
225471 Z80227 2009 7 31 -0.7469 148.1824 2009 8 29 -1.2227 142.4747 36 NA
225473 P143354 2009 7 31 -0.7469 148.1824 2009 8 29 -1.6207 146.0568 38 46
225527 Z79729 2009 7 31 -0.7469 148.1824 2009 8 29 -1.2745 145.5522 36 43
225561 Z79763 2009 7 31 -0.7469 148.1824 2009 8 27 -1.5768 145.6112 37 42
225570 Z79772 2009 7 31 -0.7469 148.1824 2009 8 28 -0.9437 145.9588 37 40
225585 Z80025 2009 7 31 -0.7469 148.1824 2009 8 8 -4.5 146 36 37
225598 P143864 2009 7 31 -0.7469 148.1824 2009 8 20 -0.3307 142.3353 42 42
225603 P143869 2009 7 31 -0.7469 148.1824 2009 8 27 -2.4573 143.5393 39 49
225645 P143831 2009 7 31 -0.7469 148.1824 2009 8 8 -2.3466 144.7988 37 41
225678 Z79492 2009 7 31 -0.7469 148.1824 2009 8 29 -1.2227 142.4747 37 NA
225727 P143986 2009 7 31 -0.7469 148.1824 2009 8 20 -2.8832 143.9754 38 NA
225783 P144211 2009 7 31 -0.7469 148.1824 2009 8 20 -2.8834 143.9753 39 NA
225674 P144309 2009 7 31 -0.5748 147.89 2009 8 20 -2.602 155.2987 43 43.9
225676 P144311 2009 7 31 -0.5748 147.89 2009 8 20 -2.602 155.2987 41 41
225772 Z79831 2009 7 31 -0.5748 147.89 2009 8 20 -2.602 155.2987 36 35.2
225795 P144223 2009 7 31 -0.5748 147.89 2009 8 20 -2.602 155.2987 43 41.8
225798 P144226 2009 7 31 -0.5748 147.89 2009 8 20 -2.602 155.2987 41 39.8
225801 P144411 2009 7 31 -0.5748 147.89 2009 8 20 -2.602 155.2987 39 40
225928 Z80055 2009 8 1 1.9996 147.0398 2009 8 12 -2.5844 142.8056 34 49
226130 P145002 2009 8 2 -0.025 147.0098 2009 8 25 -0.7371 146.0189 37 30
226132 P145004 2009 8 2 -0.025 147.0098 2009 8 22 -0.3043 146.0997 41 35
226138 P145010 2009 8 2 -0.025 147.0098 2009 8 25 -0.7372 146.0191 41 30
226152 Z79505 2009 8 2 -0.025 147.0098 2009 8 25 -1.5353 145.4253 35 30
226168 Z79535 2009 8 2 -0.025 147.0098 2009 8 22 -0.3043 146.0997 36 NA
226184 Z79523 2009 8 2 -0.025 147.0098 2009 8 20 -2.5667 155.3 36 34.4
226193 Z79549 2009 8 2 -0.025 147.0098 2009 8 23 -0.3667 158.5833 36 39
226206 Z79559 2009 8 2 -0.025 147.0098 2009 8 23 -0.3667 158.5833 37 38.6
226238 Z80588 2009 8 2 -0.025 147.0098 2009 8 23 -0.3667 158.5833 35 38
226251 Z80600 2009 8 2 -0.025 147.0098 2009 8 25 -0.5 158.8833 36 42
226256 P144325 2009 8 2 -0.025 147.0098 2009 8 25 -2.4633 145.2093 38 53
226302 P144371 2009 8 2 -0.025 147.0098 2009 8 28 -0.8867 145.8325 41 42
226314 P144383 2009 8 2 -0.025 147.0098 2009 8 23 -0.3667 158.5833 42 43
226316 P144385 2009 8 2 -0.025 147.0098 2009 8 16 1.6333 160.9167 38 38
226323 P144392 2009 8 2 -0.025 147.0098 2009 8 20 -2.5667 155.3 40 40.8
226337 P144706 2009 8 2 -0.025 147.0098 2009 8 31 -2.4293 143.5792 39 30
226347 P144716 2009 8 2 -0.025 147.0098 2009 8 23 -0.3667 158.5833 42 43
226350 P144719 2009 8 2 -0.025 147.0098 2009 8 23 -0.3667 158.5833 38 39.5
226366 P144735 2009 8 2 -0.025 147.0098 2009 8 20 -2.5667 155.3 38 39
226392 P144761 2009 8 2 -0.025 147.0098 2009 8 23 -0.3667 158.5833 41 41.8
226410 P144779 2009 8 2 -0.025 147.0098 2009 8 25 -0.7372 146.0191 40 41
226420 P144788 2009 8 2 -0.025 147.0098 2009 8 25 -0.7372 146.0191 38 35
226422 Z79909 2009 8 2 -0.025 147.0098 2009 8 23 -0.3667 158.5833 36 41
226443 P144800 2009 8 2 -0.025 147.0098 2009 8 23 -0.3667 158.5833 39 40.9
226456 Z79932 2009 8 2 -0.025 147.0098 2009 8 18 1.4 155.5833 36 37.7
226509 P143879 2009 8 2 -0.025 147.0098 2009 8 23 -0.3667 158.5833 39 39.8
226520 P143890 2009 8 2 -0.025 147.0098 2009 8 25 -0.1033 146.1667 42 35
226527 P143897 2009 8 2 -0.025 147.0098 2009 8 18 -0.2393 148.4573 39 NA
226535 P144426 2009 8 2 -0.025 147.0098 2009 8 18 -1.2433 142.8473 40 30
226565 P144454 2009 8 2 -0.025 147.0098 2009 8 25 -0.7372 146.0191 38 36
226611 Z80335 2009 8 2 -0.025 147.0098 2009 8 23 -0.3667 158.5833 35 35.7
226630 Z80354 2009 8 2 -0.025 147.0098 2009 8 23 -0.3667 158.5833 37 37.7
226664 Z80388 2009 8 2 -0.025 147.0098 2009 8 10 -3.327 145.7562 37 NA
226687 Z80610 2009 8 2 -0.025 147.0098 2009 8 25 -0.7372 146.0191 36 34
226702 Z80625 2009 8 2 -0.025 147.0098 2009 8 4 -1.977 143.5132 36 NA
226710 Z80633 2009 8 2 -0.025 147.0098 2009 8 25 -0.7372 146.0191 37 35
226750 Z80430 2009 8 2 -0.025 147.0098 2009 8 25 -0.7372 146.0191 36 34
226764 Z80444 2009 8 2 -0.025 147.0098 2009 8 24 -0.1033 146.2749 37 34
226794 Z80474 2009 8 2 -0.025 147.0098 2009 8 23 -0.3667 158.5833 37 37
226805 Z80485 2009 8 2 -0.025 147.0098 2009 8 26 -1.2127 143.3 36 NA
226837 P144251 2009 8 2 -0.025 147.0098 2009 8 20 -2.5667 155.3 38 34.6
226865 P144279 2009 8 2 -0.025 147.0098 2009 8 20 -2.5667 155.3 39 39
226886 P144300 2009 8 2 -0.025 147.0098 2009 8 4 -1.977 143.5132 38 NA
226888 P144502 2009 8 2 -0.025 147.0098 2009 8 14 -3.599 146.5676 38 72
226898 P144512 2009 8 2 -0.025 147.0098 2009 8 18 1.4 155.5833 42 42.7
226901 P144515 2009 8 2 -0.025 147.0098 2009 8 22 -0.3043 146.0997 39 34
226908 P144522 2009 8 2 -0.025 147.0098 2009 8 23 -0.3667 158.5833 39 39.5
226928 P144542 2009 8 2 -0.025 147.0098 2009 8 23 -0.3667 158.5833 40 40
226944 P144558 2009 8 2 -0.025 147.0098 2009 8 23 -0.3667 158.5833 40 38.5
226674 P145020 2009 8 2 -0.2093 147.1155 2009 8 18 1.4 155.5833 50 50.7
226951 Z79569 2009 8 3 -2.1687 148.715 2009 8 30 -1.09 143.2333 35 49
227227 Z80646 2009 8 3 -2.1687 148.715 2009 8 15 -2.8907 147.9473 37 38
227334 P144570 2009 8 3 -2.1687 148.715 2009 8 15 -2.8907 147.9473 38 39
227623 P145218 2009 8 4 -2.36 148.666 2009 8 26 -3.4007 145.7199 41 35
229893 P147778 2009 8 8 -3.2446 150.8874 2009 8 26 -4.3787 148.2217 50 43
230047 P147492 2009 8 8 -3.2446 150.8874 2009 8 27 -3.878 150.476 50 44
230664 P147685 2009 8 8 -3.2446 150.8874 2009 8 21 -4.2111 148.8319 51 42
230841 P148007 2009 8 8 -3.2446 150.8874 2009 8 29 -3.8527 150.6433 50 52
230905 P148071 2009 8 8 -3.2446 150.8874 2009 8 20 -0.1613 146.5807 51 45
230968 P147934 2009 8 8 -3.2446 150.8874 2009 8 29 -3.8527 150.6433 54 55
231025 P147991 2009 8 8 -3.2446 150.8874 2009 8 23 -4.076 150.6127 55 54
231154 P148902 2009 8 10 -4.63 150.8064 2009 8 29 -3.8527 150.6433 41 39
231195 P148679 2009 8 11 -5.0524 149.4018 2009 8 17 -3.9667 149.1333 40 41
231198 P148682 2009 8 11 -5.0524 149.4018 2009 8 21 -4.95 149.6667 41 43
231206 P148690 2009 8 11 -5.0524 149.4018 2009 8 16 -5.0333 149.3833 43 45
231212 P148696 2009 8 11 -5.0524 149.4018 2009 8 20 -4.7333 150.3333 44 44
231224 P149508 2009 8 11 -5.0524 149.4018 2009 8 21 -4.95 149.6667 41 44
231231 Z80938 2009 8 11 -5.0524 149.4018 2009 8 16 -5.0333 149.3833 38 38
231236 Z80943 2009 8 11 -5.0524 149.4018 2009 8 20 -4.7333 150.3333 38 38
231240 P148835 2009 8 11 -5.0524 149.4018 2009 8 15 -5.1333 149.6833 41 41
231250 Z80715 2009 8 11 -5.0524 149.4018 2009 8 16 -5.0333 149.3833 36 37
231264 P148853 2009 8 11 -5.0524 149.4018 2009 8 21 -4.95 149.6667 40 43
231274 P149059 2009 8 11 -5.0524 149.4018 2009 8 21 -4.95 149.6667 37 40
231289 P149069 2009 8 11 -5.0524 149.4018 2009 8 16 -5.0333 149.3833 39 NA
231300 P148870 2009 8 11 -5.0524 149.4018 2009 8 20 -4.7333 150.3333 44 45
231308 P149080 2009 8 11 -5.0524 149.4018 2009 8 16 -5.0333 149.3833 39 42
231309 P148874 2009 8 11 -5.0524 149.4018 2009 8 22 -5.2 149.4 42 44
231317 P148878 2009 8 11 -5.0524 149.4018 2009 8 16 -5.0333 149.3833 44 44
231358 Z80114 2009 8 11 -5.0524 149.4018 2009 8 21 -4.95 149.6667 39 39
231360 Z80116 2009 8 11 -5.0524 149.4018 2009 8 20 -4.7333 150.3333 38 40
231362 P149701 2009 8 11 -5.0524 149.4018 2009 8 14 -5.25 149.1667 38 40
231383 P149715 2009 8 11 -5.0524 149.4018 2009 8 21 -4.95 149.6667 41 43
231395 P149726 2009 8 11 -5.0524 149.4018 2009 8 15 -5.1333 149.6833 42 44
231399 P149729 2009 8 11 -5.0524 149.4018 2009 8 13 -5.1333 147.9167 38 43
231402 P149732 2009 8 11 -5.0524 149.4018 2009 8 21 -4.95 149.6667 41 43
231408 P149736 2009 8 11 -5.0524 149.4018 2009 8 21 -4.95 149.6667 43 45
231426 P149743 2009 8 11 -5.0524 149.4018 2009 8 20 -4.7333 150.3333 41 44
231433 P148920 2009 8 11 -5.0524 149.4018 2009 8 25 -5.1833 149.2667 41 41
231435 P149746 2009 8 11 -5.0524 149.4018 2009 8 22 -5.2 149.4 38 43
231436 P149747 2009 8 11 -5.0524 149.4018 2009 8 22 -5.2 149.4 41 42
231447 P149753 2009 8 11 -5.0524 149.4018 2009 8 24 -5.1167 149.3833 43 43
231448 P149754 2009 8 11 -5.0524 149.4018 2009 8 24 -5.1167 149.3833 42 43
231453 P148929 2009 8 11 -5.0524 149.4018 2009 8 21 -4.95 149.6667 43 44
231459 P148933 2009 8 11 -5.0524 149.4018 2009 8 22 -5.2 149.4 44 43
231463 P148936 2009 8 11 -5.0524 149.4018 2009 8 14 -5.25 149.1667 42 44
231468 P149764 2009 8 11 -5.0524 149.4018 2009 8 16 -5.0333 149.3833 39 40
231473 P149769 2009 8 11 -5.0524 149.4018 2009 8 21 -4.95 149.6667 42 46
231474 P149770 2009 8 11 -5.0524 149.4018 2009 8 22 -5.2 149.4 42 34
231480 P149776 2009 8 11 -5.0524 149.4018 2009 8 22 -5.2 149.4 42 46
231482 P149778 2009 8 11 -5.2518 149.1974 2009 8 15 -5.1333 149.6833 44 40
231485 P149781 2009 8 11 -5.2518 149.1974 2009 8 25 -5.1833 149.2667 42 44
231491 P149787 2009 8 11 -5.2518 149.1974 2009 8 15 -5.1333 149.6833 41 43
231492 P149788 2009 8 11 -5.2518 149.1974 2009 8 22 -5.2 149.4 42 44
231494 P149790 2009 8 11 -5.2518 149.1974 2009 8 16 -5.0333 149.3833 45 46
231572 P149404 2009 8 11 -5.2518 149.1974 2009 8 21 -4.95 149.6667 40 43
231578 P149410 2009 8 11 -5.2518 149.1974 2009 8 22 -5.2 149.4 42 44
231580 P149412 2009 8 11 -5.2518 149.1974 2009 8 14 -5.25 149.1667 41 41
231586 P149418 2009 8 11 -5.2518 149.1974 2009 8 21 -4.95 149.6667 44 43
231587 P149419 2009 8 11 -5.2518 149.1974 2009 8 14 -5.25 149.1667 39 45
231594 P149426 2009 8 11 -5.2518 149.1974 2009 8 16 -5.0333 149.3833 42 39
231632 P149201 2009 8 11 -5.2518 149.1974 2009 8 15 -5.1333 149.6833 48 47
231637 P149206 2009 8 11 -5.2518 149.1974 2009 8 15 -5.1333 149.6833 42 42
231652 P149221 2009 8 11 -5.2518 149.1974 2009 8 22 -5.2 149.4 41 44
231660 P149229 2009 8 11 -5.2518 149.1974 2009 8 19 -4.3 150.3667 41 41
231700 P149269 2009 8 11 -5.2518 149.1974 2009 8 20 -4.7333 150.3333 41 NA
231714 P149283 2009 8 11 -5.2518 149.1974 2009 8 22 -5.2 149.4 42 44
231736 P148941 2009 8 11 -5.2518 149.1974 2009 8 14 -5.25 149.1667 42 43
231737 P148942 2009 8 11 -5.2518 149.1974 2009 8 16 -5.0333 149.3833 44 42
231747 P148952 2009 8 11 -5.2518 149.1974 2009 8 24 -5.1167 149.3833 40 40
231749 P148954 2009 8 11 -5.2518 149.1974 2009 8 25 -5.1833 149.2667 43 43
231766 P148971 2009 8 11 -5.2518 149.1974 2009 8 16 -5.0333 149.3833 41 43
231797 P149511 2009 8 11 -5.2518 149.1974 2009 8 21 -4.95 149.6667 44 44
231799 P149513 2009 8 11 -5.2518 149.1974 2009 8 25 -5.1833 149.2666 43 42
231820 P149534 2009 8 11 -5.2518 149.1974 2009 8 22 -5.2 149.4 39 39
231833 P149542 2009 8 11 -5.2518 149.1974 2009 8 21 -4.95 149.6667 46 49
231835 P149108 2009 8 11 -5.2518 149.1974 2009 8 22 -5.2 149.4 45 46
231844 P149113 2009 8 11 -5.2518 149.1974 2009 8 22 -5.2 149.4 43 44
231847 P149114 2009 8 11 -5.2518 149.1974 2009 8 15 -5.1333 149.6833 44 45
231855 P149117 2009 8 11 -5.2518 149.1974 2009 8 26 -3.4013 145.72 41 35
231896 P149571 2009 8 11 -5.2518 149.1974 2009 8 14 -5.25 149.1667 54 56
231907 P149150 2009 8 11 -5.2518 149.1974 2009 8 22 -5.2 149.4 42 34
231979 Z80962 2009 8 11 -5.2518 149.1974 2009 8 16 -5.0333 149.3833 36 34
232019 P149808 2009 8 11 -5.2518 149.1974 2009 8 16 -5.0333 149.3833 40 44
232025 P149814 2009 8 11 -5.2518 149.1974 2009 8 25 -5.1833 149.2667 42 55
232031 P149820 2009 8 11 -5.2518 149.1974 2009 8 14 -5.25 149.1667 44 44
232034 P149823 2009 8 11 -5.2518 149.1974 2009 8 21 -4.95 149.6667 43 46
232041 P149830 2009 8 11 -5.2518 149.1974 2009 8 15 -5.1333 149.6833 43 43
232049 P149838 2009 8 11 -5.2518 149.1974 2009 8 21 -4.95 149.6667 39 39
232053 P149842 2009 8 11 -5.2518 149.1974 2009 8 20 -4.7333 150.3333 43 43
232058 P149847 2009 8 11 -5.2518 149.1974 2009 8 25 -5.1833 149.2667 43 43
232069 P149903 2009 8 11 -5.2518 149.1974 2009 8 20 -4.7333 150.3333 42 43
232080 P149860 2009 8 11 -5.2518 149.1974 2009 8 24 -5.1167 149.3833 45 45
232082 P149862 2009 8 11 -5.2518 149.1974 2009 8 16 -5.0333 149.3833 47 40
232091 P149866 2009 8 11 -5.2518 149.1974 2009 8 22 -5.2 149.4 41 42
232110 P149931 2009 8 11 -5.2518 149.1974 2009 8 25 -5.1833 149.2667 46 47
232132 P149953 2009 8 11 -5.2518 149.1974 2009 8 15 -5.1333 149.6833 42 44
232146 P149967 2009 8 11 -5.2518 149.1974 2009 8 14 -5.25 149.1667 45 47
232174 P149989 2009 8 11 -5.2518 149.1974 2009 8 22 -5.2 149.4 49 52
232183 P149998 2009 8 11 -5.2518 149.1974 2009 8 16 -5.0333 149.3833 41 43
232184 P149999 2009 8 11 -5.2518 149.1974 2009 8 14 -5.25 149.1667 40 38
232185 P150000 2009 8 11 -5.2518 149.1974 2009 8 18 -4.45 150.0333 42 43
231505 P149464 2009 8 11 -5.257 149.2015 2009 8 16 -5.0333 149.3833 45 45
231767 P148972 2009 8 11 -5.257 149.2015 2009 8 21 -4.95 149.6667 47 50
232211 P149577 2009 8 12 -4.3136 150.1233 2009 8 26 -3.4012 145.72 44 42
232214 P149580 2009 8 12 -4.3136 150.1233 2009 8 20 -4.7333 150.4667 41 46
232243 P149609 2009 8 12 -4.3333 150.1441 2009 8 16 -5.0333 149.3833 46 48
232437 P149644 2009 8 12 -4.2397 150.1962 2009 8 29 -3.8527 150.6433 45 45
232446 P149653 2009 8 12 -4.2397 150.1962 2009 8 16 -5.0333 149.3833 48 49
232494 P150501 2009 8 12 -4.2397 150.1962 2009 8 29 -3.848 150.6433 49 NA
232601 P150211 2009 8 12 -4.2397 150.1962 2009 8 23 -4.1033 150.5967 47 42
232605 P150215 2009 8 12 -4.2397 150.1962 2009 8 16 -4.3278 148.0498 51 56
232715 P150302 2009 8 12 -4.2397 150.1962 2009 8 23 -4.1033 150.5967 45 39
232744 P150330 2009 8 12 -4.2397 150.1962 2009 8 27 -1.324 142.6817 43 NA
232753 P150337 2009 8 12 -4.2397 150.1962 2009 8 31 -4.6373 150.6286 45 47
232853 P150626 2009 8 12 -4.6769 149.8492 2009 8 21 -3.9095 149.5565 49 43
233008 P150554 2009 8 12 -4.1825 149.5474 2009 8 29 -3.9667 150.6613 49 40
233034 P150916 2009 8 12 -4.1825 149.5474 2009 8 15 -2.8833 147.95 43 44
233157 P151001 2009 8 14 -2.8931 147.9715 2009 8 15 -2.8833 147.95 40 52
233159 P151003 2009 8 14 -2.8931 147.9715 2009 8 15 -2.8833 147.95 38 38
233161 P151005 2009 8 14 -2.8931 147.9715 2009 8 15 -2.8833 147.95 40 40
233163 P150823 2009 8 14 -2.8931 147.9715 2009 8 15 -2.8833 147.95 40 41
233166 P150826 2009 8 14 -2.8931 147.9715 2009 8 15 -2.8833 147.95 52 47
233167 P150827 2009 8 14 -2.8931 147.9715 2009 8 15 -2.8833 147.95 50 50
233169 P150829 2009 8 14 -2.8931 147.9715 2009 8 15 -2.8833 147.95 51 53
233170 P150830 2009 8 14 -2.8931 147.9715 2009 8 15 -2.8833 147.95 40 42
233176 P150836 2009 8 14 -2.8931 147.9715 2009 8 15 -2.8833 147.95 39 41
233182 P150842 2009 8 14 -2.8931 147.9715 2009 8 15 -2.8833 147.95 47 48
233187 P150847 2009 8 14 -2.8931 147.9715 2009 8 15 -2.8833 147.95 47 50
233189 P150849 2009 8 14 -2.8931 147.9715 2009 8 15 -2.8833 147.95 52 53
233191 P150851 2009 8 14 -2.8931 147.9715 2009 8 15 -2.8833 147.95 38 41
233192 P150852 2009 8 14 -2.8931 147.9715 2009 8 15 -2.8833 147.95 51 52
233195 P150855 2009 8 14 -2.8931 147.9715 2009 8 15 -2.8833 147.95 51 53
233199 P150859 2009 8 14 -2.8931 147.9715 2009 8 15 -2.8833 147.95 40 41
233207 P150867 2009 8 14 -2.8931 147.9715 2009 8 15 -2.8833 147.95 45 47
233213 P150873 2009 8 14 -2.8931 147.9715 2009 8 15 -2.8833 147.95 47 54
233214 P150874 2009 8 14 -2.8931 147.9715 2009 8 15 -2.8833 147.95 50 48
233215 P150875 2009 8 14 -2.8931 147.9715 2009 8 15 -2.8833 147.95 50 53
233217 P150877 2009 8 14 -2.8931 147.9715 2009 8 15 -2.8833 147.95 51 51
233219 P150879 2009 8 14 -2.8931 147.9715 2009 8 15 -2.8833 147.95 53 52
233220 P150880 2009 8 14 -2.8931 147.9715 2009 8 15 -2.8833 147.95 51 50
233222 P150882 2009 8 14 -2.8931 147.9715 2009 8 15 -2.8833 147.95 50 43
233223 P150883 2009 8 14 -2.8931 147.9715 2009 8 15 -2.8833 147.95 54 55
233230 P150890 2009 8 14 -2.8931 147.9715 2009 8 15 -2.8833 147.95 51 52
233237 P150897 2009 8 14 -2.8931 147.9715 2009 8 15 -2.8833 147.95 50 45
233240 P150900 2009 8 14 -2.8931 147.9715 2009 8 15 -2.8833 147.95 51 50
233242 Z80981 2009 8 14 -2.8931 147.9715 2009 8 15 -2.8907 147.9473 37 37
233244 P150559 2009 8 14 -2.8931 147.9715 2009 8 15 -2.8833 147.95 41 40
233246 P150561 2009 8 14 -2.8931 147.9715 2009 8 15 -2.8833 147.95 52 50
233248 P150563 2009 8 14 -2.8931 147.9715 2009 8 15 -2.8833 147.95 46 49
233249 P150564 2009 8 14 -2.8931 147.9715 2009 8 15 -2.8833 147.95 51 53
233255 P150570 2009 8 14 -2.8931 147.9715 2009 8 15 -2.8833 147.95 51 53
233256 P150571 2009 8 14 -2.8931 147.9715 2009 8 15 -2.8833 147.95 51 52
233259 P150574 2009 8 14 -2.8931 147.9715 2009 8 15 -2.8833 147.95 51 53
233260 P150575 2009 8 14 -2.8931 147.9715 2009 8 15 -2.8833 147.95 51 52
233261 P150576 2009 8 14 -2.8931 147.9715 2009 8 15 -2.8833 147.95 42 42
233262 P150577 2009 8 14 -2.8931 147.9715 2009 8 15 -2.8833 147.95 53 54
233263 P150578 2009 8 14 -2.8931 147.9715 2009 8 15 -2.8833 147.95 50 52
233265 P150580 2009 8 14 -2.8931 147.9715 2009 8 15 -2.8833 147.95 54 54
233266 P150581 2009 8 14 -2.8931 147.9715 2009 8 15 -2.8833 147.95 45 40
233267 P150582 2009 8 14 -2.8931 147.9715 2009 8 15 -2.8833 147.95 42 42
233270 P150585 2009 8 14 -2.8931 147.9715 2009 8 15 -2.8833 147.95 43 55
233278 P150593 2009 8 14 -2.8931 147.9715 2009 8 15 -2.8833 147.95 52 54
233285 P150600 2009 8 14 -2.8931 147.9715 2009 8 15 -2.8833 147.95 52 38
233287 P150702 2009 8 14 -2.8931 147.9715 2009 8 15 -2.8833 147.95 52 53
233293 P150708 2009 8 14 -2.8931 147.9715 2009 8 15 -2.8833 147.95 47 43
233294 P150709 2009 8 14 -2.8931 147.9715 2009 8 15 -2.8833 147.95 51 43
233296 P150711 2009 8 14 -2.8931 147.9715 2009 8 15 -2.8833 147.95 50 50
233301 P150716 2009 8 14 -2.8931 147.9715 2009 8 15 -2.8833 147.95 40 41
233303 P150718 2009 8 14 -2.8931 147.9715 2009 8 15 -2.8833 147.95 40 42
233308 P150723 2009 8 14 -2.8931 147.9715 2009 8 15 -2.8833 147.95 40 42
233313 P150728 2009 8 14 -2.8931 147.9715 2009 8 15 -2.8833 147.95 40 41
233321 P150736 2009 8 14 -2.8931 147.9715 2009 8 15 -2.8833 147.95 40 41
233325 P150740 2009 8 14 -2.8931 147.9715 2009 8 16 -2.4833 148.4667 40 40
233327 P150742 2009 8 14 -2.8931 147.9715 2009 8 15 -2.8833 147.95 43 43
233329 P150744 2009 8 14 -2.8931 147.9715 2009 8 15 -2.8833 147.95 40 41
233330 P150745 2009 8 14 -2.8931 147.9715 2009 8 15 -2.8833 147.95 41 42
233331 P150746 2009 8 14 -2.8931 147.9715 2009 8 15 -2.8833 147.95 39 43
233335 P150750 2009 8 14 -2.8931 147.9715 2009 8 15 -2.8833 147.95 40 52
233345 P150760 2009 8 14 -2.8931 147.9715 2009 8 15 -2.8833 147.95 39 41
233351 P151103 2009 8 14 -2.8931 147.9715 2009 8 15 -2.8833 147.95 51 53
233353 P151105 2009 8 14 -2.8931 147.9715 2009 8 15 -2.8833 147.95 52 43
233355 P151107 2009 8 14 -2.8931 147.9715 2009 8 15 -2.8833 147.95 50 53
233360 P151112 2009 8 14 -2.8931 147.9715 2009 8 15 -2.8833 147.95 53 54
233366 P151118 2009 8 14 -2.8931 147.9715 2009 8 15 -2.8833 147.95 44 46
233371 P151123 2009 8 14 -2.8931 147.9715 2009 8 15 -2.8833 147.95 48 50
233374 P151126 2009 8 14 -2.8931 147.9715 2009 8 15 -2.8833 147.95 39 50
233377 P151129 2009 8 14 -2.8931 147.9715 2009 8 15 -2.8833 147.95 51 53
233382 P151134 2009 8 14 -2.8931 147.9715 2009 8 15 -2.8833 147.95 51 53
233387 P151139 2009 8 14 -2.8931 147.9715 2009 8 15 -2.8833 147.95 52 40
233392 P151144 2009 8 14 -2.8931 147.9715 2009 8 15 -2.8833 147.95 44 44
233395 P151147 2009 8 14 -2.8931 147.9715 2009 8 15 -2.8833 147.95 50 53
233396 P151148 2009 8 14 -2.8931 147.9715 2009 8 15 -2.8833 147.95 51 54
233402 P151154 2009 8 14 -2.8931 147.9715 2009 8 15 -2.8833 147.95 40 42
233404 P151156 2009 8 14 -2.8931 147.9715 2009 8 15 -2.8833 147.95 40 41
233409 P151161 2009 8 14 -2.8931 147.9715 2009 8 15 -2.8833 147.95 40 42
233410 P151162 2009 8 14 -2.8931 147.9715 2009 8 26 -1.4833 143.5518 50 55
233418 P151170 2009 8 14 -2.8931 147.9715 2009 8 15 -2.8833 147.95 39 40
233425 P151177 2009 8 14 -2.8931 147.9715 2009 8 15 -2.8833 147.95 52 51
233427 P151179 2009 8 14 -2.8931 147.9715 2009 8 15 -2.8833 147.95 51 53
233429 P151181 2009 8 14 -2.8931 147.9715 2009 8 16 -2.4833 148.4667 41 43
233431 P151183 2009 8 14 -2.8931 147.9715 2009 8 15 -2.8833 147.95 49 48
233449 P150932 2009 8 14 -2.8931 147.9715 2009 8 15 -2.8833 147.95 41 47
233463 P150938 2009 8 14 -2.8931 147.9715 2009 8 15 -2.8833 147.95 41 41
233464 P150939 2009 8 14 -2.8931 147.9715 2009 8 15 -2.8833 147.95 53 44
233465 P150940 2009 8 14 -2.8931 147.9715 2009 8 15 -2.8833 147.95 49 48
233466 P150941 2009 8 14 -2.8931 147.9715 2009 8 15 -2.8833 147.95 52 52
233468 P150943 2009 8 14 -2.8931 147.9715 2009 8 15 -2.8833 147.95 54 54
233472 P150947 2009 8 14 -2.8931 147.9715 2009 8 15 -2.8833 147.95 53 50
233482 P150958 2009 8 14 -2.8931 147.9715 2009 8 15 -2.8833 147.95 51 53
233491 P150967 2009 8 14 -2.8931 147.9715 2009 8 15 -2.8833 147.95 53 49
233511 P150987 2009 8 14 -2.8931 147.9715 2009 8 15 -2.8833 147.95 50 49
233512 P150988 2009 8 14 -2.8931 147.9715 2009 8 15 -2.8833 147.95 55 56
233513 P150989 2009 8 14 -2.8931 147.9715 2009 8 15 -2.8833 147.95 54 45
233533 P151209 2009 8 14 -2.8931 147.9715 2009 8 15 -2.8833 147.95 52 51
233535 P151211 2009 8 14 -2.8931 147.9715 2009 8 15 -2.8833 147.95 44 43
233537 P151213 2009 8 14 -2.8931 147.9715 2009 8 15 -2.8833 147.95 46 42
233539 P151215 2009 8 14 -2.8931 147.9715 2009 8 15 -2.8833 147.95 40 41
233540 P151216 2009 8 14 -2.8931 147.9715 2009 8 15 -2.8833 147.95 40 45
233542 P151218 2009 8 14 -2.8931 147.9715 2009 8 15 -2.8833 147.95 53 50
233543 P151219 2009 8 14 -2.8931 147.9715 2009 8 15 -2.8833 147.95 48 47
233544 P151220 2009 8 14 -2.8931 147.9715 2009 8 15 -2.8833 147.95 42 40
233549 P151225 2009 8 14 -2.8931 147.9715 2009 8 15 -2.8833 147.95 43 40
233555 P151231 2009 8 14 -2.8931 147.9715 2009 8 15 -2.8833 147.95 50 38
233556 P151232 2009 8 14 -2.8931 147.9715 2009 8 15 -2.8833 147.95 41 49
233559 P151235 2009 8 14 -2.8931 147.9715 2009 8 15 -2.8833 147.95 42 44
233565 P151241 2009 8 14 -2.8931 147.9715 2009 8 15 -2.8833 147.95 40 39
233709 P150428 2009 8 14 -2.8931 147.9715 2009 8 15 -2.8833 147.95 39 39
233717 P150431 2009 8 14 -2.8931 147.9715 2009 8 15 -2.8833 147.95 39 41
233723 P150436 2009 8 14 -2.8931 147.9715 2009 8 16 -2.4833 148.4667 47 47
233730 P150439 2009 8 14 -2.8931 147.9715 2009 8 15 -2.8833 147.95 43 45
233731 P150440 2009 8 14 -2.8931 147.9715 2009 8 15 -2.8833 147.95 31 37
233586 Z80784 2009 8 16 -1.7674 145.3322 2009 8 23 -2.078 145.1607 32 32
233587 Z80785 2009 8 16 -1.7674 145.3322 2009 8 23 -2.0764 145.1606 31 32
233590 Z80788 2009 8 16 -1.7674 145.3322 2009 8 23 -1.7667 145.3167 37 37
233612 Z80165 2009 8 16 -1.7674 145.3322 2009 8 16 -2.45 144.3 33 NA
233618 Z80171 2009 8 16 -1.7674 145.3322 2009 8 23 -1.7667 145.3167 36 37
233632 Z80185 2009 8 16 -1.7674 145.3322 2009 8 23 -1.784 145.3287 36 37
233633 Z80186 2009 8 16 -1.7674 145.3322 2009 8 23 -1.7667 145.3167 31 33
233652 P151255 2009 8 16 -1.7674 145.3322 2009 8 20 -2.8833 143.9752 39 NA
233657 P151260 2009 8 16 -1.7674 145.3322 2009 8 24 -3.3034 145.8872 38 42
233684 Z80985 2009 8 16 -1.7674 145.3322 2009 8 23 -2.0777 145.1604 35 NA
233788 Z81125 2009 8 16 -1.7674 145.3322 2009 8 23 -1.7667 145.3167 33 33.5
233799 Z81136 2009 8 16 -1.7674 145.3322 2009 8 24 -3.3034 145.8872 36 38
233812 Z81149 2009 8 16 -1.7674 145.3322 2009 8 23 -1.784 145.3287 32 39
233822 Z81159 2009 8 16 -1.7674 145.3322 2009 8 23 -1.7667 145.3167 36 37.5
234110 P151061 2009 8 17 -2.3984 141.7955 2009 8 29 -1.2141 145.401 46 43
234224 Z81074 2009 8 22 -1.4058 135.9975 2009 8 28 -1 136 35 34
234230 Z81080 2009 8 22 -1.4058 135.9975 2009 8 29 0.0312 136.0038 34 36
234323 Z81532 2009 8 22 -1.4058 135.9975 2009 8 29 0.031 136.004 36 28
234328 Z81537 2009 8 22 -1.4058 135.9975 2009 8 27 0.031 136.004 35 37
234332 Z81541 2009 8 22 -1.4058 135.9975 2009 8 24 -1 136 36 36
234349 Z81558 2009 8 22 -1.4058 135.9975 2009 8 25 -1 136 36 27
235087 P151717 2009 8 23 -0.534 134.3473 2009 8 28 1.2051 125.1633 38 39
235277 P152120 2009 8 23 -0.5184 134.2475 2009 8 28 1.2051 125.1633 37 40
236997 P153123 2009 8 27 0.2066 125.1584 2009 8 28 1.2052 125.1633 39 40
236999 P153125 2009 8 27 0.2066 125.1584 2009 8 28 1.2052 125.1633 40 40
237008 Z81874 2009 8 27 0.2066 125.1584 2009 8 28 1.2052 125.1633 34 35
237010 Z81876 2009 8 27 0.2066 125.1584 2009 8 28 1.2052 125.1633 37 35
237015 Z81881 2009 8 27 0.2066 125.1584 2009 8 28 1.2052 125.1633 37 39
237016 Z81882 2009 8 27 0.2066 125.1584 2009 8 28 1.2052 125.1633 37 37
237017 Z81883 2009 8 27 0.2066 125.1584 2009 8 28 1.2052 125.1633 36 37
237018 Z81884 2009 8 27 0.2066 125.1584 2009 8 28 1.2052 125.1633 36 38
237019 Z81885 2009 8 27 0.2066 125.1584 2009 8 28 1.2052 125.1633 36 38
237042 P152591 2009 8 27 0.2066 125.1584 2009 8 28 0.2051 125.1633 38 40
237046 P152595 2009 8 27 0.2066 125.1584 2009 8 28 1.2052 125.1633 40 42
237049 Z82249 2009 8 27 0.2066 125.1584 2009 8 28 1.2052 125.1633 36 38
237053 Z82253 2009 8 27 0.2066 125.1584 2009 8 28 1.2052 125.1633 36 39
237055 Z82255 2009 8 27 0.2066 125.1584 2009 8 28 1.2052 125.1633 35 37
237056 Z82256 2009 8 27 0.2066 125.1584 2009 8 28 1.2052 125.1633 36 36
237058 Z82258 2009 8 27 0.2066 125.1584 2009 8 28 1.2052 125.1633 35 37
237059 Z82259 2009 8 27 0.2066 125.1584 2009 8 28 1.2052 125.1633 35 36
237060 Z82260 2009 8 27 0.2066 125.1584 2009 8 28 1.2052 125.1633 36 36
237065 P153279 2009 8 27 0.2066 125.1584 2009 8 28 1.2052 125.1633 39 40
237066 P153280 2009 8 27 0.2066 125.1584 2009 8 28 1.2052 125.1633 39 39
237070 Z82194 2009 8 27 0.2066 125.1584 2009 8 28 1.2052 125.1633 36 38
237073 Z82199 2009 8 27 0.2066 125.1584 2009 8 28 1.2052 125.1633 38 39
237074 Z82200 2009 8 27 0.2066 125.1584 2009 8 28 1.2052 125.1633 37 39
237075 Z82301 2009 8 27 0.2066 125.1584 2009 8 28 1.2052 125.1633 37 37
237077 Z82303 2009 8 27 0.2066 125.1584 2009 8 28 1.2052 125.1633 36 38
237078 Z82304 2009 8 27 0.2066 125.1584 2009 8 28 1.2052 125.1633 38 39
237080 Z82306 2009 8 27 0.2066 125.1584 2009 8 28 1.2052 125.1633 37 38
237081 Z82307 2009 8 27 0.2066 125.1584 2009 8 28 1.2052 125.1633 37 38
237083 Z82309 2009 8 27 0.2066 125.1584 2009 8 28 1.2052 125.1633 38 39
237084 Z82310 2009 8 27 0.2066 125.1584 2009 8 28 1.2052 125.1633 37 38
237085 Z82311 2009 8 27 0.2066 125.1584 2009 8 28 1.2052 125.1633 36 38
237086 Z82312 2009 8 27 0.2066 125.1584 2009 8 28 1.2052 125.1633 37 39
237087 Z82314 2009 8 27 0.2066 125.1584 2009 8 28 1.2052 125.1633 38 38
237096 P153088 2009 8 27 0.2066 125.1584 2009 8 28 1.2052 125.1633 42 43
237097 P153089 2009 8 27 0.2066 125.1584 2009 8 28 1.2052 125.1633 38 40
237099 P153091 2009 8 27 0.2066 125.1584 2009 8 28 1.2052 125.1633 43 40
237100 P153092 2009 8 27 0.2066 125.1584 2009 8 28 1.2052 125.1633 38 40
237101 P153094 2009 8 27 0.2066 125.1584 2009 8 28 1.2052 125.1633 38 40
237104 P153802 2009 8 27 0.2066 125.1584 2009 8 28 1.2052 125.1633 42 45
237106 P153804 2009 8 27 0.2066 125.1584 2009 8 28 1.2052 125.1633 41 39
237107 P153805 2009 8 27 0.2066 125.1584 2009 8 28 1.2052 125.1633 37 40
237108 P153806 2009 8 27 0.2066 125.1584 2009 8 28 1.2052 125.1633 38 40
262060 P153093 2009 8 27 0.2066 125.1584 2009 8 28 1.2052 125.1633 38 39
237141 P153286 2009 8 29 -3.253 123.6076 2009 8 29 -3.25 123.3333 39 NA
237143 P153288 2009 8 29 -3.253 123.6076 2009 8 29 -3.25 123.3333 40 NA
237146 P153812 2009 8 29 -3.253 123.6076 2009 8 29 -3.25 123.3333 38 NA
237147 P153813 2009 8 29 -3.253 123.6076 2009 8 29 -3.25 123.3333 41 NA
237315 Z82263 2009 8 29 -3.253 123.6076 2009 8 29 -3.25 123.3333 37 NA
237157 P153403 2009 8 29 -3.2099 123.6614 2009 8 29 -3.25 123.3333 41 NA
237174 P153134 2009 8 29 -3.2099 123.6614 2009 8 29 -3.25 123.3333 40 NA
237180 P153139 2009 8 29 -3.2099 123.6614 2009 8 29 -3.25 123.3333 44 NA
237191 P153146 2009 8 29 -3.2099 123.6614 2009 8 29 -3.25 123.3333 41 NA
237225 P153425 2009 8 29 -3.2099 123.6614 2009 8 29 -3.25 123.3333 41 NA
237227 P153826 2009 8 29 -3.2099 123.6614 2009 8 29 -3.25 123.3333 44 NA
237391 P153770 2009 8 29 -3.2099 123.6614 2009 8 29 -3.25 123.3333 39 NA
237523 P153922 2009 8 29 -3.2099 123.6614 2009 8 29 -3.25 123.3333 43 NA
237318 P153169 2009 8 29 -3.2524 123.6046 2009 8 29 -3.25 123.3333 39 NA
237410 P153791 2009 8 29 -3.2524 123.6046 2009 8 29 -3.25 123.3333 42 NA
237412 P153793 2009 8 29 -3.2524 123.6046 2009 8 29 -3.25 123.3333 40 NA
H8912 1799 2009 7 18 31.1 127 2009 8 25 33 128.0833 50 NA
