1021
id tag_no yr mo day lat lon yr_rec mo_rec day_rec lat_rec lon_rec len_rel len_rec
3859 P03732 2006 8 30 -5.1933 149.0775 2009 6 14 -2.2022 166.3858 45 NA
13401 P11047 2006 10 14 -4.9582 148.7382 2009 6 14 -1.9833 166 39 NA
34600 Z20348 2007 3 14 -3.2198 150.779 2009 6 24 -2.3833 143.4667 35 47
35441 P25124 2007 3 17 -3.313 150.8965 2009 6 22 -2.3833 143.4667 45 48
44269 Z27517 2007 4 12 -3.7199 148.5515 2009 6 24 -2.3833 143.4667 35 46
44286 Z27534 2007 4 12 -3.7199 148.5515 2009 6 24 -2.3833 143.4667 35 49
45052 P34610 2007 4 12 -3.7199 148.5515 2009 6 24 -2.3833 143.4667 40 51
48115 P35804 2007 4 16 -1.5774 150.8157 2009 6 24 -2.3833 143.4667 46 46
52305 P39965 2007 5 1 -4.9122 145.9136 2009 6 24 -2.3833 143.4667 37 47
68126 P49261 2007 11 3 -7.35 156.7167 2009 6 24 -2.5353 143.2519 51 98
68308 P50109 2007 11 4 -7.3635 156.7258 2009 6 26 -4.6188 188.278 45 NA
84630 Z29196 2008 3 3 -9.1421 157.8019 2009 6 30 2.0781 166.2637 36 59
86247 P56623 2008 3 5 -9.6658 161.1484 2009 6 28 -1.782 185.4033 47 NA
86443 P56694 2008 3 5 -9.584 161.2782 2009 6 29 4.7233 203.1907 54 NA
87577 P56583 2008 3 8 -9.7311 159.3942 2009 6 30 -3.0065 147.8796 40 NA
87864 P58093 2008 3 8 -9.9394 159.402 2009 6 11 6.9907 158.162 40 58
89061 P58511 2008 3 12 -7.6973 155.9271 2009 6 16 -0.0487 160.7707 37 59
91028 P59914 2008 3 16 -7.4779 159.0783 2009 6 23 -0.3333 170.0253 54 49.5
91196 Z29980 2008 3 17 -7.3561 158.6182 2009 6 29 0.7649 158.6907 35 49
96496 Z42839 2008 4 1 -9.9307 159.6246 2009 6 4 -1.3702 144.3041 38 NA
108144 P68223 2008 6 27 0.5466 155.4116 2009 6 26 -4.75 188.4112 50 NA
108213 P68418 2008 6 27 0.5466 155.4116 2009 6 24 -5.6525 192.1852 49 NA
108333 P67758 2008 6 27 0.5466 155.4116 2009 6 26 -4.75 188.4113 49 NA
108444 P67579 2008 6 27 0.5466 155.4116 2009 6 16 -1 167 51 NA
110309 P69050 2008 7 5 5.7319 157.8213 2009 6 2 -0.1848 161.0328 50 63
111152 P69970 2008 7 9 5.4387 153.3062 2009 6 21 3.508 169.4334 57 66.5
114044 P70020 2008 7 21 2.5138 156.1913 2009 6 23 -1.943 173.4868 56 69
116193 P73535 2008 8 4 6.922 144.3097 2009 6 25 5.1529 199.1444 54 49.5
116718 P73884 2008 8 5 7.25 144.05 2009 6 9 -1.1782 172.5904 55 70
120193 Z51101 2008 8 21 7.698 134.3217 2009 6 1 0.9933 143.4533 33 55.6
121381 P74735 2008 8 23 4.8955 132.0546 2009 6 8 0.4167 154.9333 42 62.5
122616 P75276 2008 8 27 4.4077 132.302 2009 6 12 -4.5273 172.3607 44 NA
123412 P77187 2008 8 27 4.8383 132.0862 2009 6 16 -0.6086 170.0523 60 67
125910 Z52704 2008 8 31 6.7067 130.5511 2009 6 11 0.0056 162.0504 32 53.5
128985 Z54474 2008 9 28 1.5584 126.2387 2009 6 21 0.85 128.7667 31 NA
129199 P77853 2008 10 2 -0.3929 129.4714 2009 6 16 -4.1945 148.4658 42 45
129404 P79474 2008 10 2 -0.3929 129.4714 2009 6 8 0.4167 154.9333 39 55
129648 P78821 2008 10 2 -0.3929 129.4714 2009 6 10 -0.676 143.984 39 NA
130461 Z54828 2008 10 4 0.2854 130.7642 2009 6 24 -2.15 129.35 35 47
130533 P80435 2008 10 4 0.2854 130.7642 2009 6 29 -6.3167 110.5667 39 NA
130560 P80460 2008 10 4 0.2854 130.7642 2009 6 10 0.4465 157.3271 38 54
131384 Z60003 2008 10 5 0.1924 131.0064 2009 6 21 -0.2167 156.2917 37 51
133134 P83664 2008 10 5 0.286 130.764 2009 6 16 -0.609 170.0491 44 61
134135 Z59348 2008 10 6 1.0501 130.6411 2009 6 25 2.3849 160.8728 36 48.5
133707 P91795 2008 10 6 1.0573 130.6662 2009 6 3 0.4047 162.944 41 44
135498 P81187 2008 10 10 -2.3204 125.2768 2009 6 30 0.9577 127.9177 41 46
137115 P92114 2008 10 12 -2.7122 125.6081 2009 6 24 -2.15 129.35 39 45
137209 P92159 2008 10 12 -2.7122 125.6081 2009 6 13 -4.5113 126.7853 38 48
137544 P82673 2008 10 12 -2.7122 125.6081 2009 6 1 1 143.444 38 53
137570 P92222 2008 10 12 -2.7122 125.6081 2009 6 2 -4.9167 123 40 50
140977 P93124 2008 10 17 -4.2159 128.4837 2009 6 24 2.072 126.2551 39 54
142547 P102182 2008 10 18 -4.2388 129.2307 2009 6 21 -2 127 40 NA
143011 P100849 2008 10 19 -3.6107 132.1181 2009 6 29 0.9725 127.6833 39 58
143514 P95612 2008 10 19 -3.6107 132.1181 2009 6 20 1.0333 126.0833 38 46
143584 P95654 2008 10 19 -3.6107 132.1181 2009 6 30 1.1833 131.9167 37 40
143589 P95659 2008 10 19 -3.6107 132.1181 2009 6 24 -2.15 129.35 40 40
143625 P95684 2008 10 19 -3.6107 132.1181 2009 6 30 1.1833 131.9167 38 45
143710 P95535 2008 10 19 -3.6107 132.1181 2009 6 21 -2 127 39 NA
143734 P95559 2008 10 19 -3.6107 132.1181 2009 6 15 -1.15 128.35 38 56
145069 Z56758 2008 10 20 -3.5979 132.3994 2009 6 16 -0.9313 166.9727 37 NA
145164 Z56790 2008 10 20 -3.5979 132.3994 2009 6 13 -4.5113 126.7853 36 48
145275 P96904 2008 10 20 -3.5979 132.3994 2009 6 21 -2 127 38 NA
145623 Z57302 2008 10 20 -3.5979 132.3994 2009 6 24 -2.15 129.35 37 44
146378 P97637 2008 10 20 -2.8854 131.1309 2009 6 21 -2 127 37 NA
146851 P98054 2008 10 21 -2.4577 129.6453 2009 6 3 -4.0993 147.6893 44 NA
147416 Z57677 2008 10 22 -2.3805 129.146 2009 6 24 2.072 126.2551 36 55
147967 P91421 2008 10 22 -2.2955 129.1475 2009 6 21 -2 127 39 NA
148125 Z58630 2008 10 22 -1.9099 129.1432 2009 6 23 -2.15 129.35 36 41
150213 P102652 2008 10 24 -0.5079 131.4001 2009 6 10 0.2333 145.7667 41 52
150238 P84265 2008 10 24 -0.5079 131.4001 2009 6 15 -4.5113 126.7853 41 48
150292 P85619 2008 10 24 -0.5079 131.4001 2009 6 16 -2.15 129.35 39 57
150445 P85001 2008 10 24 -0.5079 131.4001 2009 6 10 0.4456 157.3205 39 57
150472 P85022 2008 10 24 -0.5079 131.4001 2009 6 9 1.999 147.322 40 55
150506 P85051 2008 10 24 -0.5079 131.4001 2009 6 26 1.6 137.0833 41 44
150510 P85053 2008 10 24 -0.5079 131.4001 2009 6 1 1.0167 143.4667 38 53.7
150512 P85054 2008 10 24 -0.5079 131.4001 2009 6 20 1 138 41 NA
150672 P85126 2008 10 24 -0.5079 131.4001 2009 6 8 0.4167 154.9333 39 56
150854 P85225 2008 10 24 -0.5079 131.4001 2009 6 27 1.611 165.0688 41 55
151146 P85926 2008 10 24 -0.5079 131.4001 2009 6 21 7.4653 141.8053 42 56
151220 P85720 2008 10 24 -0.5079 131.4001 2009 6 20 1.0333 126.0833 40 51
151255 P85755 2008 10 24 -0.5079 131.4001 2009 6 25 6.273 144.327 40 54
151634 P85972 2008 10 26 -0.0347 132.1686 2009 6 7 0.4333 153.8333 42 55.7
151655 P85993 2008 10 26 -0.0347 132.1686 2009 6 2 -2.15 129.35 39 42
151841 P86947 2008 10 26 -0.0347 132.1686 2009 6 11 -2.15 129.35 37 50
151851 P86957 2008 10 26 -0.0347 132.1686 2009 6 24 -1.9953 144.8467 38 65
152171 P86376 2008 10 26 -0.0347 132.1686 2009 6 5 -2.4633 144.324 38 45
152578 P86712 2008 10 29 -0.2883 138.2173 2009 6 18 -0.38 153.977 49 58
152901 P87896 2008 10 29 -0.2883 138.2173 2009 6 25 2.979 155.501 41 55
153121 P88169 2008 10 29 -0.2883 138.2173 2009 6 14 -1.5896 158.7052 47 59
153154 P88234 2008 10 29 -0.2883 138.2173 2009 6 21 -0.1925 156.2048 42 54
153263 P86537 2008 10 29 -0.2883 138.2173 2009 6 8 0.4167 154.9333 46 59
153361 P86586 2008 10 29 -0.2883 138.2173 2009 6 9 0.6218 166.8501 48 59
153524 P87956 2008 10 29 -0.2883 138.2173 2009 6 15 -0.296 155.699 50 70
153818 P88325 2008 10 29 -0.2883 138.2173 2009 6 3 1.6209 161.0506 55 69
155073 P89272 2008 11 8 -0.342 147.6317 2009 6 11 0.0056 162.0504 43 53
155083 P89280 2008 11 8 -0.342 147.6317 2009 6 18 1.0973 156.0167 42 54
156166 P89557 2008 11 8 -0.342 147.6317 2009 6 22 2.7307 180.0228 41 50
156320 P90719 2008 11 8 -0.342 147.6317 2009 6 25 2.5956 166.7336 41 65
156456 P98729 2008 11 8 -0.2415 147.7772 2009 6 11 0.0056 162.0504 40 55
157162 P90990 2008 11 9 -0.9567 147.1972 2009 6 9 -1.175 172.5906 54 65
168451 P90784 2008 11 11 -0.3396 148.0723 2009 6 21 3.5075 169.4323 42 56.5
158449 P98917 2008 11 12 -0.0134 149.2527 2009 6 16 -0.9313 166.9727 46 NA
160163 P101547 2008 11 17 -3.087 153.666 2009 6 26 -0.7641 170.0949 54 67
161946 P102986 2008 11 20 -4.22 155.2265 2009 6 22 -9.0935 160.6098 49 36
162180 Z70272 2008 11 20 -4.22 155.2265 2009 6 30 0.6407 162.9121 34 50
162376 P103333 2008 11 20 -4.22 155.2265 2009 6 3 2.6333 167.5833 53 64
162849 Z70954 2008 11 21 -5.3063 155.8433 2009 6 19 6.9847 158.1673 35 54
169273 P104294 2009 3 17 -10.7611 153.9889 2009 6 28 -8.454 158.3147 47 50
169360 P104337 2009 3 17 -10.7204 154.0583 2009 6 6 -4 145 52 76
169721 Z63189 2009 3 17 -11.1729 153.4797 2009 6 16 -3.2178 146.1687 33 47
169825 P104702 2009 3 18 -10.8417 153.8687 2009 6 21 3.5068 169.4334 56 61
169980 P104152 2009 3 18 -10.8417 153.8687 2009 6 2 -8.3507 159.046 55 42
170050 P105043 2009 3 18 -10.8417 153.8687 2009 6 10 -8.2719 158.2529 54 35
170057 P104188 2009 3 18 -10.8417 153.8687 2009 6 26 -1.0133 170.7133 58 60
170201 P104578 2009 3 18 -10.8417 153.8687 2009 6 23 -4.1156 161.8742 47 53
170355 P104948 2009 3 18 -10.8417 153.8687 2009 6 13 0.9087 168.7027 52 59
170450 P104088 2009 3 18 -10.8417 153.8687 2009 6 12 -0.7752 144.0868 56 58
170505 P104840 2009 3 18 -10.8417 153.8687 2009 6 29 -8.992 158.5887 53 NA
170590 P104633 2009 3 18 -10.8417 153.8687 2009 6 29 0.7901 158.6988 51 65
170594 P104637 2009 3 18 -10.8417 153.8687 2009 6 17 -0.3814 158.1257 54 62.5
171782 Z62711 2009 3 18 -10.8589 153.3492 2009 6 29 -8.992 158.5887 36 45
172245 Z63449 2009 3 18 -10.8589 153.3492 2009 6 2 -8.6767 159.4033 34 40
172441 Z69155 2009 3 19 -10.309 153.0071 2009 6 21 -9.1753 157.5533 44 50
172618 P106233 2009 3 19 -10.2454 153.8608 2009 6 23 -4.1156 161.8742 63 60
176326 P105750 2009 3 21 -10.8188 154.3479 2009 6 22 -8.2667 158.9667 42 40
176502 P105552 2009 3 21 -10.8188 154.3479 2009 6 10 0.9474 167.0944 51 50
176569 P106583 2009 3 21 -10.8188 154.3479 2009 6 30 -8.7613 158.7953 47 51
176756 P107089 2009 3 21 -10.8188 154.3479 2009 6 16 -0.0487 160.7707 47 63
176773 P105887 2009 3 21 -10.8188 154.3479 2009 6 19 -2.4353 148.498 48 40
177321 P107194 2009 3 21 -10.9323 155.1699 2009 6 12 -8.6153 157.0427 42 60
177713 Z72827 2009 3 22 -10.0802 156.2368 2009 6 17 -1.163 150.115 32 46
178288 P107972 2009 3 26 -1.9834 156.0343 2009 6 25 2.4165 160.8728 45 55
178493 P107233 2009 3 26 -1.4459 156.037 2009 6 25 2.5951 166.7343 44 50
178546 P107752 2009 3 26 -1.4459 156.037 2009 6 14 6.984 158.168 43 49
178602 P108085 2009 3 26 -1.4459 156.037 2009 6 3 4.1454 167.3281 49 60
178817 P108831 2009 3 27 -0.0174 155.9598 2009 6 3 1.6224 161.0503 38 43
179324 P108343 2009 3 27 -0.0174 155.9598 2009 6 18 0.2298 169.3516 50 57.5
178901 P108615 2009 3 27 -0.0179 155.9623 2009 6 14 -1.59 158.7053 40 46.5
178911 P108625 2009 3 27 -0.0179 155.9623 2009 6 29 0.7801 158.7002 40 52
178972 P108686 2009 3 27 -0.0179 155.9623 2009 6 7 0.5234 156.2306 38 49
178981 P108695 2009 3 27 -0.0179 155.9623 2009 6 7 0.4333 153.8193 41 44.8
178988 P108202 2009 3 27 -0.0179 155.9623 2009 6 29 0.7489 158.7143 41 46
179003 P108217 2009 3 27 -0.0179 155.9623 2009 6 2 1.6508 155.258 37 40
179049 P108263 2009 3 27 -0.0179 155.9623 2009 6 29 -2 152 39 25
179299 P107577 2009 3 27 -0.0179 155.9623 2009 6 13 -0.7963 144.5309 42 48
179436 Z73109 2009 3 27 -0.0179 155.9623 2009 6 15 -1.7087 171.0493 36 NA
179525 P108919 2009 3 27 -0.0179 155.9623 2009 6 7 6.9939 158.1726 39 44
179592 P108950 2009 3 27 -0.0179 155.9623 2009 6 3 1.5894 161.1222 40 50
179845 P109027 2009 3 28 1.9564 156.0001 2009 6 21 3.5064 169.4314 52 57
180704 P109584 2009 3 28 3.0671 156.0481 2009 6 3 0.4045 162.9429 53 50
180672 P109223 2009 3 28 3.1313 156.0526 2009 6 10 0.5402 157.6947 44 57
180050 P110019 2009 3 28 3.1367 156.0696 2009 6 16 -0.6098 170.0532 39 48
180658 P109951 2009 3 28 3.1367 156.0696 2009 6 3 0.4059 162.9441 38 40
180002 P109958 2009 3 28 3.1716 156.0919 2009 6 15 2.0775 167.3267 39 49.5
180770 P110715 2009 3 29 4.9756 156.0328 2009 6 18 5.1753 181.2107 54 68
180789 P110734 2009 3 29 4.9756 156.0328 2009 6 3 3.2658 163.6025 42 48
180821 P110765 2009 3 29 4.9756 156.0328 2009 6 12 6.7111 157.7141 40 NA
180830 P110774 2009 3 29 4.9756 156.0328 2009 6 11 0.9667 254.1 39 NA
180846 P110788 2009 3 29 4.9756 156.0328 2009 6 14 -1.5897 158.7053 40 48
180850 P110791 2009 3 29 4.9756 156.0328 2009 6 2 1.6508 155.2579 41 46
180855 P110793 2009 3 29 4.9756 156.0328 2009 6 6 6.9893 158.176 41 47
180882 P110082 2009 3 29 4.9756 156.0328 2009 6 10 0.4512 157.3177 42 30
180909 P110960 2009 3 29 4.9756 156.0328 2009 6 3 0.4061 162.9444 40 41
180949 P110989 2009 3 29 4.9756 156.0328 2009 6 11 6.9907 158.162 43 49
181055 P110193 2009 3 29 4.9756 156.0328 2009 6 1 2.408 164.6007 41 47
181070 P110408 2009 3 29 4.9756 156.0328 2009 6 3 4.142 167.3306 42 52
181083 P110421 2009 3 29 4.9756 156.0328 2009 6 3 3.134 164.7641 46 54
181102 P110440 2009 3 29 4.9756 156.0328 2009 6 30 1.6235 166.8562 40 50
181109 P110447 2009 3 29 4.9756 156.0328 2009 6 24 -0.7753 158.1547 40 60
181137 P110475 2009 3 29 4.9756 156.0328 2009 6 14 -2.27 166.489 43 NA
181141 P110479 2009 3 29 4.9756 156.0328 2009 6 1 1.0124 158.2538 47 49
181158 P110496 2009 3 29 4.9756 156.0328 2009 6 6 6.9893 158.176 46 50
181162 P110500 2009 3 29 4.9756 156.0328 2009 6 8 0.4207 154.9453 40 NA
181198 P109773 2009 3 29 4.9756 156.0328 2009 6 5 1.386 172.9553 46 48
181231 P110506 2009 3 29 4.9756 156.0328 2009 6 4 3.3833 163.1667 46 65
181249 P110524 2009 3 29 4.9756 156.0328 2009 6 3 4.1425 167.3324 43 50
181250 P110525 2009 3 29 4.9756 156.0328 2009 6 21 -0.9667 156.1 42 43
181253 P110528 2009 3 29 4.9756 156.0328 2009 6 30 0.8588 163.6087 44 51
181286 P110551 2009 3 29 4.9756 156.0328 2009 6 3 2.5823 167.3591 42 47
181381 P110370 2009 3 29 4.9756 156.0328 2009 6 4 1.001 160.276 43 47.5
181395 P110384 2009 3 29 4.9756 156.0328 2009 6 4 1.001 160.276 44 49
181447 P110000 2009 3 29 4.9756 156.0328 2009 6 1 7.0996 171.3494 42 49
181467 P110220 2009 3 29 4.9756 156.0328 2009 6 16 -0.6081 170.0518 41 48
181486 P110239 2009 3 29 4.9756 156.0328 2009 6 17 -0.3565 158.118 39 51.7
181514 P110267 2009 3 29 4.9756 156.0328 2009 6 16 -0.6075 170.0543 43 49
181532 P110285 2009 3 29 4.9756 156.0328 2009 6 7 0.4333 153.8193 43 50.6
181621 P110644 2009 3 29 4.9756 156.0328 2009 6 11 6.9907 158.162 53 49
181632 P110655 2009 3 29 4.9756 156.0328 2009 6 17 -0.362 158.1459 40 50.7
181717 P110840 2009 3 29 4.9756 156.0328 2009 6 24 1.4756 164.352 40 50
181789 P111162 2009 3 29 4.9756 156.0328 2009 6 24 8.8128 159.3093 45 53
181832 P110935 2009 3 29 4.9756 156.0328 2009 6 16 -1 167 40 NA
181862 P109265 2009 3 29 4.9756 156.0328 2009 6 4 1.001 160.276 42 48
181884 P109282 2009 3 29 4.9756 156.0328 2009 6 30 0.2511 154.0327 41 40
181929 P110313 2009 3 29 4.9756 156.0328 2009 6 3 4.1435 167.3267 42 50
181956 P110340 2009 3 29 4.9756 156.0328 2009 6 27 1.611 165.0688 41 50
181965 P110349 2009 3 29 4.9756 156.0328 2009 6 16 -1 167 41 NA
181973 P111305 2009 3 29 4.9756 156.0328 2009 6 17 2.432 166.3826 44 49
182021 P111403 2009 3 29 5.2514 156.295 2009 6 11 6.9908 158.1619 58 59
182143 P111752 2009 3 31 6.6368 157.6502 2009 6 16 -2.6972 173.3183 52 61
182192 P111422 2009 3 31 6.6368 157.6502 2009 6 29 0.8058 158.7108 60 65
182295 P111599 2009 3 31 6.6368 157.6502 2009 6 30 1.6096 166.8383 51 59.7
182400 P111274 2009 3 31 6.6368 157.6502 2009 6 4 1.001 160.276 54 56
182962 P112193 2009 4 1 8.6006 157.9451 2009 6 16 -2.6936 173.3213 47 53
182973 P112204 2009 4 1 8.6006 157.9451 2009 6 17 -0.3486 158.129 47 52.5
182999 P112230 2009 4 1 8.6006 157.9451 2009 6 11 0.9667 254.1 50 NA
183071 P112675 2009 4 1 8.6006 157.9451 2009 6 24 -0.9733 159.0627 47 55
183249 P112293 2009 4 1 8.6006 157.9451 2009 6 30 1.6249 166.8433 48 54
183252 P112356 2009 4 1 8.6006 157.9451 2009 6 24 8.8127 159.3093 49 55
183286 P112509 2009 4 1 8.6006 157.9451 2009 6 24 8.8128 159.3093 50 56
183315 P112530 2009 4 1 8.6006 157.9451 2009 6 16 -0.0487 160.7707 52 65
183330 P112536 2009 4 1 8.6006 157.9451 2009 6 17 -0.369 158.1242 52 56
183358 P112057 2009 4 1 8.6006 157.9451 2009 6 10 0.5405 157.6947 52 56
183390 P112077 2009 4 1 8.6006 157.9451 2009 6 10 0.5407 157.6946 46 47
183627 P113955 2009 4 2 6.7504 157.7837 2009 6 30 0.6436 162.9104 44 53
184004 P114130 2009 4 2 6.7504 157.7837 2009 6 18 1.0973 156.0167 43 50
184172 P112896 2009 4 2 6.7504 157.7837 2009 6 16 0.2684 152.485 43 49
184498 P114134 2009 4 5 6.5777 158.8924 2009 6 24 8.8128 159.3095 49 55
184505 P114141 2009 4 5 6.5777 158.8924 2009 6 30 2.0789 166.2628 46 50
184508 P114144 2009 4 5 6.5777 158.8924 2009 6 17 -0.804 160.2413 49 51.5
184558 P113781 2009 4 5 6.5777 158.8924 2009 6 28 4.9139 163.9733 48 52
184565 P113788 2009 4 5 6.5777 158.8924 2009 6 3 4.1451 167.3261 52 55
184573 P113796 2009 4 5 6.5777 158.8924 2009 6 25 11.45 129.5949 47 50
184629 P114471 2009 4 5 6.5777 158.8924 2009 6 13 0.2287 166.9028 46 54
184630 P114472 2009 4 5 6.5777 158.8924 2009 6 3 2.9831 164.9068 49 51
184668 P113681 2009 4 5 6.5777 158.8924 2009 6 15 -0.296 155.699 43 50
184723 P114704 2009 4 7 5.0387 165.0056 2009 6 12 1.03 169.0887 49 50
184771 P114753 2009 4 7 5.0387 165.0056 2009 6 3 4.1399 167.3303 39 54
184798 P114780 2009 4 7 5.0387 165.0056 2009 6 26 -0.3474 170.8487 48 60
184852 P114234 2009 4 7 5.0387 165.0056 2009 6 25 2.4155 160.8706 47 37
184891 P114273 2009 4 7 5.0387 165.0056 2009 6 18 5.086 181.012 42 70
184901 P114283 2009 4 7 5.0387 165.0056 2009 6 29 0.7713 158.6927 42 54
184925 P115107 2009 4 7 5.0387 165.0056 2009 6 24 0.0501 160.1184 45 48
185045 P115177 2009 4 7 5.0387 165.0056 2009 6 4 3.3833 163.1667 45 48
185074 P115567 2009 4 7 5.0387 165.0056 2009 6 19 1.2267 168.7793 39 47.5
185116 Z73145 2009 4 7 5.0387 165.0056 2009 6 3 2.5811 167.3595 33 39
185151 P115004 2009 4 7 5.0387 165.0056 2009 6 6 0.8333 159.4 41 NA
185175 P115020 2009 4 7 5.0387 165.0056 2009 6 3 -1.2282 165.8787 39 47
185182 P115027 2009 4 7 5.0387 165.0056 2009 6 9 -1.1772 172.591 42 47
185190 P115032 2009 4 7 5.0387 165.0056 2009 6 18 2.7614 166.1279 39 39
185204 P115464 2009 4 7 5.0387 165.0056 2009 6 9 -1.1767 172.5906 46 50
185208 P115465 2009 4 7 5.0387 165.0056 2009 6 29 0.7592 158.7119 41 44
185246 P115046 2009 4 7 5.0387 165.0056 2009 6 6 0.8333 159.4 41 NA
185249 P115049 2009 4 7 5.0387 165.0056 2009 6 3 4.1394 167.3278 48 56
185252 P115052 2009 4 7 5.0387 165.0056 2009 6 25 2.4155 160.8725 42 40
185253 P115053 2009 4 7 5.0387 165.0056 2009 6 3 1.6269 161.0527 41 54
185277 P115077 2009 4 7 5.0387 165.0056 2009 6 13 0.2257 166.9047 43 50
185280 P115080 2009 4 7 5.0387 165.0056 2009 6 3 4.1432 167.3303 43 48
185281 P115081 2009 4 7 5.0387 165.0056 2009 6 4 3.3833 163.1667 31 49
185282 P115082 2009 4 7 5.0387 165.0056 2009 6 4 1.001 160.276 39 41
185287 P115087 2009 4 7 5.0387 165.0056 2009 6 14 -2.27 166.4888 40 NA
185293 P115602 2009 4 7 5.0387 165.0056 2009 6 29 0.7892 158.6945 40 43
185297 P115606 2009 4 7 5.0387 165.0056 2009 6 3 4.1429 167.3276 46 49
185342 P115651 2009 4 7 5.0387 165.0056 2009 6 3 4.1413 167.3289 45 50
185357 P115097 2009 4 7 5.0387 165.0056 2009 6 29 0.7896 158.688 44 46
185358 P115661 2009 4 7 5.0387 165.0056 2009 6 26 -0.7642 170.0971 46 60
185471 P114652 2009 4 7 5.0387 165.0056 2009 6 4 2.7213 167.92 39 44
185519 P114688 2009 4 7 5.0387 165.0056 2009 6 17 2.4325 166.3824 42 45
185600 P114552 2009 4 7 5.0387 165.0056 2009 6 17 -0.3799 158.1409 42 50
185612 P114560 2009 4 7 5.0387 165.0056 2009 6 29 0.7816 158.6935 41 44
185696 P114808 2009 4 7 5.0387 165.0056 2009 6 12 6.9442 159.5006 42 NA
185786 P114885 2009 4 7 5.0387 165.0056 2009 6 29 0.7967 158.6945 40 44.5
185808 P114899 2009 4 7 5.0387 165.0056 2009 6 14 -2.2698 166.4886 42 NA
185813 P114317 2009 4 7 5.0387 165.0056 2009 6 3 4.1406 167.3288 38 46
185878 P114370 2009 4 7 5.0387 165.0056 2009 6 10 0.4508 157.3239 41 45
185898 P114390 2009 4 7 5.0387 165.0056 2009 6 3 4.1404 167.3297 50 55
185966 P115258 2009 4 7 5.0387 165.0056 2009 6 9 -1.1765 172.5902 45 49
185988 P115280 2009 4 7 5.0387 165.0056 2009 6 3 4.1435 167.3308 42 47
185997 P115289 2009 4 7 5.0387 165.0056 2009 6 3 4.1398 167.3263 44 48
186019 P115311 2009 4 7 5.0387 165.0056 2009 6 10 0.4467 157.3388 45 45
186038 P115330 2009 4 7 5.0387 165.0056 2009 6 3 4.1416 167.3293 44 51
186058 P115350 2009 4 7 5.0387 165.0056 2009 6 26 -0.7649 170.0945 48 51
186072 P115364 2009 4 7 5.0387 165.0056 2009 6 9 0.702 175.982 44 47
186922 P116925 2009 4 19 6.1696 171.4228 2009 6 25 2.5955 166.7323 51 61
186985 P116988 2009 4 19 6.1696 171.4228 2009 6 8 -1.2553 172.5647 53 53
187073 P116387 2009 4 19 6.1696 171.4228 2009 6 25 7.1016 171.4186 58 58
187112 P116825 2009 4 19 6.1696 171.4228 2009 6 16 -0.6105 170.0534 53 58
187148 P116861 2009 4 19 6.1696 171.4228 2009 6 25 2.4165 160.8728 53 54.3
187178 P117018 2009 4 20 7.1966 171.2204 2009 6 9 2.9098 169.6731 44 54
187270 P116214 2009 4 20 7.1966 171.2204 2009 6 15 7.3287 169.1875 42 47
187293 P116871 2009 4 20 7.1966 171.2204 2009 6 8 1.444 175.6933 44 47
187396 P116435 2009 4 20 7.1966 171.2204 2009 6 27 -3.7712 180.4798 44 44
187529 P116246 2009 4 23 3.7482 173.0339 2009 6 9 0.702 175.982 51 47
187566 P117177 2009 4 23 3.4874 173.0487 2009 6 22 2.7309 180.0229 41 46
187675 P117584 2009 4 23 3.4874 173.0487 2009 6 25 2.956 186.9107 42 39
187676 P117213 2009 4 23 3.4874 173.0487 2009 6 13 2.4173 176.138 44 49
187731 P116250 2009 4 23 3.4874 173.0487 2009 6 13 -1.2712 178.8792 43 NA
187765 P117265 2009 4 23 3.4874 173.0487 2009 6 17 1.25 191.8167 44 48
187776 P116277 2009 4 23 3.4874 173.0487 2009 6 10 3.8667 178.5 44 NA
187779 P116280 2009 4 23 3.4874 173.0487 2009 6 9 0.702 175.982 42 47
187902 P116487 2009 4 23 3.4874 173.0487 2009 6 13 2.4173 176.138 42 50
188054 P117353 2009 4 26 1.9499 172.7724 2009 6 11 1.2938 176.1748 43 47
188082 P117381 2009 4 26 1.9499 172.7724 2009 6 13 2.4173 176.138 43 48
188097 P117743 2009 4 26 1.9499 172.7724 2009 6 13 2.2912 176.3687 44 47
188108 P117751 2009 4 26 1.9499 172.7724 2009 6 22 2.7304 180.023 48 50
188325 P117869 2009 4 26 1.9499 172.7724 2009 6 14 0.6889 174.5646 51 47
188452 P120125 2009 4 27 1.9929 172.8551 2009 6 13 2.4168 176.138 45 48
188458 P120131 2009 4 27 1.9929 172.8551 2009 6 12 1.5148 176.5149 47 60
188531 P120170 2009 4 27 1.9929 172.8551 2009 6 24 -5.532 192.3167 46 NA
188688 P120207 2009 4 27 1.9929 172.8551 2009 6 26 -0.3473 170.8487 44 53
188723 P118108 2009 4 27 1.9929 172.8551 2009 6 25 2.9287 186.894 45 39
188799 P118147 2009 4 27 1.9929 172.8551 2009 6 9 0.702 175.982 44 47
188836 P118175 2009 4 27 1.9929 172.8551 2009 6 30 0.5143 163.1319 43 48.5
189125 P119259 2009 4 27 1.9929 172.8551 2009 6 12 0.662 176.622 47 46
189144 P119273 2009 4 27 1.9929 172.8551 2009 6 6 1.5267 173.6627 43 45
189368 P118039 2009 4 27 1.9929 172.8551 2009 6 8 1.444 175.6933 42 45
189400 P118071 2009 4 27 1.9929 172.8551 2009 6 8 1.4448 175.6931 43 46
189406 P118077 2009 4 27 1.9929 172.8551 2009 6 9 0.702 175.982 43 47
189587 P117990 2009 4 27 1.9929 172.8551 2009 6 12 0.662 176.622 42 48
189667 P118224 2009 4 27 1.9929 172.8551 2009 6 13 2.4173 176.138 45 48
189682 P118238 2009 4 27 1.9929 172.8551 2009 6 10 -0.6013 179.1447 43 NA
189686 P118241 2009 4 27 1.9929 172.8551 2009 6 13 2.4173 176.138 45 49
189767 P118330 2009 4 27 1.9929 172.8551 2009 6 25 2.9288 186.894 43 39
189844 P118378 2009 4 27 1.9929 172.8551 2009 6 9 0.702 175.982 44 47
189961 P118827 2009 4 27 1.9929 172.8551 2009 6 13 2.4173 176.138 47 48
189969 P118832 2009 4 27 1.9929 172.8551 2009 6 13 2.4173 176.138 47 48
189988 P118844 2009 4 27 1.9929 172.8551 2009 6 30 -0.4913 176.4196 48 50
189995 P118850 2009 4 27 1.9929 172.8551 2009 6 14 0.6893 174.5648 44 48
190021 P118873 2009 4 27 1.9929 172.8551 2009 6 13 2.4173 176.138 45 49
190062 P119114 2009 4 27 1.9929 172.8551 2009 6 16 -1.0593 166.9827 44 NA
190223 P120318 2009 4 27 1.9929 172.8551 2009 6 13 -1.2713 178.8793 44 NA
190356 P118541 2009 4 27 1.9929 172.8551 2009 6 13 2.4173 176.138 43 47
190385 P118550 2009 4 27 1.9929 172.8551 2009 6 25 2.9287 186.8939 46 39
190395 P118556 2009 4 27 1.9929 172.8551 2009 6 12 0.6621 176.622 44 43
190494 P118599 2009 4 27 1.9929 172.8551 2009 6 25 2.9287 186.894 45 39
190591 P118434 2009 4 27 1.9929 172.8551 2009 6 25 2.9286 186.894 42 39
190634 P118445 2009 4 27 1.9929 172.8551 2009 6 8 1.444 175.6933 43 46
190650 P118449 2009 4 27 1.9929 172.8551 2009 6 9 0.702 175.982 46 42
190656 P118451 2009 4 27 1.9929 172.8551 2009 6 9 0.702 175.982 43 47
190808 P120401 2009 4 27 1.9929 172.8551 2009 6 12 1.5114 176.51 43 51
190861 P120415 2009 4 27 1.9929 172.8551 2009 6 25 2.956 186.9107 47 39
190863 P120018 2009 4 27 1.9929 172.8551 2009 6 19 1.6733 178.1373 44 50
190927 P120055 2009 4 27 1.9929 172.8551 2009 6 13 2.4173 176.138 44 48
190937 P120061 2009 4 27 1.9929 172.8551 2009 6 13 2.4173 176.138 45 51
190943 P120064 2009 4 27 1.9929 172.8551 2009 6 25 2.956 186.9107 44 39
191019 P120096 2009 4 27 1.9929 172.8551 2009 6 6 1.5267 173.6627 46 47
191053 P120471 2009 4 27 1.9929 172.8551 2009 6 23 -3.4421 170.827 46 35
191056 P120474 2009 4 27 1.9929 172.8551 2009 6 6 1.5267 173.6627 46 47
191151 P119562 2009 4 27 1.9929 172.8551 2009 6 13 2.4174 176.138 51 49
191153 P119564 2009 4 27 1.9929 172.8551 2009 6 30 0.5142 163.1313 47 51
191178 P119589 2009 4 27 1.9929 172.8551 2009 6 13 2.4173 176.138 46 49
189188 P119603 2009 4 27 2.0022 172.8634 2009 6 13 2.4173 176.138 47 51
190281 P120778 2009 4 27 2.0022 172.8634 2009 6 13 2.4173 176.138 46 47
189250 P119672 2009 4 27 2.0129 173.0204 2009 6 13 2.4173 176.138 42 48
189279 P119694 2009 4 27 2.0129 173.0204 2009 6 13 2.4173 176.138 45 47
189353 P120668 2009 4 27 2.0129 173.0204 2009 6 25 2.956 186.9107 46 39
189952 P120583 2009 4 27 2.0129 173.0204 2009 6 25 2.956 186.9107 42 39
190365 P120793 2009 4 27 2.0129 173.0204 2009 6 10 -1.3633 173.464 45 46
190434 P120811 2009 4 27 2.0129 173.0204 2009 6 13 2.4173 176.138 45 47
190482 P120840 2009 4 27 2.0129 173.0204 2009 6 23 -5.498 168.8153 47 50
190484 P120841 2009 4 27 2.0129 173.0204 2009 6 27 -3.771 180.4793 44 43
190516 P120866 2009 4 27 2.0129 173.0204 2009 6 7 1.1712 174.4605 44 45
190517 P120867 2009 4 27 2.0129 173.0204 2009 6 30 2.503 173.1213 45 44
191199 P120687 2009 4 28 2.0774 173.2645 2009 6 9 0.702 175.982 45 49
191261 P121023 2009 4 28 2.0774 173.2645 2009 6 6 1.5267 173.6627 43 44
191345 P121518 2009 4 28 2.0708 173.2872 2009 6 8 1.444 175.6933 43 49
193054 P123239 2009 4 30 1.1627 173.0142 2009 6 14 -2.2699 166.4886 44 NA
193077 P123262 2009 4 30 1.1627 173.0142 2009 6 25 2.956 186.9107 46 39
193101 P123286 2009 4 30 1.1627 173.0142 2009 6 6 1.6259 173.8332 43 45
193135 P122904 2009 4 30 1.1627 173.0142 2009 6 26 -4.75 188.4113 45 NA
193141 P122661 2009 4 30 1.1627 173.0142 2009 6 8 -2.478 164.451 53 55
193150 P122911 2009 4 30 1.1627 173.0142 2009 6 26 -4.75 188.4113 46 NA
193260 P122978 2009 4 30 1.1627 173.0142 2009 6 26 -1.2151 179.3467 46 47
193265 P122712 2009 4 30 1.1627 173.0142 2009 6 30 -2.154 177.618 45 50
193266 P122713 2009 4 30 1.1627 173.0142 2009 6 25 2.956 186.9108 45 39
193300 P122736 2009 4 30 1.1627 173.0142 2009 6 24 -5.6527 192.1853 45 NA
193420 P122370 2009 4 30 1.1627 173.0142 2009 6 9 0.702 175.982 45 47
193422 P122372 2009 4 30 1.1627 173.0142 2009 6 25 2.956 186.9107 47 39
193484 P123031 2009 4 30 1.1627 173.0142 2009 6 8 1.444 175.6933 44 46
193489 P123035 2009 4 30 1.1627 173.0142 2009 6 9 0.702 175.982 46 49
193493 P123039 2009 4 30 1.1627 173.0142 2009 6 6 1.5267 173.6627 45 46
193573 P123130 2009 4 30 1.1627 173.0142 2009 6 13 2.4173 176.138 43 51
193619 P123175 2009 4 30 1.1627 173.0142 2009 6 30 -2.154 177.618 47 54.2
193624 P123180 2009 4 30 1.1627 173.0142 2009 6 26 -4.75 188.4113 45 NA
193738 P122820 2009 4 30 1.1627 173.0142 2009 6 10 0.9833 175.7833 47 44
193739 P122821 2009 4 30 1.1627 173.0142 2009 6 14 -2.2701 166.4888 47 NA
193755 P122836 2009 4 30 1.1627 173.0142 2009 6 13 2.4173 176.138 46 50
193392 P122535 2009 4 30 1.0332 173.0681 2009 6 25 2.956 186.9107 45 39
193565 P123088 2009 4 30 1.0332 173.0681 2009 6 17 1.15 173 45 45
193685 P123306 2009 4 30 1.0332 173.0681 2009 6 12 0.662 176.622 42 43
193774 P122853 2009 4 30 1.0332 173.0681 2009 6 25 2.956 186.9107 40 39
193853 P123811 2009 4 30 0.6059 173.564 2009 6 23 -3.4421 170.827 45 47
193995 P123703 2009 4 30 0.5327 173.691 2009 6 10 -1 178.8333 45 NA
194075 P123391 2009 4 30 0.5327 173.691 2009 6 9 0.702 175.982 43 47
194162 P123460 2009 5 1 0.4647 173.7252 2009 6 25 2.956 186.9107 46 39
194164 P123461 2009 5 1 0.4647 173.7252 2009 6 13 2.4173 176.138 46 48
194168 P123462 2009 5 1 0.4647 173.7252 2009 6 13 2.4173 176.138 44 46
194201 P123789 2009 5 1 0.4647 173.7252 2009 6 8 1.8 175.5167 45 47
194318 P124379 2009 5 1 0.4647 173.7252 2009 6 14 0.6894 174.5647 44 48
194334 P124395 2009 5 1 0.4647 173.7252 2009 6 11 1.2935 176.1748 44 49
194343 P123497 2009 5 1 0.4647 173.7252 2009 6 8 1.444 175.6933 46 49
194354 P123601 2009 5 1 0.4647 173.7252 2009 6 8 1.444 175.6933 43 50
194402 P123649 2009 5 1 0.4647 173.7252 2009 6 14 -2.27 166.4886 46 NA
194513 P124222 2009 5 1 0.4647 173.7252 2009 6 25 7.1016 171.4186 45 48
194614 P124139 2009 5 1 0.4647 173.7252 2009 6 28 0.2987 188.1073 45 54.5
194653 P124178 2009 5 1 0.4647 173.7252 2009 6 8 0.702 175.982 43 47
194673 P124198 2009 5 1 0.4647 173.7252 2009 6 9 0.702 175.982 44 49
194686 P123911 2009 5 1 0.4647 173.7252 2009 6 9 0.702 175.982 46 47
194705 P123930 2009 5 1 0.4647 173.7252 2009 6 13 2.4173 176.138 45 51
194490 P124737 2009 5 1 0.5267 173.7232 2009 6 22 2.7307 180.0227 40 50
194536 P124245 2009 5 1 0.5267 173.7232 2009 6 9 0.702 175.982 46 46
194762 P123987 2009 5 1 0.5267 173.7232 2009 6 22 2.7307 180.0227 43 50
195114 P124751 2009 5 3 1.9127 172.7714 2009 6 9 0.702 175.982 42 47
195135 P124772 2009 5 3 1.9127 172.7714 2009 6 25 2.956 186.9107 44 39
195823 P124075 2009 5 3 1.9127 172.7714 2009 6 14 -2.2693 166.4888 44 NA
195850 P124088 2009 5 3 1.9127 172.7714 2009 6 13 2.4173 176.138 47 51
195898 P124609 2009 5 3 1.9127 172.7714 2009 6 25 2.956 186.9107 46 39
198328 P125114 2009 5 3 1.9127 172.7714 2009 6 22 2.7308 180.0227 45 59
198333 P125119 2009 5 3 1.9127 172.7714 2009 6 25 2.956 186.9107 46 39
195241 P123586 2009 5 3 1.9712 172.8395 2009 6 22 2.7308 180.0227 45 53
195247 P123592 2009 5 3 1.9712 172.8395 2009 6 13 2.4173 176.138 46 48
195271 P125716 2009 5 3 1.9712 172.8395 2009 6 6 1.6253 173.8327 44 46
195279 P125724 2009 5 3 1.9712 172.8395 2009 6 11 1.2936 176.1743 47 48
195361 P125406 2009 5 3 1.9712 172.8395 2009 6 13 2.4173 176.138 45 50
195379 P125424 2009 5 3 1.9712 172.8395 2009 6 25 2.9561 186.9107 43 39
195395 P125440 2009 5 3 1.9712 172.8395 2009 6 16 -1.0593 166.9827 43 NA
195407 P125452 2009 5 3 1.9712 172.8395 2009 6 22 2.7307 180.0225 53 48
195473 P126019 2009 5 3 1.9712 172.8395 2009 6 22 2.7305 180.0226 44 50
195534 P126080 2009 5 3 1.9712 172.8395 2009 6 25 2.956 186.9107 44 39
195541 P126087 2009 5 3 1.9712 172.8395 2009 6 9 -1.1766 172.5899 44 47
195576 P126622 2009 5 3 1.9712 172.8395 2009 6 8 0.702 175.982 45 45
195590 P126636 2009 5 3 1.9712 172.8395 2009 6 13 2.4173 176.138 43 45
195627 P126673 2009 5 3 1.9712 172.8395 2009 6 6 1.6253 173.8327 46 47
195629 P126675 2009 5 3 1.9712 172.8395 2009 6 10 1.15 173 48 25
195630 P126676 2009 5 3 1.9712 172.8395 2009 6 12 0.662 176.6221 47 56
195637 P126683 2009 5 3 1.9712 172.8395 2009 6 6 1.6253 173.8327 45 46
195704 P126350 2009 5 3 1.9712 172.8395 2009 6 13 2.4173 176.1378 46 48
195710 P126356 2009 5 3 1.9712 172.8395 2009 6 6 1.6253 173.8327 46 46
195728 P126374 2009 5 3 1.9712 172.8395 2009 6 22 2.7307 180.0227 48 50
195763 P127210 2009 5 3 1.9712 172.8395 2009 6 29 1.15 173 45 54
195768 P127215 2009 5 3 1.9712 172.8395 2009 6 23 -4.1433 170.1713 44 31.5
195770 P127217 2009 5 3 1.9712 172.8395 2009 6 13 2.4173 176.138 48 49
195777 P127224 2009 5 3 1.9712 172.8395 2009 6 13 2.4173 176.138 44 49
195780 P127227 2009 5 3 1.9712 172.8395 2009 6 9 0.702 175.982 46 45
195806 P127251 2009 5 3 1.9712 172.8395 2009 6 9 0.702 175.982 43 47
195867 P127289 2009 5 3 1.9712 172.8395 2009 6 30 -0.4913 176.4196 44 47
195956 P124667 2009 5 3 1.9712 172.8395 2009 6 21 2.082 179.4007 45 55
196062 P124873 2009 5 3 1.9712 172.8395 2009 6 28 -0.031 170.843 46 51.5
196064 P124875 2009 5 3 1.9712 172.8395 2009 6 13 -1.2712 178.8793 46 NA
196110 P125621 2009 5 3 1.9712 172.8395 2009 6 19 1.6733 178.1373 46 NA
196137 P125648 2009 5 3 1.9712 172.8395 2009 6 7 1.5267 173.6627 44 45
196141 P125652 2009 5 3 1.9712 172.8395 2009 6 11 -1.5033 171.2274 48 50
196184 P125695 2009 5 3 1.9712 172.8395 2009 6 25 2.956 186.9107 47 39
196190 P125801 2009 5 3 1.9712 172.8395 2009 6 13 2.4173 176.1379 47 49
196214 P125825 2009 5 3 1.9712 172.8395 2009 6 25 2.956 186.9107 45 39
196218 P125829 2009 5 3 1.9712 172.8395 2009 6 25 2.956 186.9107 47 39
196248 P125859 2009 5 3 1.9712 172.8395 2009 6 13 -1.2714 178.8793 46 NA
196282 P125893 2009 5 3 1.9712 172.8395 2009 6 13 2.4173 176.138 46 50
196291 P126402 2009 5 3 1.9712 172.8395 2009 6 6 1.6253 173.8327 47 47
196313 P126424 2009 5 3 1.9712 172.8395 2009 6 25 2.956 186.9107 46 39
196314 P126425 2009 5 3 1.9712 172.8395 2009 6 9 0.702 175.982 46 47
196350 P126461 2009 5 3 1.9712 172.8395 2009 6 13 2.4173 176.138 46 48
196397 P126708 2009 5 3 1.9712 172.8395 2009 6 9 0.702 175.982 46 47
196437 P126748 2009 5 3 1.9712 172.8395 2009 6 27 -3.7714 180.48 48 45
196454 P126765 2009 5 3 1.9712 172.8395 2009 6 13 2.4173 176.138 47 47
196470 P126781 2009 5 3 1.9712 172.8395 2009 6 9 0.984 175.6013 47 45
196568 P126979 2009 5 3 1.9712 172.8395 2009 6 13 2.4173 176.138 48 51
196576 P126987 2009 5 3 1.9712 172.8395 2009 6 30 0.5143 163.1316 45 50
196581 P126992 2009 5 3 1.9712 172.8395 2009 6 25 2.956 186.9107 45 39
196652 P127362 2009 5 3 1.9712 172.8395 2009 6 24 -1.294 161.3133 46 54
196882 P124903 2009 5 3 1.9712 172.8395 2009 6 25 2.956 186.9107 43 39
196985 P124998 2009 5 3 1.9712 172.8395 2009 6 13 2.4173 176.138 45 49
196994 P125307 2009 5 3 1.9712 172.8395 2009 6 12 0.662 176.622 44 48
197010 P125323 2009 5 3 1.9712 172.8395 2009 6 13 2.4173 176.138 45 46
197060 P125371 2009 5 3 1.9712 172.8395 2009 6 30 -0.4913 176.4196 44 48
197088 P125399 2009 5 3 1.9712 172.8395 2009 6 23 -0.2787 170.0087 45 48
197101 P125912 2009 5 3 1.9712 172.8395 2009 6 12 0.6619 176.6221 45 48
197116 P125927 2009 5 3 1.9712 172.8395 2009 6 23 -3.4421 170.827 45 28
197141 P125952 2009 5 3 1.9712 172.8395 2009 6 13 -1.2714 178.8792 44 NA
197152 P125963 2009 5 3 1.9712 172.8395 2009 6 10 0.762 175.922 45 45
197170 P125980 2009 5 3 1.9712 172.8395 2009 6 25 2.956 186.9107 44 39
197297 P126801 2009 5 3 1.9712 172.8395 2009 6 25 2.956 186.9107 45 39
197538 P127137 2009 5 3 1.9712 172.8395 2009 6 6 1.6253 173.8327 45 47
197562 P127161 2009 5 3 1.9712 172.8395 2009 6 13 2.4173 176.138 48 51
197579 P127178 2009 5 3 1.9712 172.8395 2009 6 13 2.4173 176.138 44 49
197646 P127745 2009 5 3 1.9712 172.8395 2009 6 23 -0.2787 170.0087 46 49
197766 P127639 2009 5 3 1.9712 172.8395 2009 6 9 0.702 175.982 45 46
197779 P127645 2009 5 3 1.9712 172.8395 2009 6 16 -1.0593 166.9827 45 NA
197785 P127648 2009 5 3 1.9712 172.8395 2009 6 13 2.4173 176.138 45 48
197805 P127662 2009 5 3 1.9712 172.8395 2009 6 25 2.956 186.9107 44 39
197808 P127665 2009 5 3 1.9712 172.8395 2009 6 25 2.956 186.9107 44 39
198085 P125217 2009 5 3 1.9712 172.8395 2009 6 9 0.702 175.982 44 45
198108 P125232 2009 5 3 1.9712 172.8395 2009 6 17 1.15 173.6667 44 48
198112 P125234 2009 5 3 1.9712 172.8395 2009 6 26 1.15 173 44 43
198413 P125047 2009 5 3 1.9712 172.8395 2009 6 13 2.4173 176.138 44 47
198434 P125155 2009 5 3 1.9712 172.8395 2009 6 14 -2.27 166.4887 43 NA
198495 P125192 2009 5 3 1.9712 172.8395 2009 6 13 2.4173 176.138 45 49
198506 P125197 2009 5 3 1.9712 172.8395 2009 6 13 -1.2713 178.8793 44 NA
198522 P125098 2009 5 3 1.9712 172.8395 2009 6 13 2.4172 176.138 44 49
198619 P125570 2009 5 3 1.9712 172.8395 2009 6 26 -4.7498 188.4112 45 NA
198632 P126144 2009 5 3 1.9712 172.8395 2009 6 14 2.4173 176.138 43 47
198638 P125577 2009 5 3 1.9712 172.8395 2009 6 14 0.6893 174.5647 46 48
198687 P125591 2009 5 3 1.9712 172.8395 2009 6 13 2.4173 176.138 45 48
198689 P125592 2009 5 3 1.9712 172.8395 2009 6 9 0.702 175.982 42 46
198703 P125599 2009 5 3 1.9712 172.8395 2009 6 13 2.4173 176.138 44 47
198722 P127007 2009 5 3 1.9712 172.8395 2009 6 14 3.166 175.0553 45 46.5
198732 P127016 2009 5 3 1.9712 172.8395 2009 6 25 7.1016 171.4186 45 49
198758 P127029 2009 5 3 1.9712 172.8395 2009 6 9 0.702 175.982 45 48
198820 P127429 2009 5 3 1.9712 172.8395 2009 6 9 0.702 175.982 45 46
198831 P126225 2009 5 3 1.9712 172.8395 2009 6 6 1.6253 173.8327 44 45
198922 P127476 2009 5 3 1.9712 172.8395 2009 6 13 2.4173 176.138 46 47
198950 P127485 2009 5 3 1.9712 172.8395 2009 6 6 1.5267 173.6627 45 45
198965 P126253 2009 5 3 1.9712 172.8395 2009 6 8 1.4439 175.6933 47 48
197683 P127778 2009 5 3 1.9899 172.8541 2009 6 13 2.4173 176.138 47 49
197767 P127885 2009 5 3 1.9899 172.8541 2009 6 29 0.7814 158.6951 45 50
197837 P128315 2009 5 3 1.9899 172.8541 2009 6 30 2.5027 173.1213 45 45
197865 P128340 2009 5 3 1.9899 172.8541 2009 6 25 2.956 186.9107 45 39
197884 P127691 2009 5 3 1.9899 172.8541 2009 6 25 2.956 186.9107 45 39
197892 P127694 2009 5 3 1.9899 172.8541 2009 6 25 2.956 186.9107 44 39
197893 P127695 2009 5 3 1.9899 172.8541 2009 6 13 2.4173 176.138 45 47
197895 P127696 2009 5 3 1.9899 172.8541 2009 6 13 2.4173 176.138 46 49
197902 P128361 2009 5 3 1.9899 172.8541 2009 6 14 2.4173 176.1379 44 47
196890 P128496 2009 5 3 2.0061 172.8336 2009 6 14 2.4173 176.138 44 48
197971 P128028 2009 5 3 2.0061 172.8336 2009 6 25 2.956 186.9107 45 39
198005 P128060 2009 5 3 2.0061 172.8336 2009 6 14 0.6894 174.5647 47 45
198029 P128073 2009 5 3 2.0061 172.8336 2009 6 6 1.6259 173.8332 44 46
199045 P128216 2009 5 3 2.0061 172.8336 2009 6 8 1.4441 175.6931 46 46
199050 P128220 2009 5 3 2.0061 172.8336 2009 6 13 2.4174 176.138 45 48
197355 P128536 2009 5 3 1.9932 172.7902 2009 6 13 2.4173 176.1379 46 49
197390 P128554 2009 5 3 1.9932 172.7902 2009 6 13 -1.2711 178.8792 47 NA
197423 P128572 2009 5 3 1.9932 172.7902 2009 6 14 0.6896 174.5646 43 47
197448 P128580 2009 5 3 1.9932 172.7902 2009 6 8 1.444 175.6933 44 51
198161 P127977 2009 5 3 1.9932 172.7902 2009 6 8 1.444 175.6933 44 45
198220 P129018 2009 5 3 1.9932 172.7902 2009 6 21 2.15 179.75 44 52
198258 P129034 2009 5 3 1.9932 172.7902 2009 6 6 1.5265 173.667 42 45
198275 P127503 2009 5 3 1.9932 172.7902 2009 6 25 2.956 186.9107 43 39
198301 P129054 2009 5 3 1.9932 172.7902 2009 6 13 2.4173 176.138 47 47
198310 P129063 2009 5 3 1.9932 172.7902 2009 6 9 0.702 175.982 43 48
199125 P128119 2009 5 3 1.9932 172.7902 2009 6 9 0.702 175.982 46 46
199161 P128147 2009 5 3 1.9932 172.7902 2009 6 26 1.15 173 45 47
199188 P128174 2009 5 3 1.9932 172.7902 2009 6 13 2.4173 176.138 43 48
199248 P128835 2009 5 4 1.1594 173.0112 2009 6 14 2.4167 176.2667 44 48
199377 P129162 2009 5 4 1.1594 173.0112 2009 6 16 3.0777 175.4076 45 56
199412 P129196 2009 5 4 1.1594 173.0112 2009 6 24 -1.313 178.4979 55 62
199447 P129092 2009 5 4 1.1594 173.0112 2009 6 22 2.528 175.372 45 65
199522 P129640 2009 5 4 1.1594 173.0112 2009 6 22 2.7307 180.0227 41 52
199848 P128976 2009 5 4 1.1594 173.0112 2009 6 25 2.956 186.9107 43 39
200242 P129714 2009 5 6 1.9934 172.8531 2009 6 9 0.702 175.982 43 46
200246 P129718 2009 5 6 1.9934 172.8531 2009 6 25 2.956 186.9107 43 39
200259 P129731 2009 5 6 1.9934 172.8531 2009 6 8 -1.2553 172.5647 42 52
200302 P129802 2009 5 6 1.9934 172.8531 2009 6 2 2.0933 179.0347 43 47
200355 P129846 2009 5 6 1.9934 172.8531 2009 6 8 1.444 175.6933 42 46
200369 P129859 2009 5 6 1.9934 172.8531 2009 6 14 2.4173 176.138 42 45
200371 P129382 2009 5 6 1.9934 172.8531 2009 6 25 2.956 186.9107 44 39
200416 P129889 2009 5 6 1.9934 172.8531 2009 6 10 -1.2714 178.8795 42 NA
200419 P129400 2009 5 6 1.9934 172.8531 2009 6 21 2.082 179.4007 45 55
200424 P129895 2009 5 6 1.9934 172.8531 2009 6 25 2.956 186.9107 43 39
200459 P129519 2009 5 6 1.9934 172.8531 2009 6 3 3.2652 163.6024 45 54
200517 P130144 2009 5 6 1.9934 172.8531 2009 6 25 2.956 186.9107 47 39
200551 P129562 2009 5 6 1.9934 172.8531 2009 6 9 0.702 175.982 49 46
200557 P129565 2009 5 6 1.9934 172.8531 2009 6 23 -0.2798 170.0432 50 55
200576 P129287 2009 5 6 1.9934 172.8531 2009 6 13 2.4174 176.1379 44 46
200603 P130191 2009 5 6 1.9934 172.8531 2009 6 25 2.956 186.9107 44 39
200631 P129919 2009 5 6 1.9934 172.8531 2009 6 9 0.702 175.982 46 48
200658 P129940 2009 5 6 1.9934 172.8531 2009 6 30 2.5027 173.1213 47 46
200768 P129800 2009 5 6 1.9624 173.3085 2009 6 8 1.444 175.6933 42 49
200793 P129425 2009 5 6 1.9624 173.3085 2009 6 6 1.5267 173.6627 40 43
200795 P129427 2009 5 6 1.9624 173.3085 2009 6 8 1.444 175.6933 41 47
200815 P130241 2009 5 6 1.9624 173.3085 2009 6 22 2.7307 180.0227 40 50
200832 P130258 2009 5 6 1.9624 173.3085 2009 6 6 1.5265 173.667 43 44
200837 P130263 2009 5 6 1.9624 173.3085 2009 6 27 -0.0073 180.054 41 48
200868 P130294 2009 5 6 1.9624 173.3085 2009 6 14 3.166 175.0553 40 59
200924 P130513 2009 5 6 1.9624 173.3085 2009 6 25 2.956 186.9107 43 39
200954 P130527 2009 5 6 1.9624 173.3085 2009 6 26 1.1233 173.0859 44 93
200958 P130531 2009 5 6 1.9624 173.3085 2009 6 9 0.702 175.982 42 47
201005 P130571 2009 5 6 1.9624 173.3085 2009 6 13 2.4173 176.138 45 46
201026 P130583 2009 5 6 1.9624 173.3085 2009 6 13 2.4173 176.138 44 48
205039 P130833 2009 5 6 1.9624 173.3085 2009 6 7 1.5265 173.667 45 44
201174 P130596 2009 5 7 1.1638 173.0062 2009 6 6 1.5265 173.667 44 45
201179 P130901 2009 5 7 1.1638 173.0062 2009 6 24 -0.3326 170.3135 44 50
201910 P130331 2009 5 8 1.926 172.6783 2009 6 12 0.662 176.622 43 58
201930 P130351 2009 5 8 1.926 172.6783 2009 6 26 -4.7499 188.4112 41 NA
201942 P130363 2009 5 8 1.926 172.6783 2009 6 17 -0.1687 176.3559 42 45
201948 P130369 2009 5 8 1.926 172.6783 2009 6 8 1.4441 175.6933 39 47
202002 P131623 2009 5 8 1.926 172.6783 2009 6 26 -4.5866 188.3121 42 NA
202031 P131652 2009 5 8 1.926 172.6783 2009 6 13 2.4173 176.138 49 52
202053 P131674 2009 5 8 1.926 172.6783 2009 6 6 1.5265 173.667 44 44
202212 P132233 2009 5 8 1.926 172.6783 2009 6 13 2.4173 176.138 44 46
202227 P132248 2009 5 8 1.926 172.6783 2009 6 29 -1.2617 170.9126 42 42.5
202242 P131438 2009 5 8 1.926 172.6783 2009 6 25 2.956 186.9107 44 39
202245 P131441 2009 5 8 1.926 172.6783 2009 6 22 2.7307 180.0227 42 50
202355 P131500 2009 5 8 1.926 172.6783 2009 6 25 2.5958 166.7329 47 53
202391 P132114 2009 5 8 1.926 172.6783 2009 6 13 2.4173 176.138 49 51
202394 P132117 2009 5 8 1.926 172.6783 2009 6 13 2.4173 176.138 45 47
202426 P132149 2009 5 8 1.926 172.6783 2009 6 13 2.4173 176.138 43 47
202527 P131533 2009 5 8 1.926 172.6783 2009 6 13 2.4173 176.138 47 48
202553 P130665 2009 5 8 1.926 172.6783 2009 6 26 -4.75 188.4112 45 NA
202744 P130737 2009 5 8 1.926 172.6783 2009 6 14 2.4175 176.138 42 49
202943 P131247 2009 5 8 1.926 172.6783 2009 6 9 0.702 175.982 42 47
203003 P131295 2009 5 8 1.926 172.6783 2009 6 13 2.4173 176.138 48 48
203142 P131901 2009 5 8 1.926 172.6783 2009 6 25 2.956 186.9108 47 39
203157 P131916 2009 5 8 1.926 172.6783 2009 6 30 2.5027 173.1212 48 45
202264 P132257 2009 5 8 1.9802 172.5483 2009 6 16 -1.0593 166.9827 43 NA
202277 P132263 2009 5 8 1.9802 172.5483 2009 6 18 1.15 173 42 55
202291 P132270 2009 5 8 1.9802 172.5483 2009 6 12 0.662 176.622 44 47
202309 P132281 2009 5 8 1.9802 172.5483 2009 6 6 1.5265 173.667 42 43
202311 P132282 2009 5 8 1.9802 172.5483 2009 6 13 2.4173 176.138 43 48
202322 P132289 2009 5 8 1.9802 172.5483 2009 6 6 1.5265 173.667 41 44
202330 P132293 2009 5 8 1.9802 172.5483 2009 6 13 2.4173 176.138 43 48
202372 P132018 2009 5 8 1.9802 172.5483 2009 6 7 1.6259 173.8332 45 47
202789 P130782 2009 5 8 1.9802 172.5483 2009 6 23 -3.4421 170.827 45 44
202828 P131591 2009 5 8 1.9802 172.5483 2009 6 22 2.7308 180.0227 45 52
203330 P132367 2009 5 8 1.9802 172.5483 2009 6 26 -4.7498 188.4113 45 NA
203352 P132380 2009 5 8 1.9802 172.5483 2009 6 26 -4.7499 188.4112 46 NA
203353 P132381 2009 5 8 1.9802 172.5483 2009 6 13 2.4173 176.138 47 47
203375 P132395 2009 5 8 1.9802 172.5483 2009 6 30 -2.154 177.618 47 51.8
202936 P132439 2009 5 8 1.6997 172.383 2009 6 14 0.6895 174.5648 44 NA
203328 P132522 2009 5 8 1.6997 172.383 2009 6 2 2.0934 179.0348 44 46
203384 P132544 2009 5 8 1.6997 172.383 2009 6 21 2.0822 179.4006 44 55
202990 P132065 2009 5 8 1.6522 172.326 2009 6 9 0.702 175.982 42 48
203017 P132080 2009 5 8 1.6522 172.326 2009 6 13 2.4173 176.138 43 50
203034 P132097 2009 5 8 1.6522 172.326 2009 6 16 -1 167 42 NA
203045 P132808 2009 5 8 1.6522 172.326 2009 6 14 2.4173 176.138 44 47
203073 P132465 2009 5 8 1.6522 172.326 2009 6 13 2.4173 176.138 45 46
203075 P132467 2009 5 8 1.6522 172.326 2009 6 7 1.6259 173.8332 45 46
203471 P132839 2009 5 8 1.5212 172.3498 2009 6 13 2.4174 176.1379 40 45
203472 P132840 2009 5 8 1.5212 172.3498 2009 6 26 -1.2151 179.3464 42 44
203474 P132842 2009 5 8 1.5212 172.3498 2009 6 13 2.4173 176.138 44 49
203491 P132859 2009 5 8 1.5212 172.3498 2009 6 14 2.4173 176.138 45 48
203492 P132860 2009 5 8 1.5212 172.3498 2009 6 8 1.444 175.6933 45 49
203620 P132612 2009 5 8 1.5212 172.3498 2009 6 26 -0.3473 170.8487 47 55
203627 P132619 2009 5 8 1.5212 172.3498 2009 6 14 2.4173 176.138 44 47
203663 P133180 2009 5 8 1.5212 172.3498 2009 6 14 2.4173 176.138 44 47
203781 P133307 2009 5 8 1.5212 172.3498 2009 6 24 -0.0965 159.6938 42 49
203797 P133323 2009 5 8 1.5212 172.3498 2009 6 25 2.956 186.9107 46 39
203810 P133336 2009 5 8 1.5212 172.3498 2009 6 12 0.662 176.622 47 45
203553 P132721 2009 5 8 1.4667 172.3333 2009 6 6 1.6259 173.8332 41 45
203727 P132676 2009 5 8 1.4667 172.3333 2009 6 6 1.5265 173.667 44 45
203759 P132700 2009 5 8 1.4483 172.3379 2009 6 9 -1.176 172.59 72 78
203770 P133030 2009 5 8 1.4483 172.3379 2009 6 25 -1.1907 179.6213 71 75
203848 P133374 2009 5 8 1.4483 172.3379 2009 6 25 -1.2061 179.6145 74 75
203865 P133406 2009 5 11 -0.6198 174.1319 2009 6 12 1.5113 176.51 47 52
203898 P133390 2009 5 11 -0.6198 174.1319 2009 6 24 7.1034 171.4173 46 50
204858 P134274 2009 5 14 1.1688 172.8908 2009 6 18 0.8333 177.522 44 50
207157 P134381 2009 6 7 -8.277 159.0111 2009 6 15 -8.2667 158.9667 41 46
207161 P134385 2009 6 7 -8.277 159.0111 2009 6 19 -8.3807 159.102 41 42
207164 P134388 2009 6 7 -8.277 159.0111 2009 6 26 -8.908 157.5487 46 55
207175 P134399 2009 6 7 -8.277 159.0111 2009 6 21 -8.2 158.8667 41 26
207176 P134400 2009 6 7 -8.277 159.0111 2009 6 29 -8.992 158.5887 52 52
207177 P136831 2009 6 7 -8.277 159.0111 2009 6 21 -8.4247 158.9787 48 39
207178 P136832 2009 6 7 -8.277 159.0111 2009 6 28 -8.4994 158.3309 49 50
207180 P136834 2009 6 7 -8.277 159.0111 2009 6 18 -8.2992 159.0487 45 58
207195 P136849 2009 6 7 -8.277 159.0111 2009 6 18 -8.2991 159.0488 43 46
207204 P136858 2009 6 7 -8.277 159.0111 2009 6 28 -8.7126 158.3987 40 44
207209 P136863 2009 6 7 -8.277 159.0111 2009 6 18 -8.2991 159.0487 44 43
207221 P136875 2009 6 7 -8.277 159.0111 2009 6 15 -8.2747 158.9773 40 59
207265 Z40374 2009 6 7 -8.277 159.0111 2009 6 18 -8.2992 159.0487 42 70
207266 Z40375 2009 6 7 -8.277 159.0111 2009 6 9 -8.498 158.8173 37 55
207473 P135705 2009 6 7 -8.277 159.0111 2009 6 29 -8.8133 158.796 51 52
207474 P135706 2009 6 7 -8.277 159.0111 2009 6 15 -8.2747 158.9773 50 51
207483 P135715 2009 6 7 -8.277 159.0111 2009 6 23 -8.8 156.9147 48 50
207485 P135717 2009 6 7 -8.277 159.0111 2009 6 19 -8.3807 159.102 49 42
207486 P135718 2009 6 7 -8.277 159.0111 2009 6 16 -8.398 158.934 49 47
207487 P135719 2009 6 7 -8.277 159.0111 2009 6 16 -8.398 158.934 49 62
207491 P135723 2009 6 7 -8.277 159.0111 2009 6 18 -8.2993 159.0487 50 62
207496 P135728 2009 6 7 -8.277 159.0111 2009 6 16 -8.398 158.934 47 62
207499 P135731 2009 6 7 -8.277 159.0111 2009 6 17 -8.4593 158.486 42 53
207517 P135749 2009 6 7 -8.277 159.0111 2009 6 28 -8.7126 158.3986 43 40
207518 P135750 2009 6 7 -8.277 159.0111 2009 6 16 -8.398 158.934 40 43
207520 P135752 2009 6 7 -8.277 159.0111 2009 6 16 -8.398 158.934 39 59
207560 P135792 2009 6 7 -8.277 159.0111 2009 6 27 -8.8533 158.4567 38 54
207562 P135794 2009 6 7 -8.277 159.0111 2009 6 26 -9.018 157.7313 44 49
207582 Z73882 2009 6 7 -8.277 159.0111 2009 6 29 -9.022 158.162 37 41
207615 Z40096 2009 6 7 -8.277 159.0111 2009 6 17 -8.4593 158.486 36 40
207627 P135395 2009 6 7 -8.277 159.0111 2009 6 28 -8.7127 158.3987 39 51
207754 P135585 2009 6 7 -8.277 159.0111 2009 6 15 -8.1973 158.7713 45 61
207788 P135596 2009 6 7 -8.277 159.0111 2009 6 26 -8.908 157.5487 50 50
207791 P135597 2009 6 7 -8.277 159.0111 2009 6 23 -8.8 156.9147 51 54
207796 P135599 2009 6 7 -8.277 159.0111 2009 6 9 -8.508 158.8133 52 43
207798 P135600 2009 6 7 -8.277 159.0111 2009 6 22 -8.2667 158.9667 49 38
207801 P136007 2009 6 7 -8.277 159.0111 2009 6 28 -8.5333 158.484 49 60
207810 P136012 2009 6 7 -8.277 159.0111 2009 6 9 -8.3507 159.046 41 45
207828 P136401 2009 6 7 -8.277 159.0111 2009 6 18 -8.2995 159.0486 51 52
207830 P136022 2009 6 7 -8.277 159.0111 2009 6 20 -8.1326 158.7027 42 42
207836 P136025 2009 6 7 -8.277 159.0111 2009 6 26 -9.0433 157.6867 47 32
207838 P136402 2009 6 7 -8.277 159.0111 2009 6 29 -8.8132 158.796 52 45
207846 P136407 2009 6 7 -8.277 159.0111 2009 6 24 -8.9807 157.5307 42 75
207851 P136411 2009 6 7 -8.277 159.0111 2009 6 15 -8.2667 158.9667 54 61
207852 P136412 2009 6 7 -8.277 159.0111 2009 6 19 -8.3813 159.1013 54 50
207855 P136415 2009 6 7 -8.277 159.0111 2009 6 15 -8.2667 158.9667 53 41
207857 P136417 2009 6 7 -8.277 159.0111 2009 6 14 -8.822 157.0813 52 43
207861 P136421 2009 6 7 -8.277 159.0111 2009 6 30 -8.218 158.764 49 60
207862 P136422 2009 6 7 -8.277 159.0111 2009 6 29 -8.8133 158.7961 54 55
207864 P136424 2009 6 7 -8.277 159.0111 2009 6 14 -8.8221 157.0813 58 43
207884 P136439 2009 6 7 -8.277 159.0111 2009 6 26 -9.0433 157.6867 53 NA
207903 P136451 2009 6 7 -8.277 159.0111 2009 6 19 -9.588 159.0821 43 58
207909 P136453 2009 6 7 -8.277 159.0111 2009 6 18 -8.299 159.0484 43 70
207920 P136456 2009 6 7 -8.277 159.0111 2009 6 21 -8.4247 158.9787 44 28
207929 P136462 2009 6 7 -8.277 159.0111 2009 6 16 -8.3987 158.9293 45 61
207934 P136465 2009 6 7 -8.277 159.0111 2009 6 19 -8.3813 159.1013 43 44
207938 P136469 2009 6 7 -8.277 159.0111 2009 6 16 -8.3987 158.9293 46 40
207941 P136472 2009 6 7 -8.277 159.0111 2009 6 22 -8.2747 158.9773 40 60
207949 P136480 2009 6 7 -8.277 159.0111 2009 6 15 -8.2747 158.9773 49 53
207951 P136482 2009 6 7 -8.277 159.0111 2009 6 26 -9.0433 157.6867 46 38
207953 P136484 2009 6 7 -8.277 159.0111 2009 6 21 -8.4247 158.9787 48 38
207954 P136485 2009 6 7 -8.277 159.0111 2009 6 9 -8.3493 159.0467 38 51
207959 P136490 2009 6 7 -8.277 159.0111 2009 6 16 -8.3987 158.9293 42 60
207967 P136497 2009 6 7 -8.277 159.0111 2009 6 15 -8.2747 158.9773 41 44
207969 P136499 2009 6 7 -8.277 159.0111 2009 6 22 -8.4247 158.9787 44 29
208015 P135912 2009 6 7 -8.277 159.0111 2009 6 19 -8.3813 159.1013 53 41
208023 P135917 2009 6 7 -8.277 159.0111 2009 6 18 -8.9232 158.7999 50 40
208031 P136064 2009 6 7 -8.277 159.0111 2009 6 16 -8.3467 159.0487 41 39
208036 P135923 2009 6 7 -8.277 159.0111 2009 6 16 -8.3987 158.9293 41 50
208037 P135924 2009 6 7 -8.277 159.0111 2009 6 16 -8.3987 158.9293 40 41
208064 P135937 2009 6 7 -8.277 159.0111 2009 6 28 -8.5293 158.5487 41 43
208065 P136075 2009 6 7 -8.277 159.0111 2009 6 20 -8.264 158.878 40 40
208075 P135941 2009 6 7 -8.277 159.0111 2009 6 20 -8.1327 158.7027 43 62
208077 P135942 2009 6 7 -8.277 159.0111 2009 6 18 -8.2991 159.0493 44 72
208082 P135944 2009 6 7 -8.277 159.0111 2009 6 28 -8.4994 158.3309 45 48
208087 P136082 2009 6 7 -8.277 159.0111 2009 6 28 -8.7127 158.3987 38 52
208090 P135948 2009 6 7 -8.277 159.0111 2009 6 28 -8.4985 158.3298 43 47
208093 P136084 2009 6 7 -8.277 159.0111 2009 6 21 -8.4247 158.9787 39 32
208106 P135957 2009 6 7 -8.277 159.0111 2009 6 19 -8.3813 159.1013 40 45
208107 P135958 2009 6 7 -8.277 159.0111 2009 6 16 -8.41 158.94 43 44
208109 P135960 2009 6 7 -8.277 159.0111 2009 6 19 -8.3813 159.1013 43 42
208122 P135970 2009 6 7 -8.277 159.0111 2009 6 9 -8.3507 159.046 45 49
208124 P135972 2009 6 7 -8.277 159.0111 2009 6 16 -8.3467 159.0487 39 29
208129 P135975 2009 6 7 -8.277 159.0111 2009 6 20 -8.1327 158.7027 46 63
208139 P135981 2009 6 7 -8.277 159.0111 2009 6 9 -8.3507 159.046 53 53
208146 P135986 2009 6 7 -8.277 159.0111 2009 6 18 -8.2993 159.0486 40 42
208150 P135988 2009 6 7 -8.277 159.0111 2009 6 26 -8.908 157.5487 51 44
208153 P135989 2009 6 7 -8.277 159.0111 2009 6 30 -8.602 158.5867 55 47
208162 P135997 2009 6 7 -8.277 159.0111 2009 6 18 -8.2993 159.0487 51 36
208166 P136102 2009 6 7 -8.277 159.0111 2009 6 17 -8.3467 159.0487 43 35
208169 P136105 2009 6 7 -8.277 159.0111 2009 6 20 -8.1787 158.6072 40 55
208178 P135603 2009 6 7 -8.277 159.0111 2009 6 14 -8.822 157.0813 45 42
208186 P135608 2009 6 7 -8.277 159.0111 2009 6 18 -8.3346 158.4124 48 43
208191 P135610 2009 6 7 -8.277 159.0111 2009 6 29 -8.8133 158.796 43 45
208194 P135611 2009 6 7 -8.277 159.0111 2009 6 16 -8.2 158.9667 44 30
208197 P136205 2009 6 7 -8.277 159.0111 2009 6 18 -8.2995 159.049 41 69
208207 P136118 2009 6 7 -8.277 159.0111 2009 6 16 -8.3467 159.0487 45 34
208209 P136119 2009 6 7 -8.277 159.0111 2009 6 28 -8.4994 158.3309 38 41
208215 P135619 2009 6 7 -8.277 159.0111 2009 6 28 -8.4994 158.3309 43 49
208216 P136122 2009 6 7 -8.277 159.0111 2009 6 22 -8.4246 158.9787 43 36
208221 P136123 2009 6 7 -8.277 159.0111 2009 6 20 -8.1326 158.7027 50 60
208224 P136124 2009 6 7 -8.277 159.0111 2009 6 30 -8.498 158.3481 44 46
208225 P135624 2009 6 7 -8.277 159.0111 2009 6 28 -8.5333 158.484 48 48
208259 P136228 2009 6 7 -8.277 159.0111 2009 6 18 -8.2994 159.0487 42 60
208267 P136138 2009 6 7 -8.277 159.0111 2009 6 16 -8.3987 158.9293 42 47
208275 P136233 2009 6 7 -8.277 159.0111 2009 6 19 -8.3813 159.1012 49 43
208288 P136142 2009 6 7 -8.277 159.0111 2009 6 21 -8.172 158.8267 53 40
208294 P135648 2009 6 7 -8.277 159.0111 2009 6 22 -8.2667 158.9667 45 52
208300 P136146 2009 6 7 -8.277 159.0111 2009 6 18 -8.2987 159.0484 42 43
208304 P135653 2009 6 7 -8.277 159.0111 2009 6 28 -8.4993 158.3287 43 46
208308 P135655 2009 6 7 -8.277 159.0111 2009 6 22 -8.2667 158.9667 43 38
208312 P136150 2009 6 7 -8.277 159.0111 2009 6 28 -8.7127 158.3987 40 43
208319 P136154 2009 6 7 -8.277 159.0111 2009 6 16 -8.3467 159.0487 41 40
208320 P136242 2009 6 7 -8.277 159.0111 2009 6 16 -8.3467 159.0487 42 39
208321 P136155 2009 6 7 -8.277 159.0111 2009 6 25 -8.8827 157.486 40 41
208326 P136157 2009 6 7 -8.277 159.0111 2009 6 29 -8.8132 158.7959 42 55
208339 P136160 2009 6 7 -8.277 159.0111 2009 6 18 -8.2996 159.0487 43 70
208341 P135669 2009 6 7 -8.277 159.0111 2009 6 16 -8.398 158.934 38 41
208345 P136250 2009 6 7 -8.277 159.0111 2009 6 18 -8.8547 159.0287 45 47
208347 P136251 2009 6 7 -8.277 159.0111 2009 6 21 -8.4247 158.9787 42 33
208349 P136252 2009 6 7 -8.277 159.0111 2009 6 15 -8.2747 158.9773 42 44
208350 P136253 2009 6 7 -8.277 159.0111 2009 6 26 -8.908 157.5487 48 50
208355 P135673 2009 6 7 -8.277 159.0111 2009 6 20 -8.264 158.878 40 42
208364 P136167 2009 6 7 -8.277 159.0111 2009 6 30 -8.2167 158.8 39 52
208366 P136258 2009 6 7 -8.277 159.0111 2009 6 18 -8.3074 159.0407 45 70
208372 P135680 2009 6 7 -8.277 159.0111 2009 6 30 -8.498 158.348 41 58
208373 P136261 2009 6 7 -8.277 159.0111 2009 6 27 -8.9052 158.1446 45 48
208383 P135684 2009 6 7 -8.277 159.0111 2009 6 17 -8.4613 158.4833 39 53
208386 P136172 2009 6 7 -8.277 159.0111 2009 6 25 -8.8827 157.486 48 52
208410 P135698 2009 6 7 -8.277 159.0111 2009 6 27 -8.8533 158.4567 39 41
208432 P136285 2009 6 7 -8.277 159.0111 2009 6 28 -8.454 158.3147 45 55
208433 P136286 2009 6 7 -8.277 159.0111 2009 6 18 -8.3019 159.0479 42 44
208438 P136290 2009 6 7 -8.277 159.0111 2009 6 23 -8.7996 156.9143 40 50
208446 P136298 2009 6 7 -8.277 159.0111 2009 6 29 -8.8131 158.7959 40 45
208456 P136907 2009 6 7 -8.277 159.0111 2009 6 29 -8.992 158.5887 48 49
208459 P136909 2009 6 7 -8.277 159.0111 2009 6 18 -8.2991 159.0486 52 50
208464 P136914 2009 6 7 -8.277 159.0111 2009 6 22 -8.2747 158.9773 48 43
208473 P136190 2009 6 7 -8.277 159.0111 2009 6 15 -8.2747 158.9773 51 43
208478 P136191 2009 6 7 -8.277 159.0111 2009 6 22 -8.4247 158.9785 50 39
208484 P136195 2009 6 7 -8.277 159.0111 2009 6 18 -8.2993 159.0482 53 71
208485 P136926 2009 6 7 -8.277 159.0111 2009 6 30 -8.498 158.348 51 58
208486 P136196 2009 6 7 -8.277 159.0111 2009 6 16 -8.3467 159.0487 41 32
208491 P136928 2009 6 7 -8.277 159.0111 2009 6 28 -8.4994 158.3309 45 48
208493 P136929 2009 6 7 -8.277 159.0111 2009 6 18 -8.2994 159.0486 44 53
208494 P136200 2009 6 7 -8.277 159.0111 2009 6 26 -9.018 157.7313 53 50
208509 P136935 2009 6 7 -8.277 159.0111 2009 6 15 -8.2747 158.9773 51 51
208511 P136937 2009 6 7 -8.277 159.0111 2009 6 19 -8.3813 159.1013 44 40
208513 P136939 2009 6 7 -8.277 159.0111 2009 6 16 -8.3467 159.0487 42 33
208524 P136950 2009 6 7 -8.277 159.0111 2009 6 16 -8.3987 158.9293 43 52
208554 P136501 2009 6 7 -8.277 159.0111 2009 6 30 -8.6019 158.5866 41 46
208569 P136502 2009 6 7 -8.277 159.0111 2009 6 30 -8.2167 158.8 39 58
208587 P136510 2009 6 7 -8.277 159.0111 2009 6 16 -8.3987 158.9293 47 49
208591 P136514 2009 6 7 -8.277 159.0111 2009 6 16 -8.3987 158.9293 50 60
208622 P136530 2009 6 7 -8.277 159.0111 2009 6 18 -8.2993 159.0485 49 72
208624 P136531 2009 6 7 -8.277 159.0111 2009 6 19 -8.3813 159.1013 49 34
208628 P136533 2009 6 7 -8.277 159.0111 2009 6 26 -9.0433 157.6867 49 NA
208634 P136534 2009 6 7 -8.277 159.0111 2009 6 28 -8.7127 158.3987 47 49
208637 P136536 2009 6 7 -8.277 159.0111 2009 6 27 -8.8533 158.4567 53 45
208645 P136540 2009 6 7 -8.277 159.0111 2009 6 29 -8.992 158.5887 40 45
208648 P136541 2009 6 7 -8.277 159.0111 2009 6 18 -8.2993 159.0486 41 60
208654 P136543 2009 6 7 -8.277 159.0111 2009 6 29 -9.226 157.8747 40 45
208663 P136545 2009 6 7 -8.277 159.0111 2009 6 30 -8.498 158.348 51 54
208707 P136558 2009 6 7 -8.277 159.0111 2009 6 16 -8.3987 158.9293 42 39
208715 P136561 2009 6 7 -8.277 159.0111 2009 6 19 -8.3813 159.1013 41 39
208719 P136563 2009 6 7 -8.277 159.0111 2009 6 16 -8.3468 159.0487 43 30
208721 P136564 2009 6 7 -8.277 159.0111 2009 6 17 -8.4593 158.486 47 43
208745 P136578 2009 6 7 -8.277 159.0111 2009 6 16 -8.3987 158.9293 42 43
208752 P136585 2009 6 7 -8.277 159.0111 2009 6 19 -8.3813 159.1013 48 40
208765 P136592 2009 6 7 -8.277 159.0111 2009 6 26 -8.908 157.5487 52 55
208776 P136596 2009 6 7 -8.277 159.0111 2009 6 22 -8.4291 158.9925 41 30
208780 P136597 2009 6 7 -8.277 159.0111 2009 6 21 -8.4247 158.9787 47 40
208817 P136612 2009 6 7 -8.277 159.0111 2009 6 18 -8.2993 159.0487 43 42
208842 P136624 2009 6 7 -8.277 159.0111 2009 6 15 -8.2667 158.9667 40 47
208843 P136625 2009 6 7 -8.277 159.0111 2009 6 18 -8.2993 159.0487 42 46
208854 P136629 2009 6 7 -8.277 159.0111 2009 6 18 -8.2993 159.0486 48 43
208876 P136634 2009 6 7 -8.277 159.0111 2009 6 24 -8.7533 157.0387 46 43
208881 P136636 2009 6 7 -8.277 159.0111 2009 6 9 -8.3505 159.0459 46 41
208930 P136650 2009 6 7 -8.277 159.0111 2009 6 27 -8.8532 158.4566 45 55
208997 P136668 2009 6 7 -8.277 159.0111 2009 6 15 -8.2747 158.9773 48 59
209011 P136674 2009 6 7 -8.277 159.0111 2009 6 25 -8.8827 157.486 42 48
209036 P136683 2009 6 7 -8.277 159.0111 2009 6 15 -8.2747 158.9773 43 51
209048 P136687 2009 6 7 -8.277 159.0111 2009 6 28 -8.7127 158.3987 45 42
209055 P136690 2009 6 7 -8.277 159.0111 2009 6 16 -8.3987 158.9293 43 60
209065 P136694 2009 6 7 -8.277 159.0111 2009 6 17 -8.4593 158.486 47 63
209069 P136697 2009 6 7 -8.277 159.0111 2009 6 26 -9.0433 157.6867 46 46
209664 P136804 2009 6 7 -8.277 159.0111 2009 6 17 -8.4593 158.486 46 51
209665 P136805 2009 6 7 -8.277 159.0111 2009 6 18 -9.8753 159.2553 45 45
209666 P136806 2009 6 7 -8.277 159.0111 2009 6 17 -8.4593 158.486 43 54
209671 P136809 2009 6 7 -8.277 159.0111 2009 6 18 -8.2993 159.0487 41 40
209687 P136823 2009 6 7 -8.277 159.0111 2009 6 21 -9.1753 157.5533 45 45
209689 P136825 2009 6 7 -8.277 159.0111 2009 6 29 -9.3539 158.8899 42 45
210047 P136714 2009 6 7 -8.277 159.0111 2009 6 27 -8.7807 158.3992 42 46
210049 P136716 2009 6 7 -8.277 159.0111 2009 6 28 -8.4985 158.3298 45 50
210051 P136718 2009 6 7 -8.277 159.0111 2009 6 17 -8.4593 158.486 42 61
210063 P136724 2009 6 7 -8.277 159.0111 2009 6 22 -8.4247 158.9787 43 40
210071 P136729 2009 6 7 -8.277 159.0111 2009 6 22 -8.3835 159.1 44 61
210083 P136733 2009 6 7 -8.277 159.0111 2009 6 15 -8.2667 158.9667 45 58
210098 P136739 2009 6 7 -8.277 159.0111 2009 6 15 -8.2747 158.9773 43 63
210119 P136750 2009 6 7 -8.277 159.0111 2009 6 16 -8.3987 158.9293 41 55
210124 P136753 2009 6 7 -8.277 159.0111 2009 6 28 -8.4994 158.3309 47 48
210137 P136759 2009 6 7 -8.277 159.0111 2009 6 15 -8.2747 158.9773 50 46
210144 P136763 2009 6 7 -8.277 159.0111 2009 6 24 -8.7533 157.0387 43 50
210149 P136766 2009 6 7 -8.277 159.0111 2009 6 15 -8.2747 158.9773 42 61
210274 P135812 2009 6 7 -8.277 159.0111 2009 6 28 -8.4994 158.3309 43 52
210279 P135814 2009 6 7 -8.277 159.0111 2009 6 27 -8.8533 158.4567 53 53
210285 P136308 2009 6 7 -8.277 159.0111 2009 6 28 -8.454 158.3147 41 45
210290 P135819 2009 6 7 -8.277 159.0111 2009 6 16 -8.398 158.934 48 61
210295 P135821 2009 6 7 -8.277 159.0111 2009 6 16 -8.3467 159.0487 51 30
210296 P136313 2009 6 7 -8.277 159.0111 2009 6 29 -8.992 158.5887 41 49
210298 P135822 2009 6 7 -8.277 159.0111 2009 6 18 -8.2993 159.0487 49 42
210299 P135823 2009 6 7 -8.277 159.0111 2009 6 19 -8.3813 159.1013 53 42
210300 P135824 2009 6 7 -8.277 159.0111 2009 6 24 -8.9807 157.5307 46 64
210324 P135834 2009 6 7 -8.277 159.0111 2009 6 20 -8.2 158.8767 44 42
210337 P135839 2009 6 7 -8.277 159.0111 2009 6 20 -8.2639 158.878 45 40
210353 P136327 2009 6 7 -8.277 159.0111 2009 6 16 -8.3987 158.9293 41 54
210362 P136331 2009 6 7 -8.277 159.0111 2009 6 22 -8.4244 158.9785 49 39
210364 P135850 2009 6 7 -8.277 159.0111 2009 6 20 -8.1326 158.7027 49 46
210378 P135856 2009 6 7 -8.277 159.0111 2009 6 23 -8.8 156.9147 38 47
210399 P136346 2009 6 7 -8.277 159.0111 2009 6 29 -8.8133 158.796 45 33
210411 P136351 2009 6 7 -8.277 159.0111 2009 6 21 -9.1753 157.5533 53 54
210422 P136360 2009 6 7 -8.277 159.0111 2009 6 16 -8.3987 158.9293 40 51
210428 P135876 2009 6 7 -8.277 159.0111 2009 6 16 -8.3467 159.0487 39 38
210433 P136364 2009 6 7 -8.277 159.0111 2009 6 15 -8.2667 158.9667 52 45
210451 P136373 2009 6 7 -8.277 159.0111 2009 6 21 -8.4247 158.9787 40 42
210456 P136376 2009 6 7 -8.277 159.0111 2009 6 18 -8.2981 159.0495 46 50
210463 P136378 2009 6 7 -8.277 159.0111 2009 6 18 -8.2995 159.0482 45 43
210473 P136383 2009 6 7 -8.277 159.0111 2009 6 18 -8.2994 159.0487 41 61
210477 P135896 2009 6 7 -8.277 159.0111 2009 6 16 -8.3987 158.9293 53 50
210490 P136393 2009 6 7 -8.277 159.0111 2009 6 28 -8.454 158.3147 54 45
207279 P136899 2009 6 7 -8.3406 158.8847 2009 6 29 -8.992 158.5887 44 46
207330 P138225 2009 6 7 -8.3406 158.8847 2009 6 15 -7.8679 157.2707 50 43
207341 P138236 2009 6 7 -8.3406 158.8847 2009 6 28 -8.4985 158.3298 38 30
207343 P138238 2009 6 7 -8.3406 158.8847 2009 6 16 -8.3467 159.0487 40 28
207347 P138242 2009 6 7 -8.3406 158.8847 2009 6 25 -8.95 157.6072 38 51
207357 P138252 2009 6 7 -8.3406 158.8847 2009 6 29 -9.3539 158.8899 50 52
207361 P138256 2009 6 7 -8.3406 158.8847 2009 6 27 -8.8533 158.4567 50 49
207365 P138260 2009 6 7 -8.3406 158.8847 2009 6 21 -8.4246 158.9786 44 30
207379 P138274 2009 6 7 -8.3406 158.8847 2009 6 20 -8.2001 158.8767 42 40
207450 Z73564 2009 6 7 -8.3406 158.8847 2009 6 17 -8.4593 158.486 36 60
207457 Z73571 2009 6 7 -8.3406 158.8847 2009 6 20 -8.264 158.878 37 62
208643 P137316 2009 6 7 -8.3406 158.8847 2009 6 29 -8.8133 158.796 44 43
208682 P137335 2009 6 7 -8.3406 158.8847 2009 6 20 -8.264 158.878 39 41
208709 P137353 2009 6 7 -8.3406 158.8847 2009 6 29 -9.3539 158.89 46 46
208783 P137387 2009 6 7 -8.3406 158.8847 2009 6 28 -8.6773 156.568 41 44
208789 P137391 2009 6 7 -8.3406 158.8847 2009 6 30 -8.602 158.5867 43 46
208855 P137422 2009 6 7 -8.3406 158.8847 2009 6 21 -8.4247 158.9787 43 28
208967 P137467 2009 6 7 -8.3406 158.8847 2009 6 16 -8.3467 159.0487 42 30
208981 P137473 2009 6 7 -8.3406 158.8847 2009 6 28 -8.4985 158.3298 42 50
208983 P137474 2009 6 7 -8.3406 158.8847 2009 6 30 -8.498 158.348 50 56
209112 P137623 2009 6 7 -8.3406 158.8847 2009 6 19 -9.588 159.082 41 46
209233 P137670 2009 6 7 -8.3406 158.8847 2009 6 17 -8.4593 158.486 40 62
209279 P137690 2009 6 7 -8.3406 158.8847 2009 6 30 -8.2167 158.9667 44 59
209294 P137694 2009 6 7 -8.3406 158.8847 2009 6 18 -8.2992 159.0484 40 46
209357 P137182 2009 6 7 -8.3406 158.8847 2009 6 28 -8.7127 158.3987 42 NA
209375 P137191 2009 6 7 -8.3406 158.8847 2009 6 17 -8.4593 158.486 38 62
209428 P137718 2009 6 7 -8.3406 158.8847 2009 6 30 -8.498 158.348 42 52
209456 P137523 2009 6 7 -8.3406 158.8847 2009 6 14 -8.9473 157.292 41 43
209462 P137737 2009 6 7 -8.3406 158.8847 2009 6 17 -8.4593 158.486 43 59
209496 P137750 2009 6 7 -8.3406 158.8847 2009 6 22 -8.4247 158.9787 40 28
209498 P138014 2009 6 7 -8.3406 158.8847 2009 6 28 -8.7127 158.3987 39 42
209525 P138026 2009 6 7 -8.3406 158.8847 2009 6 30 -8.7613 158.7953 38 41
209536 P137542 2009 6 7 -8.3406 158.8847 2009 6 19 -8.3813 159.1013 37 43
209541 P138033 2009 6 7 -8.3406 158.8847 2009 6 29 -9.354 158.89 41 44
209551 P138039 2009 6 7 -8.3406 158.8847 2009 6 29 -8.8133 158.796 46 50
209555 P137551 2009 6 7 -8.3406 158.8847 2009 6 17 -8.4593 158.486 40 42
209557 P138043 2009 6 7 -8.3406 158.8847 2009 6 27 -8.8533 158.4567 52 52
209580 P137764 2009 6 7 -8.3406 158.8847 2009 6 29 -8.8133 158.796 45 47
209611 P137781 2009 6 7 -8.3406 158.8847 2009 6 27 -8.8531 158.4566 39 42
209646 P137586 2009 6 7 -8.3406 158.8847 2009 6 28 -8.7127 158.3987 45 47
209648 P137589 2009 6 7 -8.3406 158.8847 2009 6 29 -8.9919 158.5887 42 30
209653 P137594 2009 6 7 -8.3406 158.8847 2009 6 15 -8.2667 158.9667 41 60
209654 P137595 2009 6 7 -8.3406 158.8847 2009 6 30 -8.498 158.348 41 44
209740 P137837 2009 6 7 -8.3406 158.8847 2009 6 15 -8.2667 158.9667 41 60
209746 P137840 2009 6 7 -8.3406 158.8847 2009 6 24 -8.9807 157.5307 39 51
209787 P137850 2009 6 7 -8.3406 158.8847 2009 6 23 -8.8 156.9147 45 50
209828 P137868 2009 6 7 -8.3406 158.8847 2009 6 28 -8.7127 158.3989 38 43
210013 P137201 2009 6 7 -8.3406 158.8847 2009 6 26 -8.908 157.5487 49 50
210062 P137226 2009 6 7 -8.3406 158.8847 2009 6 30 -8.498 158.348 47 52
210117 P137247 2009 6 7 -8.3406 158.8847 2009 6 27 -8.7806 158.3993 45 46
210139 P137257 2009 6 7 -8.3406 158.8847 2009 6 15 -8.2747 158.9773 41 43
210180 P137282 2009 6 7 -8.3406 158.8847 2009 6 17 -8.4593 158.486 40 50
210216 P137299 2009 6 7 -8.3406 158.8847 2009 6 29 -8.8133 158.796 43 45
210225 P136786 2009 6 7 -8.3406 158.8847 2009 6 30 -8.5023 158.3528 41 50
210253 P137906 2009 6 7 -8.3406 158.8847 2009 6 17 -8.4593 158.486 38 50
210258 P137909 2009 6 7 -8.3406 158.8847 2009 6 26 -9.0433 157.6867 41 52
210567 Z73359 2009 6 7 -8.3406 158.8847 2009 6 30 -8.7613 158.7953 37 41
207900 P138103 2009 6 7 -8.1106 158.7029 2009 6 28 -8.454 158.3147 38 47
207928 P138111 2009 6 7 -8.1106 158.7029 2009 6 18 -8.9233 158.8 38 49
209736 Z73934 2009 6 7 -8.1106 158.7029 2009 6 20 -8.264 158.878 36 39
209845 P138074 2009 6 7 -8.1106 158.7029 2009 6 28 -8.5333 158.484 39 42
209896 Z40541 2009 6 7 -8.1106 158.7029 2009 6 20 -8.1326 158.7022 38 38
210441 P137951 2009 6 7 -8.1106 158.7029 2009 6 15 -7.868 157.2707 39 53
210640 P138418 2009 6 8 -8.0158 158.409 2009 6 28 -8.7127 158.3987 38 41
210723 P138614 2009 6 8 -8.0158 158.409 2009 6 14 -8.9473 157.292 40 42
210829 P138679 2009 6 8 -8.0158 158.409 2009 6 28 -8.7127 158.3987 41 44
210871 P138174 2009 6 8 -8.0158 158.409 2009 6 16 -8.3467 159.0487 40 30
210879 P138180 2009 6 8 -8.0158 158.409 2009 6 16 -8.3467 159.0487 38 33
210970 P137980 2009 6 8 -8.0158 158.409 2009 6 28 -8.4994 158.3309 41 45
211278 P138358 2009 6 10 -8.6391 158.4551 2009 6 15 -8.2747 158.9773 42 59
211317 P138397 2009 6 10 -8.6391 158.4551 2009 6 26 -8.9081 157.5488 40 48
211918 P139035 2009 6 10 -8.6391 158.4551 2009 6 17 -8.4593 158.486 40 61
211970 P139062 2009 6 10 -8.6391 158.4551 2009 6 17 -8.4593 158.486 42 40
212078 Z40941 2009 6 10 -8.6391 158.4551 2009 6 17 -8.4593 158.486 37 35
212291 P138581 2009 6 10 -8.6391 158.4551 2009 6 16 -8.398 158.934 41 51
212423 P138731 2009 6 10 -8.6391 158.4551 2009 6 29 -8.8133 158.796 44 49
212508 P138773 2009 6 10 -8.6391 158.4551 2009 6 27 -9.0433 157.6867 45 48
212531 P138910 2009 6 10 -8.6391 158.4551 2009 6 28 -8.4994 158.3309 42 48
229784 P138805 2009 6 10 -8.7747 158.4881 2009 6 28 -8.4985 158.3298 47 45
212391 P139247 2009 6 10 -8.8185 158.5662 2009 6 30 -8.7612 158.7953 42 35
212421 P139262 2009 6 10 -8.8185 158.5662 2009 6 16 -8.3987 158.9293 39 60
212427 P139264 2009 6 10 -8.8185 158.5662 2009 6 29 -8.8133 158.796 42 44
212433 P139267 2009 6 10 -8.8185 158.5662 2009 6 17 -8.4593 158.486 43 45
213081 P139113 2009 6 10 -8.8185 158.5662 2009 6 14 -8.822 157.0813 41 41
213093 P139119 2009 6 10 -8.8185 158.5662 2009 6 25 -8.95 157.6072 41 52
213106 P139128 2009 6 10 -8.8185 158.5662 2009 6 15 -8.2747 158.9773 40 45
213109 P139130 2009 6 10 -8.8185 158.5662 2009 6 29 -8.9918 158.5887 41 34
213110 P139131 2009 6 10 -8.8185 158.5662 2009 6 29 -9.3539 158.8898 38 42
213314 Z75067 2009 6 10 -8.8185 158.5662 2009 6 25 -8.9499 157.6074 37 32
213369 P139538 2009 6 10 -8.8185 158.5662 2009 6 29 -8.8133 158.7959 39 45
213404 P139573 2009 6 10 -8.8185 158.5662 2009 6 27 -8.7805 158.3992 41 48
213405 P139574 2009 6 10 -8.8185 158.5662 2009 6 26 -9.0433 157.6867 38 NA
213406 P139575 2009 6 10 -8.8185 158.5662 2009 6 17 -8.4593 158.486 40 63
213409 P139578 2009 6 10 -8.8185 158.5662 2009 6 29 -8.8132 158.796 41 45
213415 P139584 2009 6 10 -8.8185 158.5662 2009 6 18 -8.9233 158.7999 42 42
211762 Z74873 2009 6 10 -8.7663 158.612 2009 6 29 -8.8132 158.796 36 40
211873 Z75124 2009 6 10 -8.7663 158.612 2009 6 25 -8.8027 157.302 37 35
212732 P139643 2009 6 10 -8.7663 158.612 2009 6 23 -8.8 156.9147 39 51
212836 P139695 2009 6 10 -8.7663 158.612 2009 6 18 -8.2993 159.0485 39 50
213139 P139141 2009 6 10 -8.7663 158.612 2009 6 28 -8.4994 158.3309 38 46
213169 P139155 2009 6 10 -8.7663 158.612 2009 6 25 -8.95 157.6073 43 42
213483 P139752 2009 6 10 -8.7663 158.612 2009 6 26 -9.0433 157.6867 38 40
213524 Z74930 2009 6 10 -8.7663 158.612 2009 6 17 -8.4593 158.486 37 40
213604 P140109 2009 6 11 -9.0317 157.7278 2009 6 21 -9.1753 157.5533 39 50
213999 P140034 2009 6 11 -9.2481 157.6559 2009 6 25 -8.95 157.6073 38 41
214032 P140067 2009 6 11 -9.2481 157.6559 2009 6 26 -9.018 157.7313 40 42
214111 P140175 2009 6 11 -9.2481 157.6559 2009 6 28 -8.5332 158.484 40 46
214135 P139322 2009 6 11 -9.2481 157.6559 2009 6 28 -8.7127 158.3987 40 42
214443 P140228 2009 6 11 -9.2481 157.6559 2009 6 29 -9.3541 158.8898 40 42
214597 P140313 2009 6 11 -9.2481 157.6559 2009 6 23 -8.76 157.068 39 40
214340 P139468 2009 6 11 -9.2092 157.5513 2009 6 28 -8.4994 158.3309 39 41
214478 P140339 2009 6 11 -9.2092 157.5513 2009 6 26 -9.0433 157.6867 49 55
214519 P140359 2009 6 11 -9.2092 157.5513 2009 6 26 -9.2407 157.81 39 42
214661 P139389 2009 6 11 -9.0588 157.617 2009 6 26 -9.0433 157.6867 38 41
214665 P140294 2009 6 11 -9.0588 157.617 2009 6 25 -8.95 157.6073 38 44
259629 P140293 2009 6 11 -9.0588 157.617 2009 6 21 -9.1752 157.5533 38 50
214827 Z76029 2009 6 11 -8.9978 157.6588 2009 6 25 -8.9499 157.6072 35 42
215609 P142155 2009 6 13 -7.3999 156.6107 2009 6 23 -8.2255 158.5759 46 40
215623 P142169 2009 6 13 -7.3999 156.6107 2009 6 29 -8.8133 158.796 46 57
216099 P141306 2009 6 13 -7.3999 156.6107 2009 6 25 -7.6566 156.2907 43 44
216112 P141568 2009 6 13 -7.3999 156.6107 2009 6 30 -8.602 158.5867 50 50
216243 P141057 2009 6 13 -7.3999 156.6107 2009 6 29 -8.9918 158.5886 38 42
216599 P141613 2009 6 13 -7.3999 156.6107 2009 6 18 -9.9011 159.5078 51 60
216618 P140444 2009 6 13 -7.3999 156.6107 2009 6 16 -8.8197 158.7661 50 54
216644 P141636 2009 6 13 -7.3999 156.6107 2009 6 28 -8.8533 158.4567 47 54
216671 P140462 2009 6 13 -7.3999 156.6107 2009 6 25 -7.6566 156.2907 49 49
216703 P141653 2009 6 13 -7.3999 156.6107 2009 6 29 -9.3539 158.8899 52 53
216931 P141913 2009 6 13 -7.3999 156.6107 2009 6 28 -8.4994 158.3309 54 52
216959 P141931 2009 6 13 -7.3999 156.6107 2009 6 14 -8.822 157.0813 52 48
217004 P141967 2009 6 13 -7.3999 156.6107 2009 6 30 -8.498 158.348 47 48
217052 P141987 2009 6 13 -7.3999 156.6107 2009 6 15 -7.868 157.2707 52 50
217334 P141223 2009 6 13 -7.3999 156.6107 2009 6 30 -8.556 158.7453 48 50
217563 P140642 2009 6 13 -7.3999 156.6107 2009 6 15 -7.868 157.2707 40 44
217904 P141837 2009 6 13 -7.3999 156.6107 2009 6 28 -8.4985 158.3298 50 52
217965 P141862 2009 6 13 -7.3999 156.6107 2009 6 26 -9.0433 157.6867 48 46
218071 P140394 2009 6 13 -7.3999 156.6107 2009 6 14 -8.822 157.0813 47 41
218610 P140733 2009 6 13 -7.3999 156.6107 2009 6 30 -8.5547 158.7867 41 41
218697 P140790 2009 6 13 -7.3999 156.6107 2009 6 28 -8.5333 158.4839 47 44
218787 P142009 2009 6 13 -7.3999 156.6107 2009 6 21 -9.1752 157.5532 43 43
218938 P141139 2009 6 13 -7.3999 156.6107 2009 6 29 -9.3541 158.8899 52 52
219353 P141722 2009 6 13 -7.3999 156.6107 2009 6 26 -8.908 157.5487 42 42
219391 P141744 2009 6 13 -7.3999 156.6107 2009 6 26 -9.2407 157.81 47 54
219401 P141750 2009 6 13 -7.3999 156.6107 2009 6 24 -8.8939 157.2352 57 45
219472 P141795 2009 6 13 -7.3999 156.6107 2009 6 26 -8.908 157.5486 47 46
215326 P142177 2009 6 13 -7.3473 156.4429 2009 6 30 -8.498 158.348 49 46
217235 P142220 2009 6 13 -7.3473 156.4429 2009 6 26 -9.0433 157.6867 50 36
217244 P142224 2009 6 13 -7.3473 156.4429 2009 6 20 -8.1787 158.6073 51 50
217249 P142226 2009 6 13 -7.3473 156.4429 2009 6 30 -8.498 158.348 50 51
217255 P142230 2009 6 13 -7.3473 156.4429 2009 6 28 -8.5333 158.484 50 51
217333 P142278 2009 6 13 -7.3473 156.4429 2009 6 30 -8.498 158.348 53 53
219036 P142358 2009 6 13 -7.3473 156.4429 2009 6 23 -8.2255 158.5759 53 55
219462 P142433 2009 6 13 -7.3364 156.2231 2009 6 16 -8.8197 158.7661 40 48
220824 P63567 2009 5 22 0.0133 205.0267 2009 6 9 5.1398 209.3032 38 41
222189 P64930 2009 5 27 0.0067 206.1183 2009 6 9 5.1397 209.3033 48 50
H8766 1779 2009 5 20 32.8667 142.3833 2009 6 1 34.5333 141.75 50 52
H8763 1784 2009 5 20 32.8667 142.3833 2009 6 14 36 145 52 46.2
H8771 1785 2009 5 20 32.7333 142.4667 2009 6 9 34.3333 144.6667 52 50
H8846 1787 2009 6 4 31.5167 145.9833 2009 6 21 36.4 146.9667 41 40
H7843 1795 2008 6 8 34.35 146.6333 2009 6 15 33.6833 141.4833 46 46
