504
id tag_no yr mo day lat lon yr_rec mo_rec day_rec lat_rec lon_rec len_rel len_rec
25184 P19985 2007 2 26 -6.489 150.4272 2008 12 25 -10.0686 155.8513 50 71
27246 P21840 2007 2 28 -6.3912 150.398 2008 12 8 -8.7176 155.1894 51 74
69887 Z34124 2007 11 10 -8.6532 158.6277 2008 12 5 -8.0333 158.3933 38 34
72891 A07566 2007 11 14 -8.2994 158.1062 2008 12 9 -7.4594 154.829 45 64.5
74968 Z33460 2008 2 22 -7.3767 158.5285 2008 12 4 -2.716 148.9533 31 59
81286 Z39938 2008 2 26 -8.5464 158.5382 2008 12 27 -10.6261 156.0566 36 51
84325 P54829 2008 3 3 -9.1697 157.6141 2008 12 31 -2.9003 149.495 38 36
85132 P53470 2008 3 3 -9.1421 157.8019 2008 12 12 -3.8855 147.7846 38 61
85571 P55393 2008 3 4 -9.625 159.4537 2008 12 31 1.6752 146.383 38 49
85881 P55428 2008 3 4 -9.5472 159.3588 2008 12 1 -4.044 163.398 38 51
86955 P57103 2008 3 6 -9.596 161.0079 2008 12 30 -9.972 154.8886 52 60
87603 P57234 2008 3 8 -9.7311 159.3942 2008 12 22 -9.9833 164.3667 39 53.4
87613 P57908 2008 3 8 -9.7311 159.3942 2008 12 25 -9.762 155.3946 38 50
88107 P58213 2008 3 8 -10.0333 159.4558 2008 12 15 2.6 139.8833 38 NA
88143 P57771 2008 3 8 -10.0333 159.4558 2008 12 28 -7.2916 153.9132 42 53
88551 P57895 2008 3 11 -8.143 156.45 2008 12 26 -2.798 145.8673 44 40
88993 P58647 2008 3 12 -7.6973 155.9271 2008 12 9 -1.7533 143.466 44 51
89065 P58689 2008 3 12 -7.6973 155.9271 2008 12 23 -8.9633 155.5293 39 49.4
89074 P58519 2008 3 12 -7.6973 155.9271 2008 12 8 -7.696 150.6239 39 53
89170 P58948 2008 3 12 -7.6973 155.9271 2008 12 25 -2.7343 161.9836 40 49.5
89885 P58798 2008 3 15 -7.3558 158.6225 2008 12 26 -3.0133 146.0579 45 40
89912 P59113 2008 3 15 -7.3558 158.6225 2008 12 7 1.705 125.1 40 38
91617 P59850 2008 3 27 -8.5664 158.5316 2008 12 25 -9.9659 155.6759 40 46
91627 P59856 2008 3 27 -8.5664 158.5316 2008 12 23 -8.9633 155.5293 43 51
92632 Z41218 2008 3 27 -8.5664 158.5316 2008 12 23 -8.9633 155.5293 35 49.1
91904 A15732 2008 3 27 -8.6534 158.627 2008 12 9 -7.4941 154.8997 42 58
91945 A15770 2008 3 27 -8.6534 158.627 2008 12 7 -8.0069 158.3911 43 40
92918 A15685 2008 3 27 -8.6534 158.627 2008 12 11 -9.1249 159.3901 41 53
93998 Z41669 2008 3 28 -7.8869 160.958 2008 12 13 -7.1333 149.7333 34 63
95325 A14365 2008 3 31 -9.9689 160.0491 2008 12 12 -8.5128 154.1879 40 56
96334 Y34478 2008 4 1 -10.049 159.63 2008 12 13 -9.2639 154.6889 47 60
96683 Y34042 2008 4 1 -9.9307 159.6246 2008 12 7 -4.26 163.5367 38 55
97966 Y34199 2008 4 1 -9.9307 159.6246 2008 12 21 -7.32 151.0953 41 NA
98321 Z43286 2008 4 2 -8.3586 159.0436 2008 12 8 -5.3799 166.6924 37 47.3
98826 Z44056 2008 4 2 -8.3586 159.0436 2008 12 8 -9.1475 157.5056 37 47.5
98868 Z44098 2008 4 2 -8.3586 159.0436 2008 12 28 -7.1798 153.9025 36 51
100419 Z44180 2008 4 2 -8.3586 159.0436 2008 12 8 -7.9542 158.3498 36 50
103267 Z45515 2008 4 6 -7.3712 158.9054 2008 12 29 -6.0281 153.0753 38 55
107672 P66782 2008 6 27 0.4755 155.4296 2008 12 11 -9.5699 168.0659 59 60.7
107813 P68104 2008 6 27 0.4755 155.4296 2008 12 25 -2.6084 155.4857 58 57
112020 Z47569 2008 7 12 4.0945 155.2857 2008 12 12 2.341 140.3341 36 59
112617 P71007 2008 7 15 7.7308 155.3914 2008 12 3 -3.8217 163.8267 63 66
113575 P70516 2008 7 18 7.1649 158.0085 2008 12 20 3.3833 158.7667 53 NA
113785 P70710 2008 7 21 2.5138 156.1913 2008 12 9 -7.5138 163.5386 55 NA
114241 P71989 2008 7 22 2.0462 156.0406 2008 12 24 -4.3971 157.4263 43 56.5
114386 P72208 2008 7 22 2.4122 156.1661 2008 12 17 -9.3501 164.2514 60 63
114440 P70929 2008 7 22 2.4122 156.1661 2008 12 10 -9.56 163.9845 58 61.5
115366 P72427 2008 7 24 7.1303 157.9405 2008 12 27 -8.8405 155.5027 50 60
115650 P72817 2008 8 2 6.4514 146.5149 2008 12 10 2.4269 143.116 41 52.5
116367 P73576 2008 8 5 7.1526 144.105 2008 12 15 -9.9039 155.1781 60 69
116558 P73209 2008 8 5 7.1526 144.105 2008 12 10 -3.6106 149.7033 57 NA
119379 Z55773 2008 8 18 7.5543 134.725 2008 12 10 -1.3333 151 31 28
119272 Z50344 2008 8 18 7.5387 134.7417 2008 12 7 -4.3553 149.574 28 50.2
119595 P74681 2008 8 20 6.929 133.5962 2008 12 15 -9.1807 165.2927 40 59
119882 Z50423 2008 8 21 7.5967 134.2767 2008 12 8 9 131 32 50
119890 Z50431 2008 8 21 7.5967 134.2767 2008 12 8 -1.2477 130.2852 32 40
119759 P74694 2008 8 21 7.6205 134.2742 2008 12 22 0.0054 141.1093 43 NA
121298 P74338 2008 8 23 4.8833 132.057 2008 12 31 -2.4842 144.4712 43 51
122041 P87437 2008 8 27 4.3638 132.2967 2008 12 31 1.7364 146.3617 43 53.5
122087 P75831 2008 8 27 4.3638 132.2967 2008 12 21 -0.1671 137.4336 44 45
122110 P75846 2008 8 27 4.3638 132.2967 2008 12 7 4.2768 149.5883 42 51.6
122445 P87196 2008 8 27 4.4008 132.3256 2008 12 21 9.3833 121.2167 38 NA
122771 P74299 2008 8 27 4.4008 132.3256 2008 12 5 7 130 45 NA
122772 P74300 2008 8 27 4.4008 132.3256 2008 12 15 1.5 139.3333 47 NA
122797 P75313 2008 8 27 4.4008 132.3256 2008 12 27 -8.5893 154.526 42 53
122802 P75318 2008 8 27 4.4008 132.3256 2008 12 25 17.6573 139.4479 44 57
122629 P75289 2008 8 27 4.4077 132.302 2008 12 22 -2.4667 142.6333 43 54
124004 P75162 2008 8 27 4.4077 132.302 2008 12 23 -8.762 154.65 46 52
123746 P76362 2008 8 27 4.8383 132.0862 2008 12 25 -2.6625 161.8182 61 62.5
123818 P77234 2008 8 27 4.8383 132.0862 2008 12 26 2.4833 129.0833 62 40
124610 P76595 2008 8 30 7.3618 133.6376 2008 12 25 17.6573 139.4479 60 66
125461 Z53121 2008 8 31 6.7274 130.9492 2008 12 28 2.2242 125.7505 34 NA
125857 Z53651 2008 8 31 6.7505 130.6355 2008 12 15 -9.2349 165.6349 31 51
126389 Z53579 2008 9 1 6.0442 127.8372 2008 12 15 2 139.5 34 NA
126435 P76901 2008 9 5 5.7276 124.3434 2008 12 19 6 128 47 NA
127261 P77668 2008 9 12 10.026 119.8972 2008 12 15 8.1667 119.4 52 53
127570 P77712 2008 9 13 9.6378 118.9062 2008 12 22 -1.8333 151.4167 46 41
127609 P77737 2008 9 13 9.6378 118.9062 2008 12 27 12 122 46 NA
128633 P78761 2008 9 28 1.9015 126.1907 2008 12 7 1.5907 126.2414 53 35
128786 Z54548 2008 9 28 1.5584 126.2387 2008 12 18 3.25 127.1333 33 27
128964 Z54453 2008 9 28 1.5584 126.2387 2008 12 18 3.25 127.1333 32 30
128844 P79770 2008 9 28 1.4889 126.2441 2008 12 4 1.5847 126.229 38 43
128935 P79261 2008 9 28 1.4889 126.2441 2008 12 4 1.5847 124.229 40 51
129293 P79336 2008 10 2 -0.3456 129.5234 2008 12 6 -1.2 128.0167 39 42
129165 P77819 2008 10 2 -0.3929 129.4714 2008 12 8 -1.2477 130.2852 38 47
129179 P77833 2008 10 2 -0.3929 129.4714 2008 12 28 2.2242 125.7505 45 NA
129401 P79471 2008 10 2 -0.3929 129.4714 2008 12 18 3.25 127.1333 39 44
129406 P79476 2008 10 2 -0.3929 129.4714 2008 12 4 1.75 131.0333 40 34
129652 P78825 2008 10 2 -0.3929 129.4714 2008 12 4 1.75 131.0333 40 37
129791 P78957 2008 10 2 -0.4685 129.5561 2008 12 18 1.1593 127.024 41 40
130096 Z60760 2008 10 4 0.2709 130.6917 2008 12 8 -1.2477 130.2852 35 44
130249 Z54652 2008 10 4 0.2854 130.7642 2008 12 28 -1 133 34 NA
130353 P80598 2008 10 4 0.2854 130.7642 2008 12 6 0 127.1 41 49
130391 Z54933 2008 10 4 0.2854 130.7642 2008 12 8 -1.2477 130.2852 37 42
130466 Z54830 2008 10 4 0.2854 130.7642 2008 12 8 -1.2477 130.7852 35 37
130486 Z54840 2008 10 4 0.2854 130.7642 2008 12 3 0.0833 131.1833 36 40
130488 Z54842 2008 10 4 0.2854 130.7642 2008 12 13 3.2 128.0833 36 35
130505 P80407 2008 10 4 0.2854 130.7642 2008 12 4 0 131.0333 39 43
130637 P80319 2008 10 4 0.2854 130.7642 2008 12 8 -1.2477 130.2852 39 44
130650 Z60824 2008 10 4 0.2854 130.7642 2008 12 4 -1.2 125.15 35 40
130661 Z60835 2008 10 4 0.2854 130.7642 2008 12 4 0 131.0333 37 35
130693 P80350 2008 10 4 0.2502 130.7864 2008 12 9 0 130.1833 37 43
131006 P80231 2008 10 4 0.2502 130.7864 2008 12 7 -2.5124 130.0442 39 27
131138 Z60915 2008 10 4 0.2502 130.7864 2008 12 28 2.2242 125.7505 36 NA
131296 P79945 2008 10 4 0.1935 131.0059 2008 12 28 2.2242 125.7505 39 NA
131485 P80846 2008 10 5 0.1924 131.0064 2008 12 3 0.0833 131.1833 39 38
131567 P80899 2008 10 5 0.1924 131.0064 2008 12 6 -2.5083 130.1417 39 46
131645 P78443 2008 10 5 0.1924 131.0064 2008 12 28 2.2242 125.7505 38 NA
131744 Z54969 2008 10 5 0.1924 131.0064 2008 12 28 2.0718 133.358 35 36
131750 P80663 2008 10 5 0.1924 131.0064 2008 12 8 -1.2477 130.2852 41 46
131902 P80721 2008 10 5 0.1924 131.0064 2008 12 3 0.0833 131.1833 38 41
132335 Z60135 2008 10 5 0.2554 130.8246 2008 12 18 1.1593 127.024 34 35
132424 P83524 2008 10 5 0.2554 130.8246 2008 12 8 -1.2477 130.2852 37 45
132539 Z60375 2008 10 5 0.2554 130.8246 2008 12 13 -2.5083 130.1417 37 44
132898 Z59625 2008 10 5 0.2554 130.8246 2008 12 28 2.2242 125.7505 36 NA
132915 Z60527 2008 10 5 0.2554 130.8246 2008 12 27 -1.1 129.2167 34 45
133068 P83633 2008 10 5 0.2554 130.8246 2008 12 6 -2.5083 130.1417 38 44
133118 Z60427 2008 10 5 0.2521 130.7878 2008 12 4 -1.7 129.6667 32 46
133151 P83681 2008 10 5 0.286 130.764 2008 12 6 1.1593 128.024 40 25
133345 P78372 2008 10 6 0.9488 130.6071 2008 12 4 2.9454 129.1464 37 45
134049 P91602 2008 10 6 1.0573 130.6662 2008 12 28 2.4833 129.0833 41 40
134052 P91605 2008 10 6 1.0573 130.6662 2008 12 9 3.6 127.2333 38 36
134672 Z59405 2008 10 10 -2.2044 125.278 2008 12 10 -4.5113 126.7853 37 43
134995 P83175 2008 10 10 -2.2044 125.278 2008 12 2 -3.9667 128.2 44 42
135153 Z59599 2008 10 10 -2.3204 125.2768 2008 12 7 -2 125 37 NA
135730 P81916 2008 10 10 -2.3204 125.2768 2008 12 2 -2.3333 125 38 42
135832 P83355 2008 10 10 -2.3204 125.2768 2008 12 11 2.2333 128.8 42 45
136002 P81828 2008 10 10 -2.3204 125.2768 2008 12 7 -2 125 40 NA
136332 Z58837 2008 10 12 -2.2131 125.2791 2008 12 2 -2.3333 125 36 42
136333 Z58838 2008 10 12 -2.2131 125.2791 2008 12 10 -4.5113 126.7853 35 44
136452 P82222 2008 10 12 -2.2131 125.2791 2008 12 2 -2.3333 125 41 44
136541 Z55119 2008 10 12 -2.2131 125.2791 2008 12 10 -4.5113 126.7853 37 43
136566 Z55135 2008 10 12 -2.2131 125.2791 2008 12 10 -4.5113 126.7853 37 42
136584 Z59444 2008 10 12 -2.2131 125.2791 2008 12 4 -2.5336 125.1835 36 43
136657 Z55164 2008 10 12 -2.7122 125.6081 2008 12 10 -4.5113 126.7853 38 42
136683 Z55188 2008 10 12 -2.7122 125.6081 2008 12 28 2.4833 129.0833 36 39
136756 P82906 2008 10 12 -2.7122 125.6081 2008 12 2 -2.3333 125 41 44
136795 P82917 2008 10 12 -2.7122 125.6081 2008 12 6 -3.9667 128.2 39 44
136881 P82175 2008 10 12 -2.7122 125.6081 2008 12 4 -2.5336 125.1835 38 43
136993 P82081 2008 10 12 -2.7122 125.6081 2008 12 29 -3.1667 122.75 40 48
137006 P81611 2008 10 12 -2.7122 125.6081 2008 12 4 1.75 131.0333 38 37
137103 P81677 2008 10 12 -2.7122 125.6081 2008 12 10 2.2905 125.7703 38 38
137124 P92119 2008 10 12 -2.7122 125.6081 2008 12 7 16.15 126.2167 39 34
137138 P81696 2008 10 12 -2.7122 125.6081 2008 12 4 -2.5336 125.1835 39 42
137187 P82804 2008 10 12 -2.7122 125.6081 2008 12 2 -2.3333 125 39 43
137216 P82818 2008 10 12 -2.7122 125.6081 2008 12 11 2.2333 128.8 38 40
137325 P82303 2008 10 12 -2.7122 125.6081 2008 12 2 -3.9667 128.2 39 43
137366 Z59130 2008 10 12 -2.7122 125.6081 2008 12 4 -2.5336 125.1835 36 42
137386 Z59135 2008 10 12 -2.7122 125.6081 2008 12 23 -2.8333 123.1667 37 46
137478 P82388 2008 10 12 -2.7122 125.6081 2008 12 8 -3.6667 129.5 40 41
137500 P82641 2008 10 12 -2.7122 125.6081 2008 12 27 1.0791 131.0221 38 35
137527 P82661 2008 10 12 -2.7122 125.6081 2008 12 7 -3.0833 122.5833 38 39
137677 P92280 2008 10 12 -2.7122 125.6081 2008 12 7 16.15 126.2167 38 38
137313 P82872 2008 10 12 -2.7431 125.6322 2008 12 4 -1.5 124.1667 38 35
137456 Z59012 2008 10 12 -2.7431 125.6322 2008 12 2 -2.3333 125 37 44
137748 Z59176 2008 10 12 -2.7431 125.6322 2008 12 2 -2.3333 125 36 40
137845 P92491 2008 10 12 -2.7431 125.6322 2008 12 15 -4.5113 126.7853 38 43
137906 Z59464 2008 10 12 -2.7431 125.6322 2008 12 10 2.2905 125.7703 36 39
137948 Z58949 2008 10 13 -2.8468 125.7008 2008 12 2 -2.3333 129 36 43
138062 Z59060 2008 10 13 -2.8468 125.7008 2008 12 10 -4.5113 126.7853 37 43
138105 Z59089 2008 10 13 -2.8468 125.7008 2008 12 10 -4.5113 126.7853 37 41
138281 Z58340 2008 10 13 -2.8468 125.7008 2008 12 10 -4.5113 126.7853 36 44
138305 Z58364 2008 10 13 -2.8468 125.7008 2008 12 5 -4.75 125.4167 37 39
138461 Z59494 2008 10 13 -2.8468 125.7008 2008 12 10 -4.5113 126.7853 34 42
138466 Z59212 2008 10 13 -2.8468 125.7008 2008 12 4 -2.5336 125.1835 35 45
138493 Z59233 2008 10 13 -2.8468 125.7008 2008 12 2 -2.3333 125 37 43
138497 Z58406 2008 10 13 -2.8468 125.7008 2008 12 2 -2.3333 125 36 43
138557 Z59255 2008 10 13 -2.8468 125.7008 2008 12 10 -4.5113 126.7853 36 43
138604 Z55004 2008 10 13 -2.8468 125.7008 2008 12 10 -4.5731 126.825 37 42
138900 P82422 2008 10 13 -2.8468 125.7008 2008 12 30 -0.2333 126 39 49
139053 P93976 2008 10 13 -2.8468 125.7008 2008 12 2 -2.3333 125 40 43
139054 P93977 2008 10 13 -2.8468 125.7008 2008 12 30 -0.2333 126 38 48
139113 Z56021 2008 10 13 -2.8088 126.1777 2008 12 7 2.4387 128.042 37 39
139128 Z56036 2008 10 13 -2.8088 126.1777 2008 12 28 -3 122.5333 37 42
139151 P93887 2008 10 13 -2.8088 126.1777 2008 12 24 -3 122.5 39 45
139234 P94112 2008 10 13 -2.8088 126.1777 2008 12 12 -3.6667 122.3333 37 56
139248 P94126 2008 10 13 -2.8088 126.1777 2008 12 16 -3.5333 123 37 40
139564 P94016 2008 10 13 -2.8088 126.1777 2008 12 5 -4.75 125.4167 40 40
139724 P94176 2008 10 13 -2.7669 126.834 2008 12 26 5.2333 128.5167 38 41
139865 Z55932 2008 10 14 -4.1522 128.0588 2008 12 2 -2.3333 125 37 43
139903 Z55970 2008 10 14 -4.1522 128.0588 2008 12 2 -3.9667 128.2 37 44
140029 P93082 2008 10 14 -4.1522 128.0588 2008 12 13 -3.9667 128.2 41 45
140035 P93088 2008 10 14 -4.1522 128.0588 2008 12 9 -2.3333 129 38 44
140064 P94417 2008 10 14 -4.1522 128.0588 2008 12 25 -3.0667 122.6167 39 40
140084 P94437 2008 10 14 -4.1522 128.0588 2008 12 27 1.0791 131.0221 42 40
140115 P92902 2008 10 14 -4.1522 128.0588 2008 12 13 -5 127.5 38 41
140127 P94752 2008 10 14 -4.1522 128.0588 2008 12 5 -4.75 125.4167 37 38
140212 P94637 2008 10 14 -4.1522 128.0588 2008 12 28 2.0718 133.358 37 36
140357 P94982 2008 10 14 -4.1522 128.0588 2008 12 22 -3 122.5 37 44
140378 Z55065 2008 10 14 -4.1522 128.0588 2008 12 10 -4.5113 126.7853 36 43
140382 Z55069 2008 10 14 -4.1522 128.0588 2008 12 24 -3.5 122.5 36 40
140406 Z55432 2008 10 14 -4.1522 128.0588 2008 12 2 -4.3 128.9667 36 42
140476 P94990 2008 10 17 -4.2159 128.4837 2008 12 27 1.0791 131.0221 38 36
140481 P94995 2008 10 17 -4.2159 128.4837 2008 12 7 16.15 126.2167 37 36
140513 P92599 2008 10 17 -4.2159 128.4837 2008 12 25 -2.6667 124 42 45
140530 Z55308 2008 10 17 -4.2159 128.4837 2008 12 11 -2.3333 129 36 43
140594 Z55352 2008 10 17 -4.2159 128.4837 2008 12 23 -3 122.6667 37 42.5
140649 P94524 2008 10 17 -4.2159 128.4837 2008 12 4 -2.5336 125.1835 37 43
140807 P93335 2008 10 17 -4.2159 128.4837 2008 12 7 16.15 126.2167 39 40
140847 P93241 2008 10 17 -4.2159 128.4837 2008 12 7 16.15 126.2167 38 37
140863 P93362 2008 10 17 -4.2159 128.4837 2008 12 4 1.75 131.0333 39 40
140871 P93254 2008 10 17 -4.2159 128.4837 2008 12 21 -3 122.5 37 44
140878 P93368 2008 10 17 -4.2159 128.4837 2008 12 10 2.2905 125.7703 39 40
140881 P93259 2008 10 17 -4.2159 128.4837 2008 12 4 -2.872 128.4295 37 43
140907 P93385 2008 10 17 -4.2159 128.4837 2008 12 21 -3.0833 122.5833 41 50
140922 P93275 2008 10 17 -4.2159 128.4837 2008 12 4 -2.5336 125.1835 38 43
140935 P93282 2008 10 17 -4.2159 128.4837 2008 12 11 -4.5731 126.975 40 43
140943 P93290 2008 10 17 -4.2159 128.4837 2008 12 27 1.0791 131.0221 37 35
140973 P93120 2008 10 17 -4.2159 128.4837 2008 12 11 -4.5731 126.975 38 43
141036 Z56627 2008 10 17 -4.2159 128.4837 2008 12 15 -4.5113 126.7853 37 40
141111 P93189 2008 10 17 -4.2159 128.4837 2008 12 26 -1.3333 128.7167 39 40
141116 Z56672 2008 10 17 -4.2159 128.4837 2008 12 14 -4.3 128.9667 36 42
141211 P100758 2008 10 17 -4.2159 128.4837 2008 12 12 -3.9667 128.2 37 42
141224 P100771 2008 10 17 -4.2159 128.4837 2008 12 15 -4.5113 126.7853 39 42
141231 P100778 2008 10 17 -4.2159 128.4837 2008 12 28 -3 122.5333 39 45
141311 P100516 2008 10 17 -4.2159 128.4837 2008 12 4 -2.5336 125.1835 37 44
141318 P100523 2008 10 17 -4.2159 128.4837 2008 12 4 -2.5336 125.1835 38 44
141319 P100524 2008 10 17 -4.2159 128.4837 2008 12 4 -3.9667 128.2 37 41
141357 P100549 2008 10 17 -4.2159 128.4837 2008 12 4 -3.9667 128.2 38 43
141381 P100559 2008 10 17 -4.2159 128.4837 2008 12 20 -2.3333 129 37 44
141449 P92988 2008 10 17 -4.2159 128.4837 2008 12 2 -2.3333 125 39 43
141530 Z56091 2008 10 17 -4.2159 128.4837 2008 12 18 -3.1667 123.3833 37 45
141544 Z56098 2008 10 17 -4.2159 128.4837 2008 12 4 -4.3 128.9667 37 42
141609 P94235 2008 10 17 -4.2159 128.4837 2008 12 29 -4.75 123.25 40 47
141867 P93493 2008 10 17 -4.2159 128.4837 2008 12 15 -4.5113 126.7853 36 44
141935 Z56161 2008 10 17 -4.2159 128.4837 2008 12 2 -2.3333 125 37 43
142374 P95199 2008 10 18 -4.3281 129.0298 2008 12 28 2.0718 133.358 39 37
142655 P95232 2008 10 18 -4.2388 129.2307 2008 12 30 -3.6667 123.3333 36 39
142667 P95244 2008 10 18 -4.2388 129.2307 2008 12 28 0.9896 131.8376 39 34
142735 P95404 2008 10 18 -4.2388 129.2307 2008 12 14 -2.3333 129 40 43
142946 Z57207 2008 10 19 -3.6107 132.1181 2008 12 27 -2.5114 130.3457 34 29
143059 Z57014 2008 10 19 -3.6107 132.1181 2008 12 13 -2.5083 130.1417 35 43
143060 Z57015 2008 10 19 -3.6107 132.1181 2008 12 10 -2.5114 130.1454 36 38
143093 Z57046 2008 10 19 -3.6107 132.1181 2008 12 26 -2.5083 130.14 37 45
143132 Z57063 2008 10 19 -3.6107 132.1181 2008 12 6 -2.5083 130.1417 32 44
143189 P95005 2008 10 19 -3.6107 132.1181 2008 12 16 -2.5143 130.443 37 40
143376 P95500 2008 10 19 -3.6107 132.1181 2008 12 16 -2.5945 130.0971 38 41
143657 Z57129 2008 10 19 -3.6107 132.1181 2008 12 15 0.0833 131.1833 37 39
143776 P95599 2008 10 19 -3.6107 132.1181 2008 12 16 -3.9212 130.9203 40 32
143788 P102011 2008 10 19 -3.6107 132.1181 2008 12 15 -4.5113 126.7853 37 42
143806 P102029 2008 10 19 -3.6107 132.1181 2008 12 15 -4.5113 126.7853 39 43
143847 P102070 2008 10 19 -3.6107 132.1181 2008 12 5 -4.75 125.4167 37 37
143849 P102072 2008 10 19 -3.6107 132.1181 2008 12 2 -2.3333 125 39 43
144050 P97005 2008 10 20 -3.5979 132.3994 2008 12 26 -2.5083 130.14 39 42
144206 P95060 2008 10 20 -3.5979 132.3994 2008 12 27 -2.5114 130.3457 37 39
144222 Z57448 2008 10 20 -3.5979 132.3994 2008 12 13 -2.5083 130.1417 36 41
144576 P95762 2008 10 20 -3.5979 132.3994 2008 12 15 0.0833 131.1833 38 43
144650 P95798 2008 10 20 -3.5979 132.3994 2008 12 28 2.2242 125.7505 37 NA
145005 P96012 2008 10 20 -3.5979 132.3994 2008 12 13 -2.5083 130.1417 41 42
145027 P96021 2008 10 20 -3.5979 132.3994 2008 12 28 -1 133 39 NA
145104 Z56766 2008 10 20 -3.5979 132.3994 2008 12 18 -2.5114 130.0457 35 38
145211 P96096 2008 10 20 -3.5979 132.3994 2008 12 27 -2.5114 130.3457 39 35
145215 P96570 2008 10 20 -3.5979 132.3994 2008 12 16 -2.5143 130.443 41 45
145258 P95811 2008 10 20 -3.5979 132.3994 2008 12 11 2.2333 128.8 40 45
145499 P96866 2008 10 20 -3.5979 132.3994 2008 12 16 -2.5945 130.0971 38 35
145562 Z57915 2008 10 20 -3.5979 132.3994 2008 12 6 -2.5083 130.1417 37 43
145634 Z57308 2008 10 20 -3.5979 132.3994 2008 12 15 0.0833 131.1833 37 38
145745 P97122 2008 10 20 -3.5979 132.3994 2008 12 27 -2.5114 130.3457 37 41
145761 P97138 2008 10 20 -3.5979 132.3994 2008 12 15 -2.5114 130.3457 41 38
145838 P97034 2008 10 20 -3.0432 131.2716 2008 12 13 -2.5083 130.1417 39 45
145887 Z57605 2008 10 20 -3.0432 131.2716 2008 12 6 -2.5083 130.1417 36 46
145915 P97332 2008 10 20 -3.0432 131.2716 2008 12 13 -2.5083 130.1417 40 44
145924 P97341 2008 10 20 -3.0432 131.2716 2008 12 13 -2.5083 130.1417 41 46
146079 P97252 2008 10 20 -3.0432 131.2716 2008 12 28 -1 133 37 NA
146160 P97088 2008 10 20 -2.8854 131.1309 2008 12 27 -2.5114 130.3457 38 37
146218 Z57651 2008 10 20 -2.8854 131.1309 2008 12 2 -3.3451 132.1852 36 41
146321 P97916 2008 10 20 -2.8854 131.1309 2008 12 28 -2.5 130.1333 47 52
146322 P97917 2008 10 20 -2.8854 131.1309 2008 12 14 -2.5083 130.1417 40 45
146336 P97931 2008 10 20 -2.8854 131.1309 2008 12 13 -2.5083 130.1417 39 43
146344 P97603 2008 10 20 -2.8854 131.1309 2008 12 18 -2.6114 130.7561 44 49
146419 Z56822 2008 10 20 -2.8854 131.1309 2008 12 16 -2.5945 130.0971 37 45
146530 P97498 2008 10 20 -2.8854 131.1309 2008 12 27 1.079 131.022 41 37
146549 P97550 2008 10 20 -2.8854 131.1309 2008 12 28 -0.575 129.475 37 60
146591 P97571 2008 10 20 -2.8854 131.1309 2008 12 16 -3.9212 130.4345 39 43
146654 P97856 2008 10 20 -2.8854 131.1309 2008 12 22 -2.3355 129 37 48
146660 P97861 2008 10 20 -2.8854 131.1309 2008 12 13 -2.5083 130.1417 38 42
146923 P90063 2008 10 21 -2.4577 129.6453 2008 12 28 2.2242 125.7505 42 NA
146996 P91334 2008 10 21 -2.4577 129.6453 2008 12 28 0.9896 131.8376 43 39
147021 P91359 2008 10 21 -2.4577 129.6453 2008 12 11 -2.5143 130.443 48 43
147225 P91215 2008 10 21 -2.4577 129.6453 2008 12 6 -2.5083 130.1417 46 46
147230 P91220 2008 10 21 -2.4577 129.6453 2008 12 10 -2.5114 130.1454 46 38
147234 P91223 2008 10 21 -2.4577 129.6453 2008 12 4 1.75 131.0333 51 39
147364 P90188 2008 10 21 -2.4577 129.6453 2008 12 26 -1.0333 125.2833 48 40
146901 P91273 2008 10 21 -2.4551 129.6458 2008 12 11 -2.5143 130.443 50 46
147050 Z57993 2008 10 21 -2.5922 129.6083 2008 12 16 -2.5143 130.443 37 41
147076 P97975 2008 10 21 -2.5922 129.6083 2008 12 20 -2.6162 130.7491 40 NA
147098 P96507 2008 10 21 -2.5922 129.6083 2008 12 18 -2.6114 130.7561 41 48
147161 P91396 2008 10 21 -2.5922 129.6083 2008 12 11 2.2333 128.8 38 40
147512 P91128 2008 10 22 -2.3805 129.146 2008 12 13 -2.5083 130.1417 40 45
147570 P91180 2008 10 22 -2.3805 129.146 2008 12 27 -1.1 129.2167 39 35
147607 P97703 2008 10 22 -2.3805 129.146 2008 12 21 -2.3333 129 40 36
147678 P97756 2008 10 22 -2.3805 129.146 2008 12 15 -2.5114 130.3457 40 32
147724 Z56843 2008 10 22 -2.3805 129.146 2008 12 7 -2.5124 130.0442 36 29
147830 P90484 2008 10 22 -2.3805 129.146 2008 12 18 -2.5114 130.0457 37 40
147861 P90315 2008 10 22 -2.3805 129.146 2008 12 11 -2.5143 130.443 39 56
147934 P90388 2008 10 22 -2.3805 129.146 2008 12 11 2.2333 128.8 39 35
201145 Z58505 2008 10 22 -2.3805 129.146 2008 12 6 -2.5083 130.1417 36 46
147618 P91028 2008 10 22 -2.2801 129.1323 2008 12 27 1.079 131.022 39 40
147712 P97790 2008 10 22 -2.2801 129.1323 2008 12 10 -2.5114 130.1462 40 35
147751 P90209 2008 10 22 -2.2801 129.1323 2008 12 20 -2.6162 130.7491 39 NA
148083 Z56893 2008 10 22 -1.9099 129.1432 2008 12 15 -2.5114 130.3457 35 30
148084 Z56894 2008 10 22 -1.9099 129.1432 2008 12 5 -0.05 129.5167 36 31
148090 Z56900 2008 10 22 -1.9099 129.1432 2008 12 22 -2.3333 129 35 46
148132 Z58637 2008 10 22 -1.9099 129.1432 2008 12 4 0 127.1 35 42
148136 Z58641 2008 10 22 -1.9099 129.1432 2008 12 15 -2.5114 130.3457 34 27
148204 Z57372 2008 10 22 -1.9099 129.1432 2008 12 28 2.0718 133.358 33 35
148212 Z57378 2008 10 22 -1.9099 129.1432 2008 12 28 -1 133 36 NA
148213 Z57379 2008 10 22 -1.9099 129.1432 2008 12 5 -0.05 129.5167 34 39
148220 Z57386 2008 10 22 -1.9099 129.1432 2008 12 5 -0.05 129.5167 36 42
148356 Z57716 2008 10 22 -1.9099 129.1432 2008 12 18 -2.5114 130.0457 33 35
148357 Z57717 2008 10 22 -1.9099 129.1432 2008 12 28 2.2242 125.7505 36 NA
148370 Z58517 2008 10 22 -1.9099 129.1432 2008 12 18 1.1593 127.024 34 40
148395 Z58531 2008 10 22 -1.9099 129.1432 2008 12 18 -2.5114 130.0457 35 27
148412 Z58542 2008 10 22 -1.9099 129.1432 2008 12 13 -2.5083 130.1417 34 43
148435 Z58554 2008 10 22 -1.9099 129.1432 2008 12 27 -1.1 129.2167 35 40
148450 Z58567 2008 10 22 -1.9099 129.1432 2008 12 10 -2.5114 130.1454 34 35
148457 Z58574 2008 10 22 -1.9099 129.1432 2008 12 27 1.0791 131.0221 34 40
148622 P91088 2008 10 22 -1.7784 129.1208 2008 12 6 -1.0667 129.05 39 45
148655 Z57763 2008 10 22 -1.7784 129.1208 2008 12 11 2 128 35 28
148687 Z57795 2008 10 22 -1.7784 129.1208 2008 12 11 2 128 36 28
148777 P102899 2008 10 22 -1.7784 129.1208 2008 12 6 -1.0667 129.05 36 39
148786 Z57834 2008 10 22 -1.7784 129.1208 2008 12 13 -2.5083 130.1417 33 44
148815 Z57863 2008 10 22 -1.7784 129.1208 2008 12 4 -1.7 129.6667 35 40
148863 P84611 2008 10 22 -1.7784 129.1208 2008 12 11 2 128 37 39
148871 P84619 2008 10 22 -1.7784 129.1208 2008 12 4 -1.0667 129.05 41 40
148967 P84357 2008 10 22 -1.7784 129.1208 2008 12 6 -1.0667 129.05 37 40
148971 P84361 2008 10 22 -1.7784 129.1208 2008 12 26 2.4833 129.0833 37 44
148990 P84380 2008 10 22 -1.7784 129.1208 2008 12 6 -1.0667 129.05 37 34
149032 P102553 2008 10 22 -1.5244 129.1438 2008 12 11 2 128 37 36
149035 P102556 2008 10 22 -1.5244 129.1438 2008 12 6 -1.0667 129.05 37 42
149043 P102564 2008 10 22 -1.5244 129.1438 2008 12 6 -1.0667 129.05 37 39
149095 P84129 2008 10 22 -1.5244 129.1438 2008 12 6 -1.0667 129.05 38 36
149101 P84133 2008 10 22 -1.5244 129.1438 2008 12 6 -1.0667 129.05 41 50
149134 Z58107 2008 10 22 -1.5244 129.1438 2008 12 26 -1.3333 128.7167 35 32
149149 Z58122 2008 10 22 -1.5244 129.1438 2008 12 11 2 128 35 30
149160 Z58133 2008 10 22 -1.5244 129.1438 2008 12 11 2 128 36 29
149207 Z58180 2008 10 22 -1.5244 129.1438 2008 12 16 -2.5143 130.443 34 43
149211 Z58184 2008 10 22 -1.5244 129.1438 2008 12 11 2 128 36 30
149224 Z58197 2008 10 22 -1.5244 129.1438 2008 12 11 2 128 36 31
149229 P84210 2008 10 22 -1.5244 129.1438 2008 12 18 1.1593 127.024 38 45
149245 P84226 2008 10 22 -1.5244 129.1438 2008 12 6 -1.0667 129.05 40 42
149246 P84227 2008 10 22 -1.5244 129.1438 2008 12 6 -1.0667 129.05 38 44
149322 P84507 2008 10 22 -1.5244 129.1438 2008 12 11 2 128 41 35
149356 P84541 2008 10 22 -1.5244 129.1438 2008 12 6 -1.0667 129.05 39 42
149395 P84580 2008 10 22 -1.5244 129.1438 2008 12 6 -1.0667 129.05 36 41
149399 P84584 2008 10 22 -1.5244 129.1438 2008 12 6 -1.0667 129.05 40 43
149422 P84907 2008 10 22 -1.5244 129.1438 2008 12 6 -1.0667 129.05 36 44
149425 P84910 2008 10 22 -1.5244 129.1438 2008 12 11 2 128 36 39
149431 P84916 2008 10 22 -1.5244 129.1438 2008 12 6 -1.0667 129.05 40 43
149450 P84935 2008 10 22 -1.5244 129.1438 2008 12 6 -1.0667 129.05 42 40
149509 P84994 2008 10 22 -1.5244 129.1438 2008 12 6 -1.0667 129.05 36 40
149530 P84801 2008 10 22 -1.5244 129.1438 2008 12 6 -1.0667 129.05 38 38
149547 P84818 2008 10 22 -1.5244 129.1438 2008 12 11 2 128 37 37
149577 Z58004 2008 10 22 -1.5244 129.1438 2008 12 20 -2.6162 130.7491 36 NA
149589 P84706 2008 10 22 -1.5244 129.1438 2008 12 11 2 128 38 38
149789 Z58217 2008 10 23 -0.8336 129.1173 2008 12 28 2.2242 125.7505 36 NA
149802 Z58049 2008 10 23 -0.8336 129.1173 2008 12 4 1.75 131.0333 34 34
149845 Z58769 2008 10 23 -0.8336 129.1173 2008 12 18 -2.6114 130.7561 33 41
149867 Z58077 2008 10 23 -0.8336 129.1173 2008 12 15 -2.5114 130.3457 35 34
149868 Z58778 2008 10 23 -0.8336 129.1173 2008 12 24 2.2667 129.1333 34 48
149920 Z58799 2008 10 23 -0.8336 129.1173 2008 12 13 -5 127.5 35 39
149977 Z58742 2008 10 23 -0.438 129.5635 2008 12 4 6.7667 132.4833 36 29
150171 P102610 2008 10 24 -0.5079 131.4001 2008 12 25 -9.989 156.8998 39 49
150202 P102641 2008 10 24 -0.5079 131.4001 2008 12 7 16.15 126.2167 39 40
150478 P85028 2008 10 24 -0.5079 131.4001 2008 12 4 2.9454 129.1464 42 40
150481 P85030 2008 10 24 -0.5079 131.4001 2008 12 10 2.2905 125.7703 40 35
150500 P85045 2008 10 24 -0.5079 131.4001 2008 12 25 -8.7267 155.0939 41 53
150502 P85047 2008 10 24 -0.5079 131.4001 2008 12 8 -1.2477 130.2852 40 44
150978 P85829 2008 10 24 -0.5079 131.4001 2008 12 9 0.0833 131.1833 39 37
151103 P85905 2008 10 24 -0.5079 131.4001 2008 12 3 6.5 115.8 41 NA
151258 P85758 2008 10 24 -0.5079 131.4001 2008 12 28 2.0718 133.358 42 38
151262 P85762 2008 10 24 -0.5079 131.4001 2008 12 3 6.5 115.8 39 NA
151291 P85791 2008 10 24 -0.5079 131.4001 2008 12 9 -1.248 130.285 41 49
151488 P85698 2008 10 26 -0.4176 131.6365 2008 12 4 0 127.1 38 41
151496 P85871 2008 10 26 -0.4176 131.6365 2008 12 27 -1.1 129.2167 38 40
151571 P86269 2008 10 26 -0.0347 132.1686 2008 12 27 -2.5986 156.4473 39 34
151666 P86804 2008 10 26 -0.0347 132.1686 2008 12 10 -2 132 38 NA
151701 P86831 2008 10 26 -0.0347 132.1686 2008 12 3 2.2667 129.1333 42 45
152092 P86331 2008 10 26 -0.0347 132.1686 2008 12 4 2.9454 129.1464 41 40
152111 P86479 2008 10 26 -0.0347 132.1686 2008 12 10 -2 132 40 NA
152261 P86651 2008 10 26 -0.0347 132.1686 2008 12 28 0.9896 131.8376 41 41
152433 P86859 2008 10 29 0.0331 137.8807 2008 12 4 1.75 131.0333 40 35
152526 P86047 2008 10 29 0.0331 137.8807 2008 12 31 1.7295 146.3264 49 55.5
152587 P86719 2008 10 29 -0.2883 138.2173 2008 12 22 -0.0501 141.2186 44 NA
152609 P99325 2008 10 29 -0.2883 138.2173 2008 12 11 0.0554 137.5376 47 46
152632 P86744 2008 10 29 -0.2883 138.2173 2008 12 21 9.3833 121.2167 43 NA
152659 P86759 2008 10 29 -0.2883 138.2173 2008 12 21 9.3833 121.2167 49 NA
152695 P99212 2008 10 29 -0.2883 138.2173 2008 12 15 -0.0264 137.6222 52 47
152713 P86791 2008 10 29 -0.2883 138.2173 2008 12 15 1.5 139.3333 46 NA
152870 Z66395 2008 10 29 -0.2883 138.2173 2008 12 11 0.0554 137.5376 45 47
152884 P87882 2008 10 29 -0.2883 138.2173 2008 12 22 -0.5985 141.3924 41 86
152937 P88007 2008 10 29 -0.2883 138.2173 2008 12 8 -0.4383 137.2793 41 47
152978 P99497 2008 10 29 -0.2883 138.2173 2008 12 26 -8.1026 164.1798 49 52
153248 P86523 2008 10 29 -0.2883 138.2173 2008 12 15 1.8333 138.95 46 NA
153334 P86570 2008 10 29 -0.2883 138.2173 2008 12 24 -0.7134 141.3404 46 NA
153388 P87764 2008 10 29 -0.2883 138.2173 2008 12 16 0.0695 145.5489 49 57
153402 P87777 2008 10 29 -0.2883 138.2173 2008 12 28 2.0718 133.358 41 42
153477 P87909 2008 10 29 -0.2883 138.2173 2008 12 3 6.5 115.8 51 NA
153641 P87674 2008 10 29 -0.2883 138.2173 2008 12 10 2.0779 142.1951 46 50
153697 P86962 2008 10 29 -0.2883 138.2173 2008 12 11 0.0554 137.5376 51 48
153718 P86980 2008 10 29 -0.2883 138.2173 2008 12 15 1.5 139.3333 50 NA
153758 P87566 2008 10 29 -0.2883 138.2173 2008 12 12 2.7806 141.6013 54 32
153812 P88319 2008 10 29 -0.2883 138.2173 2008 12 15 2.7 139.8333 44 NA
153836 P88343 2008 10 29 -0.2883 138.2173 2008 12 31 1.631 146.4226 47 53
153887 P88414 2008 11 4 -0.3082 144.7361 2008 12 27 -8.8406 155.5026 63 57
154585 P88584 2008 11 5 0.265 145.8023 2008 12 25 -10.5593 155.7319 51 51
154888 P89378 2008 11 8 -0.342 147.6317 2008 12 2 -0.3386 147.6287 39 40
154914 P99617 2008 11 8 -0.342 147.6317 2008 12 25 -2.8804 162.1053 41 43
154933 P89391 2008 11 8 -0.342 147.6317 2008 12 2 -0.3386 147.6287 43 43
154934 P99628 2008 11 8 -0.342 147.6317 2008 12 2 -0.1629 141.6891 41 41
155001 Z66555 2008 11 8 -0.342 147.6317 2008 12 2 -0.1628 141.6889 42 43
155006 P89235 2008 11 8 -0.342 147.6317 2008 12 2 -0.3386 147.6287 43 36
155076 P89273 2008 11 8 -0.342 147.6317 2008 12 2 -0.3386 147.6287 54 55
155090 P89287 2008 11 8 -0.342 147.6317 2008 12 16 0.0911 145.6084 43 47
155183 P89135 2008 11 8 -0.342 147.6317 2008 12 2 -0.3386 147.6287 41 42
155186 P89138 2008 11 8 -0.342 147.6317 2008 12 2 -0.3386 147.6287 42 43
155196 P89148 2008 11 8 -0.342 147.6317 2008 12 2 -0.3386 147.6287 41 42
155238 P89190 2008 11 8 -0.342 147.6317 2008 12 2 -0.3386 147.6287 41 42
155353 P89715 2008 11 8 -0.342 147.6317 2008 12 2 -0.3386 147.6287 42 42
155380 P89731 2008 11 8 -0.342 147.6317 2008 12 18 1.1 140.1833 44 NA
155381 P89732 2008 11 8 -0.342 147.6317 2008 12 28 -7.2119 153.9108 37 56
155425 P89748 2008 11 8 -0.342 147.6317 2008 12 2 -0.3386 147.6287 43 43
155470 P89771 2008 11 8 -0.342 147.6317 2008 12 2 -0.3386 147.6287 44 43
155847 P89940 2008 11 8 -0.342 147.6317 2008 12 2 -0.1628 141.6891 45 45
155921 P89972 2008 11 8 -0.342 147.6317 2008 12 2 -0.1627 141.689 49 47
155971 P89417 2008 11 8 -0.342 147.6317 2008 12 25 -0.2035 137.6503 39 43.5
156090 P89472 2008 11 8 -0.342 147.6317 2008 12 2 -6.8666 150.5506 45 44
156208 P89582 2008 11 8 -0.342 147.6317 2008 12 2 -0.3386 147.6287 47 47
156226 P90527 2008 11 8 -0.342 147.6317 2008 12 2 -0.1626 141.6889 45 45
156249 P90538 2008 11 8 -0.342 147.6317 2008 12 18 1.1 140.1833 39 NA
156290 P88628 2008 11 8 -0.342 147.6317 2008 12 2 -0.3386 147.6287 41 42
156293 P90701 2008 11 8 -0.342 147.6317 2008 12 2 -0.1627 141.6891 45 44
156379 P88665 2008 11 8 -0.342 147.6317 2008 12 2 -0.3386 147.6287 46 47
156413 P88680 2008 11 8 -0.342 147.6317 2008 12 2 -0.3386 147.6287 41 41
156437 P88688 2008 11 8 -0.342 147.6317 2008 12 2 -0.3386 147.6287 42 40
156642 P89615 2008 11 8 -0.342 147.6317 2008 12 16 0.0641 145.4907 44 45
156691 P89634 2008 11 8 -0.342 147.6317 2008 12 2 -0.3386 147.6287 46 45
156701 P89641 2008 11 8 -0.342 147.6317 2008 12 16 0.0789 145.5441 43 50
155286 P98414 2008 11 8 -0.2415 147.7772 2008 12 14 -8.5366 158.802 47 60
155301 P90976 2008 11 8 -0.2415 147.7772 2008 12 3 6.5 115.8 50 NA
155409 Z66670 2008 11 8 -0.2415 147.7772 2008 12 30 -9.7399 154.992 40 41.1
156575 P90835 2008 11 8 -0.2415 147.7772 2008 12 16 0.0785 145.5425 43 48
156581 P90840 2008 11 8 -0.2415 147.7772 2008 12 25 -2.6784 161.8595 44 45
156627 P90881 2008 11 8 -0.2415 147.7772 2008 12 30 -9.7399 154.992 46 47.5
156743 P98515 2008 11 8 -0.2415 147.7772 2008 12 15 -0.9356 161.6717 42 50
156831 P98493 2008 11 8 -0.2415 147.7772 2008 12 30 -8.4409 153.6296 44 48
157062 P98806 2008 11 8 -0.2415 147.7772 2008 12 16 0.0827 145.5416 41 50
157160 P90988 2008 11 9 -0.9567 147.1972 2008 12 6 1.776 141.7599 54 45
157202 P98610 2008 11 9 -0.9567 147.1972 2008 12 3 1.6073 142.2553 54 NA
157219 Z67151 2008 11 9 -1.3807 147.19 2008 12 26 -3.0139 146.0579 32 35
157396 P100305 2008 11 11 -0.3396 148.0723 2008 12 27 0.2555 144.8628 42 47
157418 P100327 2008 11 11 -0.3396 148.0723 2008 12 25 -2.8671 161.8466 39 43.5
157499 P100382 2008 11 11 -0.3396 148.0723 2008 12 16 0.074 145.5449 40 43
157582 Z67260 2008 11 11 -0.3396 148.0723 2008 12 27 -10.6266 156.0582 37 48
157660 P98563 2008 11 11 -0.3396 148.0723 2008 12 20 -1.382 147.1867 40 NA
157675 P98578 2008 11 11 -0.3396 148.0723 2008 12 31 -5.3 147.45 38 40
157695 P98598 2008 11 11 -0.3396 148.0723 2008 12 14 -0.9426 146.5899 39 47
157784 P98679 2008 11 11 -0.3396 148.0723 2008 12 6 1.7319 141.7393 42 45
157790 P98685 2008 11 11 -0.3396 148.0723 2008 12 1 -0.5406 147.5593 40 38.6
157887 P100154 2008 11 11 -0.3396 148.0723 2008 12 30 -8.4579 153.5853 45 50
168402 P90735 2008 11 11 -0.3396 148.0723 2008 12 16 0.0651 145.5257 53 62
168421 P90754 2008 11 11 -0.3396 148.0723 2008 12 23 -9.6979 155.2166 38 50
168422 P90755 2008 11 11 -0.3396 148.0723 2008 12 16 0.0842 145.5464 43 50
168440 P90773 2008 11 11 -0.3396 148.0723 2008 12 25 -9.7726 155.388 41 42
168458 P90791 2008 11 11 -0.3396 148.0723 2008 12 12 -8.4756 154.1191 42 42.5
158003 P101031 2008 11 12 -0.0134 149.2527 2008 12 30 -9.7399 154.992 42 41.8
158031 P101336 2008 11 12 -0.0134 149.2527 2008 12 4 -1.1576 145.7483 40 42
158257 P100286 2008 11 12 -0.0134 149.2527 2008 12 19 -8.9333 174.1667 41 39.5
158342 P101145 2008 11 12 -0.0134 149.2527 2008 12 30 -9.7399 154.992 45 43.5
158360 P100421 2008 11 12 -0.0134 149.2527 2008 12 10 -0.7921 152.6504 42 42
158362 P100422 2008 11 12 -0.0134 149.2527 2008 12 6 -0.1687 145.7385 40 42
158448 P101177 2008 11 12 -0.0134 149.2527 2008 12 9 -4.6303 157.9661 52 42
158478 P100471 2008 11 12 -0.0134 149.2527 2008 12 25 -9.7726 155.388 46 48
158793 Z67793 2008 11 17 -3.087 153.666 2008 12 12 -8.5754 153.598 34 41
159128 P101500 2008 11 17 -3.087 153.666 2008 12 24 -4.0319 156.2066 51 52.5
159276 P101853 2008 11 17 -3.087 153.666 2008 12 28 -7.1956 153.9201 52 53.5
159638 P101636 2008 11 17 -3.087 153.666 2008 12 13 -2.1448 154.7484 50 52
159662 P101660 2008 11 17 -3.087 153.666 2008 12 15 -8.1713 154.4007 50 47
160647 P101728 2008 11 17 -3.087 153.666 2008 12 10 -5.084 163.443 53 61
161181 Z70118 2008 11 18 -3.5135 154.7308 2008 12 25 -10.0152 155.8818 39 47
161784 Z70182 2008 11 20 -4.22 155.2265 2008 12 25 0.8947 143.7321 35 40
161801 Z66875 2008 11 20 -4.22 155.2265 2008 12 23 -8.9633 155.5293 48 51.1
161952 P102989 2008 11 20 -4.22 155.2265 2008 12 28 -7.0279 150.4666 55 NA
161957 P102993 2008 11 20 -4.22 155.2265 2008 12 27 -10.6276 156.0587 55 59
162000 P103905 2008 11 20 -4.22 155.2265 2008 12 12 -8.52 154.2364 47 50
162029 P103934 2008 11 20 -4.22 155.2265 2008 12 28 -7.1213 152.4186 49 54
162032 P103937 2008 11 20 -4.22 155.2265 2008 12 9 -4.8473 158.135 46 51
162041 P103946 2008 11 20 -4.22 155.2265 2008 12 12 -8.5713 153.6121 43 47
162058 P101948 2008 11 20 -4.22 155.2265 2008 12 28 -7.2138 153.8916 50 56
162075 P101959 2008 11 20 -4.22 155.2265 2008 12 28 -7.7792 165.1334 55 59
162088 P103418 2008 11 20 -4.22 155.2265 2008 12 12 -8.3858 154.1085 54 57
162092 P103420 2008 11 20 -4.22 155.2265 2008 12 20 -7.0279 150.44 41 NA
162145 Z70237 2008 11 20 -4.22 155.2265 2008 12 18 -6.604 150.626 33 32
162231 P103623 2008 11 20 -4.22 155.2265 2008 12 28 -8.8881 154.8074 51 56
162233 P103625 2008 11 20 -4.22 155.2265 2008 12 28 -9.1654 154.9501 47 54
162234 P103626 2008 11 20 -4.22 155.2265 2008 12 23 -6.9953 150.966 43 41
162248 Z70702 2008 11 20 -4.22 155.2265 2008 12 31 -6.8629 153.1159 37 34
162374 P103331 2008 11 20 -4.22 155.2265 2008 12 11 -9.0237 159.6548 46 51
162383 P103340 2008 11 20 -4.22 155.2265 2008 12 16 -8.9847 154.7551 45 53
164260 P103971 2008 11 21 -5.6317 155.75 2008 12 24 -5.7496 156.8091 47 58
164261 P103972 2008 11 21 -5.6317 155.75 2008 12 25 -5.6863 165.0549 48 51
164209 P103139 2008 11 21 -5.74 155.6767 2008 12 29 -5.9546 153.0935 56 56
164216 P103146 2008 11 21 -5.74 155.6767 2008 12 15 0.4787 161.3251 55 53
164522 P103579 2008 11 21 -5.74 155.6767 2008 12 24 -4.2078 155.8917 60 65
