8
id tag_no yr mo day lat lon yr_rec mo_rec day_rec lat_rec lon_rec len_rel len_rec
25419 5595 2005 4 9 -5.07 264.93 2005 6 3 4.32 267.05 56 NA
25459 5596 2005 4 9 -5.07 264.93 2005 6 26 0.13 263.65 46 56
25554 5602 2005 4 9 -5.07 264.93 2005 6 24 -5.03 257.42 43 NA
25468 5608 2005 4 10 -5.07 264.92 2005 6 15 -1.05 252.67 47 NA
25579 5612 2005 4 10 -5.07 264.92 2005 6 21 3.73 264.17 46 NA
25597 5616 2005 4 11 -5.07 264.92 2005 6 23 -4.48 265.7 64 NA
25813 5621 2005 4 15 -1.94 264.82 2005 6 15 -5.3 258.4 67 NA
26908 5622 2005 4 20 -1.71 264.82 2005 6 15 -0.3 260.9 68 NA
