142
id tag_no yr mo day lat lon yr_rec mo_rec day_rec lat_rec lon_rec len_rel len_rec
7854 Z14755 2006 9 19 -2.6032 145.2596 2007 9 19 0.2074 178.8472 35 68.7
8928 P05774 2006 9 21 -3.8372 145.5695 2007 9 24 -0.2097 146.111 52 NA
11335 P09148 2006 9 26 -3.73 145.7207 2007 9 24 -0.0317 146.5565 56 NA
17193 Z16796 2006 10 23 -4.9067 145.9104 2007 9 19 3.4857 158.5135 38 67.5
22836 P18339 2007 2 20 -5.7776 155.8412 2007 9 9 -2.8264 143.3691 43 NA
22937 P18814 2007 2 20 -5.7776 155.8412 2007 9 19 3.4835 158.5204 47 57.5
22965 Z18024 2007 2 20 -5.7776 155.8412 2007 9 7 -3.062 156.9944 44 56
23279 P18718 2007 2 20 -5.7776 155.8412 2007 9 17 -0.1915 159.8672 39 54
23381 P19020 2007 2 20 -5.7776 155.8412 2007 9 16 -2.7113 142.1801 42 51
23417 P18907 2007 2 20 -5.7776 155.8412 2007 9 19 3.4909 158.5239 41 56
23468 P19080 2007 2 20 -5.7324 155.6981 2007 9 15 -3.393 144.9451 43 NA
23696 P19126 2007 2 20 -5.7324 155.6981 2007 9 16 -0.4086 151.2079 43 49
24226 P19531 2007 2 23 -6.7017 154.4708 2007 9 22 -5.329 168.2529 53 67.5
24818 P19450 2007 2 25 -6.715 150.1262 2007 9 23 -1.8778 154.5763 50 64
25081 P20640 2007 2 25 -6.4765 150.4049 2007 9 20 2.0182 161.386 50 80
25713 P20767 2007 2 26 -6.489 150.4272 2007 9 15 -3.3357 145.1637 46 52
25980 P20388 2007 2 26 -6.489 150.4272 2007 9 28 -3 150 50 61
26300 P20046 2007 2 27 -6.5877 150.2138 2007 9 16 -1 140.0667 50 52
26576 P21571 2007 2 27 -6.451 150.417 2007 9 14 -2.1646 157.631 49 59
26637 P21648 2007 2 27 -6.451 150.417 2007 9 19 -6.1548 163.8798 51 47
26813 P22340 2007 2 28 -6.3912 150.398 2007 9 8 -3.95 149.35 47 60
27146 P21289 2007 2 28 -6.3912 150.398 2007 9 29 4.2167 160.3667 47 56.8
27156 P21293 2007 2 28 -6.3912 150.398 2007 9 5 -1.9667 142.25 47 51
27641 P21959 2007 2 28 -6.3912 150.398 2007 9 6 -8.2503 158.7512 64 58
27820 P22112 2007 2 28 -6.3912 150.398 2007 9 16 -8.8124 158.5703 51 60
28013 P22945 2007 2 28 -6.485 150.4759 2007 9 4 -2.2814 141.9493 47 57
28332 P24922 2007 2 28 -6.3715 150.4878 2007 9 5 -3.6667 146.8167 49 52
29693 P24353 2007 3 2 -6.3767 150.3915 2007 9 24 -0.8275 153.3922 46 59
29747 P24384 2007 3 2 -6.3767 150.3915 2007 9 21 -8.1233 158.4383 43 48
29761 P24398 2007 3 2 -6.3767 150.3915 2007 9 7 -2.266 142.5296 47 45
30280 P23903 2007 3 2 -6.3767 150.3915 2007 9 24 -1.0672 153.0071 47 63
30406 P23495 2007 3 2 -6.3767 150.3915 2007 9 15 -1.3231 142.5251 48 49
30643 P31296 2007 3 2 -6.3767 150.3915 2007 9 5 -2.3 141.9667 50 51
31134 P31384 2007 3 6 -6.9 147.7283 2007 9 15 -2.1285 142.9383 39 49
31562 P25457 2007 3 7 -6.7912 149.9284 2007 9 10 -7.994 157.6926 46 40
31778 Z19506 2007 3 7 -6.6877 150.171 2007 9 4 -8.4188 156.2323 36 48
32053 P33707 2007 3 8 -6.68 150.3612 2007 9 24 -1.993 158.9598 50 69
33163 P30059 2007 3 9 -6.5744 150.282 2007 9 15 -3.0119 153.7608 53 NA
33008 P26643 2007 3 9 -6.5286 150.2167 2007 9 17 -2 140 50 52
33088 P26671 2007 3 9 -6.5286 150.2167 2007 9 23 -7.5783 157.035 46 50
33143 P27701 2007 3 9 -6.5286 150.2167 2007 9 20 -2.0923 158.7094 47 63
33170 P27712 2007 3 9 -6.5286 150.2167 2007 9 7 -1.1022 146.3825 51 55
33920 P26599 2007 3 13 -1.6397 150.6832 2007 9 16 -1.1667 142.25 45 45
33989 P26823 2007 3 13 -1.538 150.5963 2007 9 6 -8.5275 156.4139 42 50
34230 P26852 2007 3 13 -1.5567 150.7337 2007 9 20 2.0958 139.5042 45 NA
34532 P27672 2007 3 13 -1.5567 150.7337 2007 9 14 -1.0123 142.741 43 51
34770 P25374 2007 3 15 -1.4834 150.6484 2007 9 20 2.0958 139.5042 46 NA
35222 P28495 2007 3 17 -3.313 150.8965 2007 9 27 0.0046 156.7815 50 58
38443 Z21562 2007 3 24 -4.4267 150.65 2007 9 20 -2.3527 145.8158 39 50
38567 P29063 2007 3 24 -4.4267 150.65 2007 9 4 -2.6296 159.3838 46 38
38263 P27320 2007 3 24 -4.6067 150.5333 2007 9 4 -2.2814 141.9493 42 50
38308 P27216 2007 3 24 -4.6067 150.5333 2007 9 7 -3.068 157.0039 45 53
38597 Z22183 2007 3 24 -4.6067 150.5333 2007 9 18 -2.1427 145.7708 43 52
40615 P29387 2007 4 3 -2.9791 150.6379 2007 9 4 -2.2814 141.9493 43 54
40917 P31518 2007 4 8 -2.4278 148.8591 2007 9 15 -1.57 142.5285 42 47
40933 P31534 2007 4 8 -2.4278 148.8591 2007 9 1 -2.4354 156.7375 45 53
40991 Z22999 2007 4 8 -2.4278 148.8591 2007 9 29 -3.05 148.4833 36 49
41030 P32012 2007 4 8 -2.4278 148.8591 2007 9 19 -0.6438 168.5201 46 51
41160 P32072 2007 4 8 -2.5791 148.7711 2007 9 15 -3.0119 153.7608 41 NA
41513 P29481 2007 4 9 -2.3788 148.4305 2007 9 14 -3.7833 149.8 42 42
41518 P29762 2007 4 9 -2.3788 148.4305 2007 9 12 -0.756 144.3495 40 52
41680 Z23705 2007 4 9 -2.6443 147.8548 2007 9 18 -3.3167 145.4333 36 48
42108 Z23933 2007 4 10 -2.7897 148.4001 2007 9 2 -2.3531 142.3626 37 40
42255 Z23482 2007 4 10 -2.885 148.5286 2007 9 26 -2.435 144.407 37 50
42860 P29798 2007 4 10 -2.885 148.5286 2007 9 17 -3.6073 147.5977 39 83
42628 Z24215 2007 4 10 -3.0692 148.4646 2007 9 17 -2.891 144.3608 37 NA
43268 Z24587 2007 4 11 -3.5278 148.8452 2007 9 20 -2.3524 145.8156 36 40
43371 Z24602 2007 4 11 -3.5278 148.8452 2007 9 2 -2.3521 142.3606 37 40
43401 Z24632 2007 4 11 -3.5278 148.8452 2007 9 18 -3.8655 150.084 38 49
43481 Z24705 2007 4 11 -3.4345 148.661 2007 9 23 -5.4519 165.365 37 52
43806 Z24866 2007 4 12 -3.8383 148.0667 2007 9 24 -2.3944 144.1496 39 51
44002 Z25062 2007 4 12 -3.8383 148.0667 2007 9 13 -4.0833 150.0833 36 43
44283 Z27531 2007 4 12 -3.7199 148.5515 2007 9 15 -3.1905 144.8181 36 50
45276 P32453 2007 4 12 -3.7199 148.5515 2007 9 29 -3.05 148.4833 40 50
45398 Z26025 2007 4 13 -3.8228 149.0631 2007 9 7 -2.2664 142.5306 38 43
45738 P34713 2007 4 13 -3.8575 149.1967 2007 9 15 -1.4751 142.4206 40 47
46383 Z25996 2007 4 13 -3.97 149.2283 2007 9 18 -3.7417 147.6339 37 46
46546 Z26466 2007 4 13 -3.9692 149.3544 2007 9 7 -2.6348 142.5352 38 44
47200 Z26831 2007 4 14 -4.5343 151.0609 2007 9 13 -4.0833 150.0833 34 46
47575 Z27315 2007 4 16 -1.5774 150.8157 2007 9 29 -1.0504 143.4869 38 38
47639 Z27366 2007 4 16 -1.5774 150.8157 2007 9 2 -2.3533 142.3625 36 44
47793 P35249 2007 4 16 -1.5774 150.8157 2007 9 2 -2.3536 142.3625 39 37
47908 P35709 2007 4 16 -1.5774 150.8157 2007 9 19 3.4623 158.5295 42 52
48202 Z27115 2007 4 16 -1.5774 150.8157 2007 9 26 -1.9245 143.2533 37 50
48447 Z27199 2007 4 16 -1.6042 150.8283 2007 9 19 -3.85 150.4833 38 43
48469 P31841 2007 4 19 -2.6827 149.557 2007 9 4 -3.0553 145.2087 54 56
48700 P36214 2007 4 19 -2.6827 149.557 2007 9 17 3.7745 158.4581 49 53
48822 P36142 2007 4 19 -2.6827 149.557 2007 9 8 -3.95 149.35 44 49
48938 P36721 2007 4 19 -2.3492 148.6888 2007 9 24 -0.1105 145.6837 44 NA
49172 P36813 2007 4 19 -2.3655 148.444 2007 9 11 1.5 137 38 66
49537 P36699 2007 4 22 -1.6073 145.837 2007 9 2 -2.3533 142.3625 39 39
49610 Z27741 2007 4 23 -2.1693 144.8544 2007 9 2 -2.3535 142.3615 37 41
49737 Z27831 2007 4 23 -2.2296 144.7042 2007 9 15 -2.1273 142.9382 37 48
50040 Z27943 2007 4 23 -2.2296 144.7042 2007 9 2 -2.3532 142.3623 36 40
50045 Z27948 2007 4 23 -2.2296 144.7042 2007 9 2 -2.3534 142.3625 38 34
50059 Z27962 2007 4 23 -2.2296 144.7042 2007 9 2 -2.3533 142.3625 36 36
49896 P34849 2007 4 23 -2.2174 144.5852 2007 9 2 -2.3532 142.3615 37 40
50450 P37773 2007 4 24 -2.0732 144.4468 2007 9 2 -2.3531 142.3632 39 40
50559 P37461 2007 4 24 -2.0732 144.4468 2007 9 2 -2.3536 142.3626 38 52
50609 P37497 2007 4 24 -2.0732 144.4468 2007 9 18 -3.3167 145.4333 38 49
51727 P37522 2007 5 1 -4.9122 145.9136 2007 9 19 1 125 37 NA
52112 P38147 2007 5 1 -4.9122 145.9136 2007 9 11 1.5 137 37 65
52123 P38093 2007 5 1 -4.9122 145.9136 2007 9 8 0.0833 131.1833 39 48
52156 P38362 2007 5 1 -4.9122 145.9136 2007 9 7 -2.6348 142.5352 39 42
52216 P38388 2007 5 1 -4.9122 145.9136 2007 9 15 -3.8303 149.8104 38 NA
52669 P39632 2007 5 1 -4.9122 145.9136 2007 9 23 -2.3286 142.4179 40 48
52972 P39085 2007 5 1 -5.0885 145.9211 2007 9 15 -2.1279 142.9379 46 49
53261 P37837 2007 5 4 -4.7968 147.0649 2007 9 25 -2 141 39 52
53928 P39395 2007 5 4 -4.7968 147.0649 2007 9 30 0.0767 154.8699 41 40
53722 P39467 2007 5 4 -4.8368 147.1701 2007 9 11 -2.0747 141.923 39 56
54153 P37667 2007 5 4 -4.8368 147.1701 2007 9 24 0.0649 150.2852 45 45
54183 P37697 2007 5 4 -4.8368 147.1701 2007 9 7 -2.6348 142.5352 49 38
53839 P41060 2007 5 4 -4.7946 147.345 2007 9 18 -0.7593 146.7847 41 NA
54218 P41932 2007 5 4 -4.7946 147.345 2007 9 29 -2.7969 144.1843 44 48
55706 P40692 2007 5 9 -6.5238 150.418 2007 9 14 -3.7833 149.8 39 49
55839 P45896 2007 5 10 -6.7351 150.2933 2007 9 19 -1.7126 146.11 40 NA
55865 P45654 2007 5 10 -6.7351 150.2933 2007 9 2 -2.3532 142.3621 50 40
55943 P40307 2007 5 10 -6.7351 150.2933 2007 9 11 -2.0667 141.9167 46 54
56871 P42534 2007 5 11 -6.5538 152.3517 2007 9 29 4.2167 160.3667 48 57.9
57072 P42994 2007 5 11 -6.5538 152.3517 2007 9 15 -3.1901 144.8173 49 60
57255 P42796 2007 5 11 -6.4994 152.5367 2007 9 1 -4.6868 150.6773 47 58
57355 P43351 2007 5 11 -6.4994 152.5367 2007 9 6 -8.5279 156.4141 48 51
57465 P43109 2007 5 11 -6.4994 152.5367 2007 9 7 -0.9739 157.0177 47 52
57555 P43629 2007 5 11 -6.4994 152.5367 2007 9 5 -0.5795 147.7526 49 53
58276 P43940 2007 5 12 -6.4241 154.3551 2007 9 28 -0.8232 160.5031 39 65
58581 P44138 2007 5 13 -6.5205 154.5053 2007 9 8 -4.4421 159.7816 52 50
58665 P44326 2007 5 13 -6.5675 154.3773 2007 9 9 -2.8372 143.3796 50 NA
58748 P43708 2007 5 13 -6.5675 154.3773 2007 9 14 -1.2091 142.9921 48 NA
58939 P44468 2007 5 13 -6.5675 154.3773 2007 9 15 -1.3934 142.8253 47 52
59384 P45433 2007 5 14 -5.5516 155.4416 2007 9 24 4.6612 157.7836 46 52
59405 P44711 2007 5 14 -5.5516 155.4416 2007 9 4 -1.1138 151.0942 45 50
59737 P45324 2007 5 14 -5.3661 155.6964 2007 9 4 -1.1156 151.0947 44 50
60109 P45260 2007 5 15 -5.5388 155.618 2007 9 4 -8.3375 156.2069 44 34
60829 Y40421 2007 5 17 -5.5438 155.4608 2007 9 11 -4.1197 146.0393 46 52
61303 Y40597 2007 5 17 -5.5438 155.4608 2007 9 23 -1.8877 158.8414 44 55
61481 Y41065 2007 5 17 -5.5004 155.4604 2007 9 29 -2.7968 144.184 47 34
61768 Y40615 2007 5 17 -5.5004 155.4604 2007 9 22 3.4192 157.7577 56 58
62000 Y40713 2007 5 17 -5.5004 155.4604 2007 9 14 -1.1459 153.5857 48 54
62021 Y40723 2007 5 17 -5.5004 155.4604 2007 9 18 -3.3486 159.7261 46 41
62027 Y40725 2007 5 17 -5.5004 155.4604 2007 9 3 -3.0653 145.412 48 48
62061 Y40736 2007 5 17 -5.5004 155.4604 2007 9 7 -2.2083 142.3861 49 NA
62182 Y40786 2007 5 17 -5.5004 155.4604 2007 9 19 -3.2003 181.837 46 52
