73
id tag_no yr mo day lat lon yr_rec mo_rec day_rec lat_rec lon_rec len_rel len_rec
6120 SB00276 1978 1 31 -18.9167 178.4 1978 5 9 -17 178.8333 48 53
6123 SB01739 1978 2 1 -19.1 178.4 1978 5 7 -17.1667 179 50 55
6123 SB01740 1978 2 1 -19.1 178.4 1978 5 7 -17.1667 179 50 55
6130 SC02487 1978 2 5 -18.5667 177.8667 1978 5 16 -16 179 44 54
6133 SC03287 1978 2 6 -18.45 177.8 1978 5 13 -16 179 45 51
6137 SC03710 1978 2 9 -18.8833 179.2667 1978 5 29 -16.9167 179.1833 45 56
6140 SC04168 1978 2 10 -17.2167 180.7167 1978 5 16 -16 179 46 54
6140 SC04481 1978 2 10 -17.2167 180.7167 1978 5 14 -16 179 46 52
6155 SD01384 1978 4 3 -17.1833 180.7667 1978 5 29 -16.9167 179.1833 49 51
6162 SD02497 1978 4 5 -17 180.95 1978 5 15 -16 179 54 51
6162 SD02559 1978 4 5 -17 180.95 1978 5 22 -16 179 53 55
6163 SD02754 1978 4 5 -17 180.8167 1978 5 14 -16 179 55 53
6164 SD03403 1978 4 6 -16.9333 180.6 1978 5 13 -16 179 49 51
6164 SD03763 1978 4 6 -16.9333 180.6 1978 5 13 -16 179 50 51
6181 SE00908 1978 4 30 -20.8833 184.75 1978 5 3 -21.1667 184.5833 58 60
6181 SE01049 1978 4 30 -20.8833 184.75 1978 5 3 -21.1667 184.5833 59 60
6181 SE01068 1978 4 30 -20.8833 184.75 1978 5 3 -21.1667 184.5833 58 60
6181 SE01071 1978 4 30 -20.8833 184.75 1978 5 3 -21.1667 184.5833 58 60
6181 SE01099 1978 4 30 -20.8833 184.75 1978 5 6 -21.0833 184.5833 53 53
6181 SE01163 1978 4 30 -20.8833 184.75 1978 5 3 -21.1667 184.5833 55 60
6181 SE01304 1978 4 30 -20.8833 184.75 1978 5 6 -21.0833 184.5833 53 53
6181 SE01364 1978 4 30 -20.8833 184.75 1978 5 6 -21.0833 184.5833 58 60
6181 SE01370 1978 4 30 -20.8833 184.75 1978 5 6 -21.0833 184.5833 52 53
6208 SE01703 1978 5 18 -13.5167 183.9167 1978 5 18 -13.5167 183.9167 50 50
6208 SE01710 1978 5 18 -13.5167 183.9167 1978 5 18 -13.5167 183.9167 54 54
6208 SE01720 1978 5 18 -13.5167 183.9167 1978 5 18 -13.5167 183.9167 50 50
6208 SE01736 1978 5 18 -13.5167 183.9167 1978 5 18 -13.5167 183.9167 52 52
6208 SE01756 1978 5 18 -13.5167 183.9167 1978 5 18 -13.5167 183.9167 50 50
6208 SE01835 1978 5 18 -13.5167 183.9167 1978 5 18 -13.5167 183.9167 51 51
6208 SE01984 1978 5 18 -13.5167 183.9167 1978 5 18 -13.5167 183.9167 53 53
6208 SE01999 1978 5 18 -13.5167 183.9167 1978 5 24 -13.4833 183.85 50 48
6208 SE02035 1978 5 18 -13.5167 183.9167 1978 5 18 -13.5167 183.9167 56 56
6208 SE02043 1978 5 18 -13.5167 183.9167 1978 5 18 -13.5167 183.9167 51 51
6208 SE02075 1978 5 18 -13.5167 183.9167 1978 5 18 -13.5167 183.9167 52 52
6208 SE02238 1978 5 18 -13.5167 183.9167 1978 5 18 -13.5167 183.9167 53 53
6210 SE02503 1978 5 19 -13.4 183.8333 1978 5 19 -13.5 183.9167 51 0
6210 SE02587 1978 5 19 -13.4 183.8333 1978 5 19 -13.5 183.9167 51 0
6209 SE02680 1978 5 18 -13.5667 183.8 1978 5 18 -13.5667 183.8 51 51
6209 SE02796 1978 5 18 -13.5667 183.8 1978 5 19 -13.4 183.8333 50 51
6212 SE03517 1978 5 19 -13.5 183.9167 1978 5 26 -13.1667 183.7 50 0
6212 SE04345 1978 5 19 -13.5 183.9167 1978 5 19 -13.5167 183.8667 52 50
6183 SK10254 1978 5 6 -13.4333 183.9667 1978 5 6 -13.4333 183.9667 54 54
6183 SK10271 1978 5 6 -13.4333 183.9667 1978 5 6 -13.4333 183.9667 55 55
6183 SK10465 1978 5 6 -13.4333 183.9667 1978 5 16 -13.5 183.9167 48 0
6183 SK10572 1978 5 6 -13.4333 183.9667 1978 5 6 -13.4333 183.9667 54 54
6186 SK11611 1978 5 12 -13.4167 183.8167 1978 5 16 -13.4167 183.85 52 50
6193 SK12125 1978 5 13 -13.2167 183.75 1978 5 13 -13.2167 183.75 65 65
6193 SK12147 1978 5 13 -13.2167 183.75 1978 5 13 -13.2167 183.75 64 64
6194 SK13260 1978 5 15 -13.15 183.6333 1978 5 13 -13.4667 183.6667 64 61
6198 SK12530 1978 5 15 -13.3833 183.7833 1978 5 15 -13.15 183.6333 52 58
6200 SK12915 1978 5 15 -13.15 183.6333 1978 5 15 -13.15 183.6333 59 63
6200 SK13011 1978 5 15 -13.15 183.6333 1978 5 15 -13.15 183.6333 60 64
6204 SK13685 1978 5 16 -13.4167 183.85 1978 5 16 -13.4167 183.85 55 55
6205 SK13783 1978 5 16 -13.5 183.9167 1978 5 19 -13.4667 183.8833 52 52
6205 SK14146 1978 5 16 -13.5 183.9167 1978 5 16 -13.5 183.9167 52 52
6205 SK14279 1978 5 16 -13.5 183.9167 1978 5 16 -13.5 183.9167 51 51
6207 SK14910 1978 5 17 -13.4833 183.8833 1978 5 17 -13.4833 183.8833 51 51
6207 SK15276 1978 5 17 -13.4833 183.8833 1978 5 18 -13.5167 183.9167 53 52
6207 SK15328 1978 5 17 -13.4833 183.8833 1978 5 17 -13.4833 183.8833 52 52
6207 SK15420 1978 5 17 -13.4833 183.8833 1978 5 18 -13.5167 183.9167 51 52
6207 SK15449 1978 5 17 -13.4833 183.8833 1978 5 18 -13.5167 183.9167 53 0
6217 SK17578 1978 5 20 -13.2833 183.7333 1978 5 20 -13.2833 183.7333 51 0
6217 SK17789 1978 5 20 -13.2833 183.7333 1978 5 20 -13.2833 183.7333 50 50
6217 SK17797 1978 5 20 -13.2833 183.7333 1978 5 20 -13.2833 183.7333 53 53
6217 SK17841 1978 5 20 -13.2833 183.7333 1978 5 20 -13.2833 183.7333 51 51
6217 SK17848 1978 5 20 -13.2833 183.7333 1978 5 20 -13.2833 183.7333 51 51
6217 SK17997 1978 5 20 -13.2833 183.7333 1978 5 20 -13.2833 183.7333 50 51
6217 SK18101 1978 5 20 -13.2833 183.7333 1978 5 21 -13.5333 183.8333 51 0
6217 SK18265 1978 5 20 -13.2833 183.7333 1978 5 21 -13.5333 183.8333 51 0
6218 SK18342 1978 5 21 -13.5333 183.8333 1978 5 21 -13.5333 183.8333 50 50
6217 SK18412 1978 5 20 -13.2833 183.7333 1978 5 20 -13.2833 183.7333 52 52
6217 SK18482 1978 5 20 -13.2833 183.7333 1978 5 20 -13.2833 183.7333 51 51
78735 4240 1978 3 23 -16.28 211.63 1978 5 6 -18.05 210.83 49 NA
