189
id tag_no yr mo day lat lon yr_rec mo_rec day_rec lat_rec lon_rec len_rel len_rec
6205 SK14184 1978 5 16 -13.5 183.9167 1980 7 20 -17.3333 179.8333 52 0
6228 SK19722 1978 5 29 -14.0833 182.0333 1980 7 30 2.7 182.8333 50 64
6255 SF00027 1978 6 29 -8.2 178.6333 1980 7 13 3.3333 185.75 37 64
6280 SK25997 1978 7 16 2.95 172.75 1980 7 4 5.9333 197.65 48 65
6284 SK27227 1978 7 22 3 172.8 1980 7 2 2.9667 185.1333 48 57
6288 SK27490 1978 7 23 3.0833 172.6333 1980 7 7 4.1 176.9667 50 0
6416 SB02223 1979 1 28 -16.8333 208.8 1980 7 3 -17.4167 210.0833 53 57
6458 SK04989 1979 3 22 -37.8333 174.1833 1980 7 15 -18.5 177.8333 45 0
6508 SK09433 1979 4 9 -34.9667 151.0833 1980 7 2 2.8333 177.3 46 64
6540 SK35646 1979 5 20 -7.6 149.7833 1980 7 15 -8.5 156.5 49 62
6540 SK36067 1979 5 20 -7.6 149.7833 1980 7 12 -8.5 159.5 51 62
6546 SK36507 1979 5 28 -3.4167 150.85 1980 7 11 -8.5 156.5 53 60
6587 SK38136 1979 6 15 -1.4167 147 1980 7 7 3.1333 186.8 52 63
6556 SK39831 1979 5 31 -4.1333 152.5667 1980 7 16 -3.25 151.8333 46 58
6580 SK41618 1979 6 8 -3.75 150.8 1980 7 15 -8.5 156.5 55 63
6569 SK41776 1979 6 3 -4 150.9833 1980 7 3 4.4333 180.9167 54 60
6610 SK42188 1979 6 26 -2.05 149.9167 1980 7 29 1.7 182.5833 55 65
6602 SK42706 1979 6 23 -3.3333 151.0333 1980 7 30 2.05 182.7333 57 62
6610 SK42879 1979 6 26 -2.05 149.9167 1980 7 12 3.25 183.5667 55 59
6611 SK42928 1979 6 27 -1.8833 149.8333 1980 7 15 -3.5833 152.9167 49 63
6611 SK42958 1979 6 27 -1.8833 149.8333 1980 7 6 -4.0833 151.85 49 58
6615 1B11053 1979 11 7 17.6 145.7333 1980 7 9 21.8667 147.7167 49 58
6617 1B11329 1979 11 10 8.6833 152.1333 1980 7 17 3.8667 188 54 66
6636 1B10072 1979 11 28 3.2 172.5833 1980 7 4 6.2 197.6167 61 71
6640 1B13768 1979 12 2 -3.5833 185.75 1980 7 30 1.2833 172.6 40 51
6806 1C18782 1980 4 11 -18.5833 177.8167 1980 7 15 -18.5 177.8333 54 0
6806 1C18783 1980 4 11 -18.5833 177.8167 1980 7 15 -18.5 177.8333 54 0
6809 1C19584 1980 4 12 -18.5833 177.8167 1980 7 15 -19.25 178.3333 53 0
6844 1E10460 1980 4 23 -15.75 179.0167 1980 7 11 -13 177.3333 48 50
6799 2B24775 1980 4 10 -18.5667 177.85 1980 7 1 -8 177.5 48 0
6803 2B25812 1980 4 11 -18.5667 177.8167 1980 7 3 -18.5 177.8333 41 46
6803 2B26148 1980 4 11 -18.5667 177.8167 1980 7 2 -18.5 177.8333 43 57
6809 2C21464 1980 4 12 -18.5833 177.8167 1980 7 2 -18.5 177.8333 55 60
6809 2C21465 1980 4 12 -18.5833 177.8167 1980 7 2 -18.5 177.8333 55 60
6815 2C21988 1980 4 13 -18.6333 177.5833 1980 7 16 -18.5 177.8333 49 49
6815 2C21989 1980 4 13 -18.6333 177.5833 1980 7 16 -18.5 177.8333 49 49
6824 2C23649 1980 4 15 -18.45 177.6333 1980 7 15 -18.5 177.8333 49 0
6824 2C23650 1980 4 15 -18.45 177.6333 1980 7 15 -18.5 177.8333 49 0
6828 2C24233 1980 4 16 -18.2 179.4833 1980 7 20 -17.3333 179.8333 55 58
6832 2C25710 1980 4 17 -17.6667 176.9667 1980 7 2 -18.5 177.8333 51 47
6832 2C25711 1980 4 17 -17.6667 176.9667 1980 7 2 -18.5 177.8333 51 47
6842 2C29248 1980 4 22 -15.9167 179.05 1980 7 15 -19.25 178.3333 50 0
6851 SK43500 1980 4 24 -16.0833 178.9667 1980 7 20 -17.3333 179.8333 43 0
6876 1E10768 1980 6 11 -7.7333 158.1833 1980 7 22 -7.85 157.6667 49 51
6876 1E11021 1980 6 11 -7.7333 158.1833 1980 7 22 -7.8667 157.8 45 47
6876 1E11092 1980 6 11 -7.7333 158.1833 1980 7 20 -8 158 46 49
6877 1E11126 1980 6 12 -7.5 157.4333 1980 7 9 -8 158 60 60
6877 1E11129 1980 6 12 -7.5 157.4333 1980 7 25 -7.5 157 57 58
6876 1E11220 1980 6 11 -7.7333 158.1833 1980 7 25 -7.5 157 46 49
6876 1E11255 1980 6 11 -7.7333 158.1833 1980 7 11 -8.5 156.5 56 51
6877 1E11380 1980 6 12 -7.5 157.4333 1980 7 11 -8.5 156.5 61 60
6877 1E11392 1980 6 12 -7.5 157.4333 1980 7 20 -8 158 54 55
6885 1E11657 1980 6 17 -8.5167 159.4667 1980 7 6 -8.6667 159.5833 51 52
6885 1E11797 1980 6 17 -8.5167 159.4667 1980 7 23 -8 158 54 56
6880 1E11822 1980 6 14 -7.6167 156.2667 1980 7 18 -7.5 157 52 55
6887 1E11935 1980 6 18 -8.6667 159.6 1980 7 12 -8.5 159.5 46 46
6887 1E11951 1980 6 18 -8.6667 159.6 1980 7 9 -8.5 159 50 49
6887 1E11979 1980 6 18 -8.6667 159.6 1980 7 30 -8.5 160 46 46
6885 1E12036 1980 6 17 -8.5167 159.4667 1980 7 17 -9 158.5 59 57
6885 1E12073 1980 6 17 -8.5167 159.4667 1980 7 17 -8 158 56 56
6885 1E12099 1980 6 17 -8.5167 159.4667 1980 7 6 -8.5 159.5 57 60
6885 1E12181 1980 6 17 -8.5167 159.4667 1980 7 28 -9 158.5 56 57
6887 1E12314 1980 6 18 -8.6667 159.6 1980 7 6 -8.5 159.5 43 42
6887 1E12333 1980 6 18 -8.6667 159.6 1980 7 7 -8.5 159 43 45
6887 1E12396 1980 6 18 -8.6667 159.6 1980 7 21 -8 158 41 43
6885 1E12405 1980 6 17 -8.5167 159.4667 1980 7 12 -8.5 159.5 55 59
6885 1E12416 1980 6 17 -8.5167 159.4667 1980 7 23 -8 158 55 55
6885 1E12429 1980 6 17 -8.5167 159.4667 1980 7 9 -8 156.4167 55 56
6887 1E12450 1980 6 18 -8.6667 159.6 1980 7 25 -7.5 157 43 45
6887 1E12484 1980 6 18 -8.6667 159.6 1980 7 6 -8.5 159.5 46 46
6887 1E12551 1980 6 18 -8.6667 159.6 1980 7 6 -8.5 159.5 45 44
6887 1E12552 1980 6 18 -8.6667 159.6 1980 7 4 -9 159 44 44
6887 1E12571 1980 6 18 -8.6667 159.6 1980 7 6 -8.5 159.5 43 43
6887 1E12597 1980 6 18 -8.6667 159.6 1980 7 3 -8 158 42 42
6887 1E12732 1980 6 18 -8.6667 159.6 1980 7 6 -8.5 159 44 46
6887 1E12787 1980 6 18 -8.6667 159.6 1980 7 6 -8.5 159.5 44 44
6887 1E12828 1980 6 18 -8.6667 159.6 1980 7 17 -8 158 48 48
6887 1E12863 1980 6 18 -8.6667 159.6 1980 7 6 -8.5 159.5 43 41
6887 1E12878 1980 6 18 -8.6667 159.6 1980 7 6 -8.5 159.5 43 40
6887 1E12948 1980 6 18 -8.6667 159.6 1980 7 22 -7.85 157.8 48 48
6887 1E12950 1980 6 18 -8.6667 159.6 1980 7 6 -8.5 159 45 46
6887 1E12996 1980 6 18 -8.6667 159.6 1980 7 6 -8.5 159.5 44 45
6887 1E13036 1980 6 18 -8.6667 159.6 1980 7 6 -8.5 159.5 46 46
6887 1E13047 1980 6 18 -8.6667 159.6 1980 7 17 -8.5 157 46 0
6887 1E13073 1980 6 18 -8.6667 159.6 1980 7 25 -7.5 157 44 44
6887 1E13098 1980 6 18 -8.6667 159.6 1980 7 6 -8.5 159.5 43 43
6887 1E13101 1980 6 18 -8.6667 159.6 1980 7 25 -8.5 159 59 58
6887 1E13106 1980 6 18 -8.6667 159.6 1980 7 2 -8.5 160 39 39
6887 1E13416 1980 6 18 -8.6667 159.6 1980 7 6 -8.5 159.5 46 45
6887 1E13430 1980 6 18 -8.6667 159.6 1980 7 6 -8.5 159.5 44 45
6887 1E13448 1980 6 18 -8.6667 159.6 1980 7 3 -8 158 42 43
6887 1E13471 1980 6 18 -8.6667 159.6 1980 7 6 -8.5 159.5 44 45
6891 1E13557 1980 6 20 -8.15 160.2667 1980 7 6 -8.6667 159.5833 61 62
6887 1E13620 1980 6 18 -8.6667 159.6 1980 7 6 -8.5 159.5 44 44
6887 1E13631 1980 6 18 -8.6667 159.6 1980 7 10 -8 160 45 45
6887 1E13702 1980 6 18 -8.6667 159.6 1980 7 8 -9 159 46 46
6887 1E13740 1980 6 18 -8.6667 159.6 1980 7 9 -8.5 159 42 43
6887 1E13794 1980 6 18 -8.6667 159.6 1980 7 6 -8.5 159.5 44 43
6887 1E13821 1980 6 18 -8.6667 159.6 1980 7 15 -7.5 157.5 45 47
6887 1E13916 1980 6 18 -8.6667 159.6 1980 7 6 -8.5 159.5 44 45
6894 1E13994 1980 6 21 -8.2167 160.4 1980 7 3 -9 160.5 53 53
6894 1E13995 1980 6 21 -8.2167 160.4 1980 7 6 -8.5 159.5 60 63
6890 1E14062 1980 6 20 -8.1167 160.1833 1980 7 13 -9 159.5 55 54
6894 1E14294 1980 6 21 -8.2167 160.4 1980 7 3 -9 160.5 53 52
6894 1E14699 1980 6 21 -8.2167 160.4 1980 7 2 -8.5 160 56 44
6897 1E14773 1980 6 23 -9.2 159.5833 1980 7 8 -9 159 60 60
6895 1E14943 1980 6 22 -8.1167 160.3333 1980 7 4 -8.5 160 58 42
6895 1E18017 1980 6 22 -8.1167 160.3333 1980 7 6 -8.5 159.5 59 58
6904 1E14795 1980 7 18 7.1167 158.3 1980 7 23 7.1 158.25 61 61
6904 1E18247 1980 7 18 7.1167 158.3 1980 7 21 7.0833 158.2333 63 61
6904 1E18269 1980 7 18 7.1167 158.3 1980 7 18 7.1167 158.3 63 63
6904 1E18291 1980 7 18 7.1167 158.3 1980 7 23 7.0833 158.3 61 61
6904 1E18381 1980 7 18 7.1167 158.3 1980 7 20 7.0833 158.2667 62 62
6904 1E18384 1980 7 18 7.1167 158.3 1980 7 23 7.0833 158.3 59 58
6904 1E18450 1980 7 18 7.1167 158.3 1980 7 24 7.1167 158.2833 63 63
6904 1E18502 1980 7 18 7.1167 158.3 1980 7 23 6.8833 158.3833 62 63
6904 1E18545 1980 7 18 7.1167 158.3 1980 7 18 7.1167 158.3 59 60
6904 1E18574 1980 7 18 7.1167 158.3 1980 7 24 7.1167 158.2833 65 63
6904 1E18583 1980 7 18 7.1167 158.3 1980 7 21 7.0833 158.2333 60 60
6904 1E18584 1980 7 18 7.1167 158.3 1980 7 25 7.0667 158.2 64 64
6904 1E18585 1980 7 18 7.1167 158.3 1980 7 24 7.1167 158.2833 64 63
6904 1E18673 1980 7 18 7.1167 158.3 1980 7 24 7.1167 158.2833 64 64
6904 1E18718 1980 7 18 7.1167 158.3 1980 7 20 7.0833 158.2667 63 63
6904 1E18723 1980 7 18 7.1167 158.3 1980 7 21 7.0833 158.2333 62 62
6904 1E18740 1980 7 18 7.1167 158.3 1980 7 18 7.1167 158.3 61 61
6904 1E18757 1980 7 18 7.1167 158.3 1980 7 21 7.0833 158.2333 62 62
6904 1E18780 1980 7 18 7.1167 158.3 1980 7 23 7.0833 158.3 61 61
6904 1E18836 1980 7 18 7.1167 158.3 1980 7 18 7.1167 158.3 63 63
6904 1E18848 1980 7 18 7.1167 158.3 1980 7 21 7.0833 158.2333 63 63
6904 1E18947 1980 7 18 7.1167 158.3 1980 7 21 7.0833 158.2333 63 63
6904 1E18950 1980 7 18 7.1167 158.3 1980 7 23 7.0833 158.3 66 66
6904 1E18976 1980 7 18 7.1167 158.3 1980 7 24 7.1167 158.2833 64 64
6904 1E18978 1980 7 18 7.1167 158.3 1980 7 24 7.1167 158.2833 64 64
6904 1E18992 1980 7 18 7.1167 158.3 1980 7 18 7.1167 158.3 64 63
6904 1E19002 1980 7 18 7.1167 158.3 1980 7 23 7.0833 158.3 62 62
6904 1E19006 1980 7 18 7.1167 158.3 1980 7 18 7.1167 158.3 65 63
6904 1E19013 1980 7 18 7.1167 158.3 1980 7 21 7.0833 158.2333 63 0
6904 1E19014 1980 7 18 7.1167 158.3 1980 7 18 7.1167 158.3 62 60
6904 1E19016 1980 7 18 7.1167 158.3 1980 7 24 7.1167 158.2833 62 62
6904 1E19032 1980 7 18 7.1167 158.3 1980 7 18 7.1167 158.3 62 62
6904 1E19046 1980 7 18 7.1167 158.3 1980 7 18 7.1167 158.3 63 62
6904 1E19054 1980 7 18 7.1167 158.3 1980 7 18 7.1167 158.3 64 62
6904 1E19069 1980 7 18 7.1167 158.3 1980 7 24 7.1167 158.2833 64 64
6904 1E19073 1980 7 18 7.1167 158.3 1980 7 23 6.8833 158.3833 63 63
6905 1E19170 1980 7 19 6.9833 158.4 1980 7 21 7.0833 158.2333 62 62
6905 1E19182 1980 7 19 6.9833 158.4 1980 7 24 7.1167 158.2833 63 64
6904 1E19233 1980 7 18 7.1167 158.3 1980 7 20 7.0833 158.2667 64 63
6904 1E19257 1980 7 18 7.1167 158.3 1980 7 21 7.0833 158.2333 63 62
6904 1E19306 1980 7 18 7.1167 158.3 1980 7 25 7.0667 158.2 62 62
6905 1E19326 1980 7 19 6.9833 158.4 1980 7 19 6.9833 158.4 61 61
6905 1E19358 1980 7 19 6.9833 158.4 1980 7 24 7.1167 158.2833 66 65
6905 1E19417 1980 7 19 6.9833 158.4 1980 7 19 6.9833 158.4 63 62
6905 1E19439 1980 7 19 6.9833 158.4 1980 7 19 6.9833 158.4 64 63
6905 1E19463 1980 7 19 6.9833 158.4 1980 7 19 6.9833 158.4 64 63
6905 1E19464 1980 7 19 6.9833 158.4 1980 7 19 6.9833 158.4 66 64
6905 1E19730 1980 7 19 6.9833 158.4 1980 7 19 6.9833 158.4 67 64
6905 1E19758 1980 7 19 6.9833 158.4 1980 7 24 7.1167 158.2833 64 63
6908 2E20339 1980 7 20 7.05 157.9167 1980 7 21 7.05 157.9167 53 53
6910 2E20653 1980 7 20 7.0833 158.2667 1980 7 20 7.0833 158.2667 59 61
6911 2E20872 1980 7 21 7.0833 158.2333 1980 7 23 7.1 158.25 62 61
6911 2E20982 1980 7 21 7.0833 158.2333 1980 7 23 7.1 158.25 63 64
6911 2E20983 1980 7 21 7.0833 158.2333 1980 7 21 7.0833 158.2333 62 63
6911 2E21307 1980 7 21 7.0833 158.2333 1980 7 24 7.1167 158.2833 63 62
6911 2E21367 1980 7 21 7.0833 158.2333 1980 7 31 7.1 158.3333 65 70
170123 4689 1980 4 12 6.08 275.3 1980 7 20 -0.78 279.27 51.5 NA
170028 4690 1980 4 12 6.08 275.3 1980 7 4 1.73 280.28 51.5 55.5
170207 4694 1980 4 12 6.08 275.3 1980 7 28 1.92 279.15 50.5 45
170237 4697 1980 4 13 5.92 275.32 1980 7 5 2.13 280.85 49.5 54.8
170326 4698 1980 4 13 5.92 275.32 1980 7 1 2.8 281.25 50.5 NA
170342 4700 1980 4 13 5.92 275.32 1980 7 9 1.75 280.33 50.5 NA
171788 4701 1980 4 13 5.87 275.07 1980 7 15 2.83 279.53 52.5 65.9
171951 4704 1980 4 14 5.87 274.93 1980 7 1 2.8 281.25 45.5 NA
172085 4706 1980 4 14 5.87 274.93 1980 7 15 2.83 279.53 46.5 NA
172148 4709 1980 4 14 5.87 274.93 1980 7 16 2.43 278.73 46.5 60
172348 4713 1980 4 15 5.68 272.97 1980 7 25 2.45 280.25 51.5 41
172423 4715 1980 4 15 5.68 272.97 1980 7 28 1.92 279.15 51.5 47
172493 4718 1980 4 15 5.68 272.97 1980 7 25 2.45 280.25 50.5 60.1
172547 4719 1980 4 15 5.68 272.97 1980 7 4 1.67 280.25 55.4 61
172639 4724 1980 4 15 5.68 272.97 1980 7 5 1.67 280.28 51.5 59.8
172977 4738 1980 4 19 5.72 274.8 1980 7 5 2.17 280.87 48.4 44
173081 4741 1980 4 19 5.72 274.8 1980 7 25 2.05 279.67 52.5 41
173117 4742 1980 4 19 5.72 274.8 1980 7 24 2.45 280.25 50.4 60
173145 4743 1980 4 19 5.72 274.8 1980 7 5 2.3 280.8 47.4 45
173183 4745 1980 4 19 5.72 274.8 1980 7 25 2.45 280.25 48.4 64
173353 4751 1980 4 19 5.72 274.8 1980 7 30 1.8 279.03 47.4 50
173673 4755 1980 4 20 5.65 274.72 1980 7 30 -0.17 279.57 53.5 56.2
173738 4759 1980 4 20 5.65 274.72 1980 7 2 1.17 280.28 51.3 47
173785 4760 1980 4 20 5.65 274.72 1980 7 7 2.77 281.27 47.3 51
173839 4763 1980 4 20 5.65 274.72 1980 7 5 2.13 280.85 47.5 50.7
