8
id tag_no yr mo day lat lon yr_rec mo_rec day_rec lat_rec lon_rec len_rel len_rec
S4576 539 1990 9 15 20.6667 148.4667 1991 5 9 32.9333 143.7833 38 78
YZ24641 540 1990 9 16 17.4667 148.25 1991 5 26 33.0833 143.3333 38.5 47.7
YZ24744 543 1990 9 16 17.4667 148.25 1991 5 2 3.3 133.2667 38.5 55
YZ26387 545 1990 12 5 6.2667 144.3833 1991 5 20 4.3833 136.3833 45 48
S4588 548 1990 9 15 20.6667 148.4667 1991 5 1 3.0833 132.9 38 52.2
S4192 554 1990 9 15 20.6667 148.4667 1991 5 1 8.5667 153.0833 38 NA
6012 571 1990 4 29 28.4833 143.1333 1991 5 26 27.3 137 37.5 59.9
45377 605 1989 9 9 36.5333 144.9167 1991 5 12 32.8 144.6667 35.5 NA
