595
id tag_no yr mo day lat lon yr_rec mo_rec day_rec lat_rec lon_rec len_rel len_rec
6164 SD03017 1978 4 6 -16.9333 180.6 1979 6 14 -15.6833 179.8667 48 51
6303 SF01948 1978 10 5 24.05 141.8667 1979 6 18 3 139 44 55
6298 SK29220 1978 8 6 7.1833 157.6833 1979 6 14 3.7333 186.3167 50 63
6339 SH00943 1978 12 14 -16.7667 208.9333 1979 6 8 -17.5 210.25 52 55
6368 SH01880 1978 12 31 -17.45 210.2167 1979 6 20 -17.6667 210 54 0
6346 SK31780 1978 12 16 -14.8 211.9167 1979 6 2 -17.5 210.25 51 55
6436 SK02786 1979 3 2 -35.4 174.9 1979 6 17 -15.9333 179.6833 46 51
6543 SK35288 1979 5 27 -3.4167 151.1667 1979 6 30 -3.0667 151.1333 56 58
6543 SK35296 1979 5 27 -3.4167 151.1667 1979 6 29 -4.1667 152.2667 56 55
6540 SK35644 1979 5 20 -7.6 149.7833 1979 6 10 -3.5333 152.3 53 51
6540 SK35653 1979 5 20 -7.6 149.7833 1979 6 15 0.8333 137.4167 52 51
6543 SK35977 1979 5 27 -3.4167 151.1667 1979 6 28 -1.9667 150.1167 58 59
6543 SK35999 1979 5 27 -3.4167 151.1667 1979 6 24 -3.25 150.8833 58 59
6543 SK36000 1979 5 27 -3.4167 151.1667 1979 6 29 -4.75 150.8667 60 61
6543 SK36157 1979 5 27 -3.4167 151.1667 1979 6 25 -3.2333 150.8833 56 56
6543 SK36173 1979 5 27 -3.4167 151.1667 1979 6 3 -2.1667 150.25 63 62
6543 SK36216 1979 5 27 -3.4167 151.1667 1979 6 24 -3.25 150.8833 56 57
6543 SK36259 1979 5 27 -3.4167 151.1667 1979 6 22 -2.9833 150.1167 54 55
6543 SK36261 1979 5 27 -3.4167 151.1667 1979 6 28 -3.2 151.2167 55 55
6543 SK36266 1979 5 27 -3.4167 151.1667 1979 6 24 -3.25 150.95 55 56
6545 SK36318 1979 5 27 -3.45 151.0833 1979 6 29 -4.1667 151.0167 56 57
6545 SK36331 1979 5 27 -3.45 151.0833 1979 6 21 -2.8667 150.5167 56 55
6545 SK36340 1979 5 27 -3.45 151.0833 1979 6 27 -4.3333 150.8667 56 56
6543 SK36439 1979 5 27 -3.4167 151.1667 1979 6 25 -4.1667 152.2667 54 54
6543 SK36455 1979 5 27 -3.4167 151.1667 1979 6 22 -4.3333 150.9167 54 56
6543 SK36460 1979 5 27 -3.4167 151.1667 1979 6 29 -4.1667 151.0167 54 55
6543 SK36493 1979 5 27 -3.4167 151.1667 1979 6 7 -4.1333 152.55 57 55
6543 SK36494 1979 5 27 -3.4167 151.1667 1979 6 29 -4.1667 152.5167 62 63
6546 SK36528 1979 5 28 -3.4167 150.85 1979 6 30 -3.8667 151.1667 53 54
6547 SK36551 1979 5 28 -3.4667 150.8833 1979 6 20 -3.3 150.6167 55 55
6550 SK36567 1979 5 30 -4.1833 152.55 1979 6 25 -3.2667 150.9 47 49
6551 SK36573 1979 5 30 -4.2167 152.5667 1979 6 6 -4 151.7 55 55
6552 SK36594 1979 5 30 -4.25 152.6 1979 6 12 -4.1667 152.6 52 53
6552 SK36597 1979 5 30 -4.25 152.6 1979 6 11 -4.1667 152.4333 52 51
6543 SK36634 1979 5 27 -3.4167 151.1667 1979 6 20 -3.2833 150.8667 56 57
6543 SK36639 1979 5 27 -3.4167 151.1667 1979 6 18 -4.3333 150.9167 55 56
6543 SK36641 1979 5 27 -3.4167 151.1667 1979 6 23 -3.1 150.2167 58 55
6543 SK36650 1979 5 27 -3.4167 151.1667 1979 6 28 -4.1667 151.0167 55 54
6543 SK36654 1979 5 27 -3.4167 151.1667 1979 6 28 -2.3 149.8667 55 57
6543 SK36664 1979 5 27 -3.4167 151.1667 1979 6 24 -4.1667 151.0167 57 56
6543 SK36678 1979 5 27 -3.4167 151.1667 1979 6 30 -3.0667 151.1333 56 57
6543 SK36686 1979 5 27 -3.4167 151.1667 1979 6 24 -4.1667 151.0167 56 55
6544 SK36744 1979 5 27 -3.5 151.0833 1979 6 24 -4.1667 151.0167 56 55
6544 SK36747 1979 5 27 -3.5 151.0833 1979 6 29 -4.1667 152.5167 56 57
6544 SK36770 1979 5 27 -3.5 151.0833 1979 6 28 -3.2167 151.1 56 56
6545 SK36781 1979 5 27 -3.45 151.0833 1979 6 24 -3.25 150.95 56 57
6545 SK36792 1979 5 27 -3.45 151.0833 1979 6 22 -4.1667 151.1833 54 54
6543 SK36810 1979 5 27 -3.4167 151.1667 1979 6 24 -3.25 150.95 56 56
6544 SK36841 1979 5 27 -3.5 151.0833 1979 6 17 -4.1667 152.7667 52 53
6544 SK36847 1979 5 27 -3.5 151.0833 1979 6 30 -4.1667 152.7667 55 54
6544 SK36849 1979 5 27 -3.5 151.0833 1979 6 18 -2.2167 149.9667 58 59
6545 SK36874 1979 5 27 -3.45 151.0833 1979 6 24 -4.1667 151.1 55 55
6545 SK36910 1979 5 27 -3.45 151.0833 1979 6 17 -3.2333 150.8667 56 57
6545 SK36945 1979 5 27 -3.45 151.0833 1979 6 22 -2.9833 150.1167 56 56
6545 SK36953 1979 5 27 -3.45 151.0833 1979 6 30 -3.2667 151.1167 55 52
6545 SK36984 1979 5 27 -3.45 151.0833 1979 6 20 -3.2833 150.8667 55 54
6545 SK37029 1979 5 27 -3.45 151.0833 1979 6 19 -2.9833 150.5 54 56
6545 SK37088 1979 5 27 -3.45 151.0833 1979 6 17 -4.1667 152.7667 56 56
6545 SK37100 1979 5 27 -3.45 151.0833 1979 6 28 -3.2 151.2167 55 55
6546 SK37138 1979 5 28 -3.4167 150.85 1979 6 25 -3.1333 151.1167 55 55
6546 SK37171 1979 5 28 -3.4167 150.85 1979 6 21 -4.4167 151.2833 56 55
6545 SK37210 1979 5 27 -3.45 151.0833 1979 6 21 -2.9167 150.0167 57 54
6546 SK37244 1979 5 28 -3.4167 150.85 1979 6 24 -3.2833 150.9333 56 58
6546 SK37246 1979 5 28 -3.4167 150.85 1979 6 17 -4.1667 152.7667 56 58
6546 SK37253 1979 5 28 -3.4167 150.85 1979 6 23 -1.8833 150.7167 57 57
6546 SK37278 1979 5 28 -3.4167 150.85 1979 6 18 -3.2333 150.9 55 52
6546 SK37287 1979 5 28 -3.4167 150.85 1979 6 20 -4.1667 150.9333 57 53
6546 SK37315 1979 5 28 -3.4167 150.85 1979 6 22 -3.1333 151.1 56 57
6546 SK37346 1979 5 28 -3.4167 150.85 1979 6 29 -3.25 149.9167 53 55
6546 SK37353 1979 5 28 -3.4167 150.85 1979 6 14 -4.1667 152.4333 53 57
6546 SK37389 1979 5 28 -3.4167 150.85 1979 6 18 -3.2333 150.9 54 56
6546 SK37405 1979 5 28 -3.4167 150.85 1979 6 30 -3.0167 150.8833 57 57
6546 SK37408 1979 5 28 -3.4167 150.85 1979 6 29 -4.1667 152.2667 55 53
6546 SK37424 1979 5 28 -3.4167 150.85 1979 6 26 -3.2667 151.1167 54 54
6546 SK37425 1979 5 28 -3.4167 150.85 1979 6 29 -4.1667 151.0167 56 56
6546 SK37509 1979 5 28 -3.4167 150.85 1979 6 20 -4.1667 151.25 57 55
6546 SK37515 1979 5 28 -3.4167 150.85 1979 6 28 -3.5 151.1667 59 53
6547 SK37536 1979 5 28 -3.4667 150.8833 1979 6 28 -3.2667 150.9333 55 56
6547 SK37555 1979 5 28 -3.4667 150.8833 1979 6 14 -4.1667 152.4333 55 55
6548 SK37572 1979 5 29 -3.2333 150.85 1979 6 1 -3.25 149.8667 59 60
6549 SK37594 1979 5 30 -4.0667 151.7333 1979 6 30 -4.1667 152.7667 59 58
6546 SK37625 1979 5 28 -3.4167 150.85 1979 6 25 -3.1333 151.1167 54 53
6546 SK37630 1979 5 28 -3.4167 150.85 1979 6 20 -3.3 150.6167 54 55
6546 SK37656 1979 5 28 -3.4167 150.85 1979 6 27 -3.2667 151.1333 56 54
6546 SK37660 1979 5 28 -3.4167 150.85 1979 6 29 -2.8333 150.1 58 58
6546 SK37662 1979 5 28 -3.4167 150.85 1979 6 28 -3.2 151.2167 54 55
6546 SK37674 1979 5 28 -3.4167 150.85 1979 6 28 -3.2167 151.1 57 55
6547 SK37708 1979 5 28 -3.4667 150.8833 1979 6 23 -4.1667 151.0167 51 50
6547 SK37724 1979 5 28 -3.4667 150.8833 1979 6 30 -3.0167 150.8833 56 56
6547 SK37739 1979 5 28 -3.4667 150.8833 1979 6 29 -4.1667 151.0167 56 55
6548 SK37770 1979 5 29 -3.2333 150.85 1979 6 3 -3.25 150.8667 55 56
6552 SK37809 1979 5 30 -4.25 152.6 1979 6 30 -3.2833 150.95 57 56
6552 SK37819 1979 5 30 -4.25 152.6 1979 6 3 -4.0167 152.35 49 57
6553 SK37833 1979 5 30 -4.3 152.5667 1979 6 10 -3.5 150.75 54 53
6553 SK37843 1979 5 30 -4.3 152.5667 1979 6 5 -3.25 150.8667 55 54
6553 SK37864 1979 5 30 -4.3 152.5667 1979 6 4 -3.8333 152.3833 55 55
6553 SK37890 1979 5 30 -4.3 152.5667 1979 6 4 -3.8333 152.3833 47 47
6553 SK37891 1979 5 30 -4.3 152.5667 1979 6 11 -4.1667 152.4333 54 54
6550 SK37912 1979 5 30 -4.1833 152.55 1979 6 13 -4.3333 152.5333 47 48
6551 SK37924 1979 5 30 -4.2167 152.5667 1979 6 23 -3.25 150.8833 54 55
6551 SK37949 1979 5 30 -4.2167 152.5667 1979 6 7 -4.1333 152.55 54 55
6552 SK37960 1979 5 30 -4.25 152.6 1979 6 7 -4.1333 152.55 56 55
6552 SK37963 1979 5 30 -4.25 152.6 1979 6 9 -4.1667 152.55 56 53
6552 SK37967 1979 5 30 -4.25 152.6 1979 6 24 -3.25 150.95 55 55
6552 SK37968 1979 5 30 -4.25 152.6 1979 6 30 -3.2667 151.1167 56 56
6552 SK37973 1979 5 30 -4.25 152.6 1979 6 11 -4.1667 152.4333 54 52
6552 SK37986 1979 5 30 -4.25 152.6 1979 6 9 -4.1667 152.55 53 53
6552 SK37991 1979 5 30 -4.25 152.6 1979 6 7 -4.1333 152.55 52 55
6601 SK38511 1979 6 23 -3.3333 151.0667 1979 6 25 -3.1333 151.1167 56 57
6602 SK38518 1979 6 23 -3.3333 151.0333 1979 6 29 -3.25 149.9167 57 57
6602 SK38528 1979 6 23 -3.3333 151.0333 1979 6 30 -3.0167 150.8833 53 53
6602 SK38535 1979 6 23 -3.3333 151.0333 1979 6 28 -3.2 151.2167 52 52
6602 SK38549 1979 6 23 -3.3333 151.0333 1979 6 30 -3.0667 151.1333 53 53
6603 SK38565 1979 6 23 -3.3167 150.9667 1979 6 29 -3.2667 149.8833 50 52
6603 SK38573 1979 6 23 -3.3167 150.9667 1979 6 30 -3.2667 151.1167 50 48
6603 SK38575 1979 6 23 -3.3167 150.9667 1979 6 28 -3.2 151.2167 53 53
6605 SK38593 1979 6 25 -3.25 150.9 1979 6 29 -3.25 149.9167 53 55
6588 SK38697 1979 6 16 -1.9 147.2167 1979 6 29 -2 147.5 64 0
6596 SK38970 1979 6 21 -2.25 150.3833 1979 6 29 -2.8333 150.1 64 62
6597 SK38979 1979 6 21 -2.2333 150.4167 1979 6 29 -2.8333 150.1 59 57
6597 SK38983 1979 6 21 -2.2333 150.4167 1979 6 29 -2.5 150.5 55 66
6597 SK38985 1979 6 21 -2.2333 150.4167 1979 6 28 -3.2167 151.1 55 55
6551 SK39037 1979 5 30 -4.2167 152.5667 1979 6 7 -4.1333 152.55 56 55
6551 SK39038 1979 5 30 -4.2167 152.5667 1979 6 12 -4.1667 152.5167 54 54
6551 SK39055 1979 5 30 -4.2167 152.5667 1979 6 3 -4.0167 152.35 54 56
6551 SK39056 1979 5 30 -4.2167 152.5667 1979 6 11 -4.1667 152.4333 53 55
6551 SK39078 1979 5 30 -4.2167 152.5667 1979 6 27 -3.6667 151.3333 52 53
6551 SK39081 1979 5 30 -4.2167 152.5667 1979 6 4 -3.8333 152.3833 53 53
6552 SK39092 1979 5 30 -4.25 152.6 1979 6 6 -4 151.7 53 56
6552 SK39106 1979 5 30 -4.25 152.6 1979 6 4 -3.8333 152.3833 57 50
6552 SK39110 1979 5 30 -4.25 152.6 1979 6 2 -4 152.3333 53 57
6553 SK39125 1979 5 30 -4.3 152.5667 1979 6 14 -4.9167 151.5833 51 51
6553 SK39126 1979 5 30 -4.3 152.5667 1979 6 6 -4 151.7 58 55
6553 SK39176 1979 5 30 -4.3 152.5667 1979 6 8 -3.5 152.25 52 51
6554 SK39187 1979 5 30 -4.35 152.5167 1979 6 8 -4.0167 152.6 49 58
6554 SK39196 1979 5 30 -4.35 152.5167 1979 6 12 -4.1667 152.5167 54 53
6554 SK39199 1979 5 30 -4.35 152.5167 1979 6 8 -4.1667 152.4333 50 53
6552 SK39203 1979 5 30 -4.25 152.6 1979 6 7 -4.1333 152.55 53 53
6552 SK39207 1979 5 30 -4.25 152.6 1979 6 1 -4.1667 152.3 53 55
6552 SK39208 1979 5 30 -4.25 152.6 1979 6 30 -3.0667 151.1333 55 57
6552 SK39220 1979 5 30 -4.25 152.6 1979 6 2 -3.7 152.1333 52 0
6552 SK39231 1979 5 30 -4.25 152.6 1979 6 11 -4.1667 152.4333 50 56
6553 SK39257 1979 5 30 -4.3 152.5667 1979 6 8 -4.1667 152.4333 54 54
6553 SK39272 1979 5 30 -4.3 152.5667 1979 6 7 -4.1333 152.55 53 54
6553 SK39283 1979 5 30 -4.3 152.5667 1979 6 3 -3.7 152.3333 51 50
6553 SK39284 1979 5 30 -4.3 152.5667 1979 6 8 -4.1667 152.4333 52 53
6553 SK39291 1979 5 30 -4.3 152.5667 1979 6 22 -3.1333 151.1 53 52
6553 SK39298 1979 5 30 -4.3 152.5667 1979 6 6 -4 151.7 60 60
6554 SK39309 1979 5 30 -4.35 152.5167 1979 6 7 -4.1333 152.55 54 54
6554 SK39310 1979 5 30 -4.35 152.5167 1979 6 26 -3.25 150.8667 51 54
6554 SK39318 1979 5 30 -4.35 152.5167 1979 6 17 -3.2333 150.8667 51 55
6555 SK39324 1979 5 31 -4.2667 152.5667 1979 6 6 -4 151.7 53 57
6555 SK39328 1979 5 31 -4.2667 152.5667 1979 6 14 -4.3333 152.5333 53 52
6555 SK39347 1979 5 31 -4.2667 152.5667 1979 6 10 -3.5 150.75 55 51
6556 SK39366 1979 5 31 -4.1333 152.5667 1979 6 29 -3.25 149.9167 54 51
6556 SK39375 1979 5 31 -4.1333 152.5667 1979 6 10 -3.5333 152.3 55 56
6556 SK39377 1979 5 31 -4.1333 152.5667 1979 6 25 -3.1333 151.1167 55 57
6556 SK39378 1979 5 31 -4.1333 152.5667 1979 6 2 -4 152.3333 49 54
6556 SK39382 1979 5 31 -4.1333 152.5667 1979 6 21 -3.0333 150.1667 54 55
6556 SK39386 1979 5 31 -4.1333 152.5667 1979 6 22 -3.1333 151.1 55 54
6556 SK39387 1979 5 31 -4.1333 152.5667 1979 6 12 -4.1667 152.6 50 49
6556 SK39390 1979 5 31 -4.1333 152.5667 1979 6 7 -4.1333 152.55 56 54
6556 SK39394 1979 5 31 -4.1333 152.5667 1979 6 30 -3.0167 150.8833 53 54
6554 SK39403 1979 5 30 -4.35 152.5167 1979 6 8 -4.0167 152.6 49 48
6555 SK39417 1979 5 31 -4.2667 152.5667 1979 6 23 -1.6667 150.3333 56 55
6555 SK39423 1979 5 31 -4.2667 152.5667 1979 6 8 -4.9167 151.5833 49 48
6555 SK39428 1979 5 31 -4.2667 152.5667 1979 6 7 -4.1333 152.55 54 54
6555 SK39432 1979 5 31 -4.2667 152.5667 1979 6 28 -3.5 151.1667 53 54
6555 SK39445 1979 5 31 -4.2667 152.5667 1979 6 6 -4 151.7 55 58
6556 SK39453 1979 5 31 -4.1333 152.5667 1979 6 30 -3.0667 151.1333 54 53
6556 SK39460 1979 5 31 -4.1333 152.5667 1979 6 8 -4.9167 151.5833 46 45
6559 SK39479 1979 5 31 -4.2667 152.55 1979 6 9 -4.1667 152.55 46 56
6559 SK39480 1979 5 31 -4.2667 152.55 1979 6 26 -3.25 150.8667 54 55
6559 SK39483 1979 5 31 -4.2667 152.55 1979 6 7 -3.8333 152.5 52 53
6559 SK39485 1979 5 31 -4.2667 152.55 1979 6 2 -4 152.3333 50 55
6559 SK39486 1979 5 31 -4.2667 152.55 1979 6 13 -4.3333 152.5333 47 47
6559 SK39488 1979 5 31 -4.2667 152.55 1979 6 11 -4.1667 152.4333 53 53
6559 SK39500 1979 5 31 -4.2667 152.55 1979 6 7 -4.1333 152.55 55 54
6553 SK39513 1979 5 30 -4.3 152.5667 1979 6 7 -3.8333 152.5 54 54
6553 SK39515 1979 5 30 -4.3 152.5667 1979 6 6 -4 151.7 52 58
6553 SK39528 1979 5 30 -4.3 152.5667 1979 6 3 -3.7 152.3333 52 50
6553 SK39529 1979 5 30 -4.3 152.5667 1979 6 19 -3.2333 150.8667 56 55
6553 SK39531 1979 5 30 -4.3 152.5667 1979 6 25 -3.2333 150.8833 51 52
6553 SK39533 1979 5 30 -4.3 152.5667 1979 6 10 -3.5 150.75 53 55
6553 SK39543 1979 5 30 -4.3 152.5667 1979 6 3 -4.0167 152.3833 51 58
6553 SK39546 1979 5 30 -4.3 152.5667 1979 6 3 -3.7 152.3333 47 56
6554 SK39566 1979 5 30 -4.35 152.5167 1979 6 3 -3.6167 152.1667 56 46
6554 SK39576 1979 5 30 -4.35 152.5167 1979 6 5 -3.25 150.8667 53 53
6555 SK39592 1979 5 31 -4.2667 152.5667 1979 6 7 -4.1667 152.5167 48 50
6555 SK39593 1979 5 31 -4.2667 152.5667 1979 6 12 -4.1667 152.5167 52 50
6555 SK39596 1979 5 31 -4.2667 152.5667 1979 6 2 -4 152.3333 50 53
6555 SK39619 1979 5 31 -4.2667 152.5667 1979 6 8 -4 152.4333 55 53
6555 SK39631 1979 5 31 -4.2667 152.5667 1979 6 9 -4.1667 152.55 54 43
6555 SK39633 1979 5 31 -4.2667 152.5667 1979 6 22 -2.9833 150.1167 52 51
6555 SK39639 1979 5 31 -4.2667 152.5667 1979 6 10 -3.5 150.75 52 53
6555 SK39640 1979 5 31 -4.2667 152.5667 1979 6 3 -4.0167 152.3833 54 53
6555 SK39643 1979 5 31 -4.2667 152.5667 1979 6 7 -4.1333 152.55 53 54
6555 SK39651 1979 5 31 -4.2667 152.5667 1979 6 24 -3.25 150.95 54 53
6556 SK39657 1979 5 31 -4.1333 152.5667 1979 6 18 -3.2333 150.9 52 56
6556 SK39665 1979 5 31 -4.1333 152.5667 1979 6 9 -4.1667 152.55 51 45
6556 SK39670 1979 5 31 -4.1333 152.5667 1979 6 3 -3.7 152.3333 51 50
6559 SK39708 1979 5 31 -4.2667 152.55 1979 6 30 -3.8667 151.1667 53 59
6559 SK39712 1979 5 31 -4.2667 152.55 1979 6 6 -4 151.7 55 54
6560 SK39733 1979 5 31 -4.3 152.55 1979 6 7 -3.8333 152.5 54 52
6560 SK39746 1979 5 31 -4.3 152.55 1979 6 4 -3.8333 152.3833 56 50
6560 SK39748 1979 5 31 -4.3 152.55 1979 6 1 -4.5667 152.6167 53 54
6560 SK39751 1979 5 31 -4.3 152.55 1979 6 14 -4.9167 151.5833 53 53
6560 SK39756 1979 5 31 -4.3 152.55 1979 6 17 -3.2333 150.8667 54 53
6563 SK39770 1979 6 1 -4.55 152.5833 1979 6 7 -3.8333 152.5 53 52
6565 SK39773 1979 6 1 -4.1667 152.5667 1979 6 17 -3.2333 150.8667 54 55
6556 SK39804 1979 5 31 -4.1333 152.5667 1979 6 14 -4.9167 151.5833 53 53
6556 SK39807 1979 5 31 -4.1333 152.5667 1979 6 18 -2.2167 149.9667 56 56
6556 SK39809 1979 5 31 -4.1333 152.5667 1979 6 4 -3.8333 152.3833 54 53
6556 SK39812 1979 5 31 -4.1333 152.5667 1979 6 12 -4.1667 152.5167 48 53
6556 SK39820 1979 5 31 -4.1333 152.5667 1979 6 6 -3.6167 151.3167 53 53
6557 SK39849 1979 5 31 -4.2167 152.5667 1979 6 20 -4.1667 150.9333 54 55
6557 SK39853 1979 5 31 -4.2167 152.5667 1979 6 12 -4.1667 152.5167 55 53
6557 SK39854 1979 5 31 -4.2167 152.5667 1979 6 18 -2.2167 149.9667 55 56
6557 SK39858 1979 5 31 -4.2167 152.5667 1979 6 30 -4.1667 152.7667 54 48
6559 SK39871 1979 5 31 -4.2667 152.55 1979 6 3 -3.7 152.3333 57 56
6559 SK39876 1979 5 31 -4.2667 152.55 1979 6 7 -3.8333 152.5 54 53
6559 SK39885 1979 5 31 -4.2667 152.55 1979 6 3 -3.7 152.3333 54 54
6559 SK39889 1979 5 31 -4.2667 152.55 1979 6 7 -4.1333 152.55 54 53
6559 SK39892 1979 5 31 -4.2667 152.55 1979 6 23 -3.8333 152.5 57 57
6559 SK39894 1979 5 31 -4.2667 152.55 1979 6 7 -4.1333 152.55 56 53
6559 SK39898 1979 5 31 -4.2667 152.55 1979 6 1 -4 152.3333 55 54
6559 SK39905 1979 5 31 -4.2667 152.55 1979 6 8 -4.1667 152.4333 51 57
6559 SK39908 1979 5 31 -4.2667 152.55 1979 6 7 -4.1333 152.55 53 55
6559 SK39926 1979 5 31 -4.2667 152.55 1979 6 8 -4.1667 152.4333 53 55
6559 SK39943 1979 5 31 -4.2667 152.55 1979 6 1 -4 152.3333 54 57
6559 SK39967 1979 5 31 -4.2667 152.55 1979 6 28 -3.2667 150.9333 49 50
6560 SK39979 1979 5 31 -4.3 152.55 1979 6 7 -4.1333 152.55 56 54
6560 SK39983 1979 5 31 -4.3 152.55 1979 6 30 -3.2833 150.95 57 58
6560 SK39986 1979 5 31 -4.3 152.55 1979 6 11 -4.1667 152.4333 54 54
6560 SK39993 1979 5 31 -4.3 152.55 1979 6 8 -4 152.4333 54 52
6560 SK39997 1979 5 31 -4.3 152.55 1979 6 12 -4.1667 152.4333 52 51
6560 SK39998 1979 5 31 -4.3 152.55 1979 6 2 -3.8 152.3333 56 50
6560 SK40000 1979 5 31 -4.3 152.55 1979 6 18 -3.2167 150.8833 54 55
6559 SK40003 1979 5 31 -4.2667 152.55 1979 6 10 -3.5333 152.3 53 53
6559 SK40015 1979 5 31 -4.2667 152.55 1979 6 28 -3.2 151.2167 47 49
6560 SK40036 1979 5 31 -4.3 152.55 1979 6 21 -2.9167 150.0167 56 57
6560 SK40042 1979 5 31 -4.3 152.55 1979 6 20 -3.3 150.6167 56 55
6560 SK40075 1979 5 31 -4.3 152.55 1979 6 1 -4.1667 152.3 57 54
6560 SK40077 1979 5 31 -4.3 152.55 1979 6 1 -4 152.3333 53 65
6560 SK40079 1979 5 31 -4.3 152.55 1979 6 9 -4.1667 151.35 56 52
6563 SK40097 1979 6 1 -4.55 152.5833 1979 6 9 -4.1667 152.55 51 50
6560 SK40107 1979 5 31 -4.3 152.55 1979 6 8 -3.5 152.25 57 56
6560 SK40111 1979 5 31 -4.3 152.55 1979 6 30 -4.1667 152.7667 56 55
6560 SK40131 1979 5 31 -4.3 152.55 1979 6 8 -4.0167 152.6 55 55
6563 SK40167 1979 6 1 -4.55 152.5833 1979 6 22 -3.25 150.85 60 55
6563 SK40168 1979 6 1 -4.55 152.5833 1979 6 10 -3.5 150.75 53 51
6564 SK40216 1979 6 1 -4.5667 152.6167 1979 6 7 -3.8333 152.5 52 51
6564 SK40219 1979 6 1 -4.5667 152.6167 1979 6 8 -4.1667 152.4333 50 58
6564 SK40220 1979 6 1 -4.5667 152.6167 1979 6 10 -3.5333 152.3 51 51
6564 SK40221 1979 6 1 -4.5667 152.6167 1979 6 27 -3.2667 151.1333 53 53
6564 SK40225 1979 6 1 -4.5667 152.6167 1979 6 6 -4 151.7 52 54
6564 SK40226 1979 6 1 -4.5667 152.6167 1979 6 10 -3.5333 152.3 51 36
6565 SK40231 1979 6 1 -4.1667 152.5667 1979 6 3 -4.0167 152.3833 49 58
6565 SK40283 1979 6 1 -4.1667 152.5667 1979 6 28 -3.2 151.2167 43 46
6565 SK40287 1979 6 1 -4.1667 152.5667 1979 6 10 -3.5 150.75 44 52
6566 SK40294 1979 6 3 -4.0333 151.0333 1979 6 28 -3.2 151.2167 46 47
6566 SK40295 1979 6 3 -4.0333 151.0333 1979 6 30 -4.1667 152.7667 49 50
6568 SK40312 1979 6 3 -4.0667 151.0167 1979 6 8 -4.0167 152.6 56 57
6568 SK40318 1979 6 3 -4.0667 151.0167 1979 6 27 -3.2667 150.9 56 56
6568 SK40324 1979 6 3 -4.0667 151.0167 1979 6 18 -3.2333 150.9 54 55
6568 SK40327 1979 6 3 -4.0667 151.0167 1979 6 29 -4.1667 152.5167 51 54
6568 SK40332 1979 6 3 -4.0667 151.0167 1979 6 29 -4.1667 152.2667 58 58
6568 SK40344 1979 6 3 -4.0667 151.0167 1979 6 25 -4.3333 150.8667 52 52
6568 SK40348 1979 6 3 -4.0667 151.0167 1979 6 28 -3.2 151.2167 50 48
6568 SK40387 1979 6 3 -4.0667 151.0167 1979 6 24 -4.1667 151.0167 55 54
6568 SK40395 1979 6 3 -4.0667 151.0167 1979 6 30 -4.1667 152.7667 56 55
6566 SK40462 1979 6 3 -4.0333 151.0333 1979 6 15 -3.15 150.6333 48 53
6566 SK40472 1979 6 3 -4.0333 151.0333 1979 6 20 -3.3 150.6167 56 56
6567 SK40479 1979 6 3 -4.1167 150.9333 1979 6 21 -2.9167 150.0167 53 54
6567 SK40487 1979 6 3 -4.1167 150.9333 1979 6 17 -3.2333 150.8667 54 55
6568 SK40557 1979 6 3 -4.0667 151.0167 1979 6 27 -3.6667 151.3333 55 54
6568 SK40637 1979 6 3 -4.0667 151.0167 1979 6 23 -3.1 150.2167 56 54
6568 SK40664 1979 6 3 -4.0667 151.0167 1979 6 30 -3.0667 151.1333 52 51
6568 SK40675 1979 6 3 -4.0667 151.0167 1979 6 18 -3.2167 150.8833 54 52
6568 SK40681 1979 6 3 -4.0667 151.0167 1979 6 27 -3.2667 151.1333 55 56
6568 SK40691 1979 6 3 -4.0667 151.0167 1979 6 21 -4.1667 151.1833 54 55
6567 SK40703 1979 6 3 -4.1167 150.9333 1979 6 25 -3.7833 151.0833 54 58
6568 SK40717 1979 6 3 -4.0667 151.0167 1979 6 21 -4.1667 151.1833 55 55
6568 SK40721 1979 6 3 -4.0667 151.0167 1979 6 29 -4.1667 152.2667 54 53
6568 SK40726 1979 6 3 -4.0667 151.0167 1979 6 26 -4.75 150.8667 53 56
6568 SK40748 1979 6 3 -4.0667 151.0167 1979 6 26 -3.2667 151.1167 58 58
6568 SK40750 1979 6 3 -4.0667 151.0167 1979 6 29 -4.1667 151.0167 50 55
6568 SK40755 1979 6 3 -4.0667 151.0167 1979 6 21 -4.1667 151.1833 54 58
6568 SK40767 1979 6 3 -4.0667 151.0167 1979 6 18 -4.1667 152.7667 53 54
6568 SK40861 1979 6 3 -4.0667 151.0167 1979 6 23 -3.25 150.8833 56 56
6568 SK40877 1979 6 3 -4.0667 151.0167 1979 6 27 -4.1667 152.2667 53 53
6568 SK40903 1979 6 3 -4.0667 151.0167 1979 6 14 -4.9167 151.5833 56 56
6568 SK40904 1979 6 3 -4.0667 151.0167 1979 6 20 -4.1667 151.25 54 52
6568 SK40956 1979 6 3 -4.0667 151.0167 1979 6 29 -3.2167 149.8333 54 54
6568 SK40962 1979 6 3 -4.0667 151.0167 1979 6 19 -2.9833 150.5 51 51
6568 SK40965 1979 6 3 -4.0667 151.0167 1979 6 25 -3.2667 150.9 58 59
6568 SK40966 1979 6 3 -4.0667 151.0167 1979 6 13 -4.3833 150.5 58 0
6568 SK40981 1979 6 3 -4.0667 151.0167 1979 6 23 -3.0333 150.05 54 54
6568 SK40987 1979 6 3 -4.0667 151.0167 1979 6 27 -3.6667 151.3333 58 53
6568 SK41028 1979 6 3 -4.0667 151.0167 1979 6 17 -3.2333 150.8667 53 54
6568 SK41043 1979 6 3 -4.0667 151.0167 1979 6 23 -3.0333 150.05 52 53
6568 SK41050 1979 6 3 -4.0667 151.0167 1979 6 29 -4.1667 152.2667 57 55
6568 SK41061 1979 6 3 -4.0667 151.0167 1979 6 29 -4.1667 152.5167 53 54
6568 SK41069 1979 6 3 -4.0667 151.0167 1979 6 4 -4.1667 150.8333 54 53
6568 SK41185 1979 6 3 -4.0667 151.0167 1979 6 30 -3.8667 151.1667 54 53
6568 SK41218 1979 6 3 -4.0667 151.0167 1979 6 22 -4 152.3333 54 54
6568 SK41237 1979 6 3 -4.0667 151.0167 1979 6 22 -3.0833 150.2167 54 55
6568 SK41255 1979 6 3 -4.0667 151.0167 1979 6 20 -3.3 150.6167 55 55
6568 SK41321 1979 6 3 -4.0667 151.0167 1979 6 25 -4.1667 151.1 57 56
6568 SK41326 1979 6 3 -4.0667 151.0167 1979 6 25 -3.7833 151.0833 58 57
6569 SK41365 1979 6 3 -4 150.9833 1979 6 21 -3.0333 150.1667 54 55
6571 SK41392 1979 6 6 -4.1667 150.95 1979 6 9 -4.1667 151.35 56 52
6568 SK41455 1979 6 3 -4.0667 151.0167 1979 6 23 -3.8333 152.5 54 54
6569 SK41465 1979 6 3 -4 150.9833 1979 6 28 -3.2 151.2167 66 57
6569 SK41472 1979 6 3 -4 150.9833 1979 6 30 -4.3333 152.5333 55 56
6569 SK41498 1979 6 3 -4 150.9833 1979 6 25 -3.1333 151.1167 56 57
6569 SK41512 1979 6 3 -4 150.9833 1979 6 30 -3.0167 150.8833 54 56
6571 SK41540 1979 6 6 -4.1667 150.95 1979 6 22 -2.8667 149.95 55 55
6571 SK41543 1979 6 6 -4.1667 150.95 1979 6 24 -3.25 150.95 56 56
6569 SK41576 1979 6 3 -4 150.9833 1979 6 24 -3.25 150.95 54 58
6569 SK41583 1979 6 3 -4 150.9833 1979 6 29 -3.25 149.9167 58 58
6569 SK41589 1979 6 3 -4 150.9833 1979 6 21 -4.1667 151.1833 56 58
6569 SK41590 1979 6 3 -4 150.9833 1979 6 20 -3.0167 149.9167 55 55
6569 SK41595 1979 6 3 -4 150.9833 1979 6 27 -3.7833 151.0833 53 58
6569 SK41596 1979 6 3 -4 150.9833 1979 6 18 -4.1667 152.7667 54 54
6580 SK41613 1979 6 8 -3.75 150.8 1979 6 20 -3.3 150.6167 53 54
6580 SK41643 1979 6 8 -3.75 150.8 1979 6 27 -3.2667 150.9 54 54
6584 SK41684 1979 6 9 -4.1 152.55 1979 6 26 -3.2667 151.1167 56 56
6584 SK41691 1979 6 9 -4.1 152.55 1979 6 18 -3.2167 150.8833 53 51
6584 SK41699 1979 6 9 -4.1 152.55 1979 6 27 -3.6667 151.3333 52 50
6569 SK41705 1979 6 3 -4 150.9833 1979 6 22 -4 152.3333 55 56
6569 SK41725 1979 6 3 -4 150.9833 1979 6 28 -3.5 151.1667 56 52
6569 SK41740 1979 6 3 -4 150.9833 1979 6 30 -4.1667 152.7667 46 45
6571 SK41801 1979 6 6 -4.1667 150.95 1979 6 23 -3.8333 152.5 55 55
6575 SK41865 1979 6 7 -4.25 151 1979 6 18 -4.1667 152.7667 56 54
6575 SK41888 1979 6 7 -4.25 151 1979 6 30 -3.8667 151.1667 50 53
6575 SK41898 1979 6 7 -4.25 151 1979 6 22 -4.1667 150.9333 50 50
6571 SK41923 1979 6 6 -4.1667 150.95 1979 6 23 -3.0333 150.05 57 57
6571 SK41925 1979 6 6 -4.1667 150.95 1979 6 29 -4.1667 152.2667 56 56
6600 SK42104 1979 6 23 -3.25 150.8833 1979 6 25 -3.2333 150.8833 54 55
6601 SK42108 1979 6 23 -3.3333 151.0667 1979 6 30 -3.2667 151.1167 52 51
6601 SK42110 1979 6 23 -3.3333 151.0667 1979 6 30 -3.0167 150.8833 55 56
6602 SK42114 1979 6 23 -3.3333 151.0333 1979 6 29 -3.2167 149.8333 54 54
6602 SK42120 1979 6 23 -3.3333 151.0333 1979 6 25 -3.2667 150.9 53 53
6597 SK42269 1979 6 21 -2.2333 150.4167 1979 6 21 -2.2333 150.4167 54 53
6597 SK42312 1979 6 21 -2.2333 150.4167 1979 6 27 -3.2667 150.9 55 52
6597 SK42315 1979 6 21 -2.2333 150.4167 1979 6 29 -2.8333 150.1 57 54
6599 SK42331 1979 6 23 -3.25 150.8667 1979 6 30 -3.0167 150.8833 55 55
6599 SK42333 1979 6 23 -3.25 150.8667 1979 6 27 -3.2667 151.1333 53 52
6599 SK42334 1979 6 23 -3.25 150.8667 1979 6 29 -3.25 149.9167 55 55
6599 SK42342 1979 6 23 -3.25 150.8667 1979 6 30 -3.0167 150.8833 52 51
6599 SK42349 1979 6 23 -3.25 150.8667 1979 6 30 -3.2667 151.1167 56 54
6599 SK42356 1979 6 23 -3.25 150.8667 1979 6 29 -3.2167 149.8333 56 56
6599 SK42357 1979 6 23 -3.25 150.8667 1979 6 29 -4.75 150.8667 55 55
6599 SK42362 1979 6 23 -3.25 150.8667 1979 6 29 -3.2167 149.8333 57 56
6600 SK42372 1979 6 23 -3.25 150.8833 1979 6 28 -3.2667 150.9333 56 56
6600 SK42503 1979 6 23 -3.25 150.8833 1979 6 28 -3.2 151.2167 54 55
6600 SK42512 1979 6 23 -3.25 150.8833 1979 6 29 -3.2667 149.8833 51 51
6600 SK42517 1979 6 23 -3.25 150.8833 1979 6 28 -3.2 151.2167 53 52
6600 SK42519 1979 6 23 -3.25 150.8833 1979 6 30 -3.0667 151.1333 48 47
6600 SK42521 1979 6 23 -3.25 150.8833 1979 6 29 -3.25 149.9167 52 52
6600 SK42548 1979 6 23 -3.25 150.8833 1979 6 29 -3.25 149.9167 52 52
6600 SK42557 1979 6 23 -3.25 150.8833 1979 6 29 -3.2167 149.8333 55 55
6600 SK42565 1979 6 23 -3.25 150.8833 1979 6 28 -3.2667 150.9333 57 55
6600 SK42591 1979 6 23 -3.25 150.8833 1979 6 28 -3.2667 150.9333 55 55
6600 SK42593 1979 6 23 -3.25 150.8833 1979 6 28 -3.2 151.2167 56 55
6600 SK42598 1979 6 23 -3.25 150.8833 1979 6 30 -3.2667 151.1167 53 53
6600 SK42702 1979 6 23 -3.25 150.8833 1979 6 30 -3.0167 150.8833 48 48
6602 SK42717 1979 6 23 -3.3333 151.0333 1979 6 28 -3.2667 150.9333 51 49
6603 SK42770 1979 6 23 -3.3167 150.9667 1979 6 28 -3.2 151.2167 58 56
6603 SK42775 1979 6 23 -3.3167 150.9667 1979 6 28 -3.2 151.2167 56 56
6605 SK42793 1979 6 25 -3.25 150.9 1979 6 29 -4.75 150.8667 62 63
6605 SK42794 1979 6 25 -3.25 150.9 1979 6 29 -3.25 149.9167 53 53
6606 SK42810 1979 6 26 -2.4167 150.5333 1979 6 30 -2.1667 150.8 63 66
6607 SK42823 1979 6 26 -2.35 150.4333 1979 6 29 -2.1833 150.3833 62 63
6578 SK44007 1979 6 8 -4.1 150.9667 1979 6 22 -3.1333 151.1 55 55
6580 SK44029 1979 6 8 -3.75 150.8 1979 6 20 -3.3 150.6167 54 54
6580 SK44030 1979 6 8 -3.75 150.8 1979 6 27 -3.6667 151.3333 57 50
6580 SK44048 1979 6 8 -3.75 150.8 1979 6 25 -4.1667 151.1 55 55
6580 SK44069 1979 6 8 -3.75 150.8 1979 6 27 -3.2667 151.1333 55 56
6580 SK44077 1979 6 8 -3.75 150.8 1979 6 14 -4.1667 152.6 55 55
6575 SK44122 1979 6 7 -4.25 151 1979 6 30 -4.1667 152.7667 46 48
6575 SK44130 1979 6 7 -4.25 151 1979 6 14 -4.1667 152.6 51 49
6575 SK44144 1979 6 7 -4.25 151 1979 6 27 -3.2667 150.9 54 55
6575 SK44148 1979 6 7 -4.25 151 1979 6 25 -4.1667 151.1 62 60
6579 SK44197 1979 6 8 -3.8333 150.85 1979 6 14 -4.1667 152.6 52 51
6579 SK44198 1979 6 8 -3.8333 150.85 1979 6 19 -2.9833 150.5 58 58
6579 SK44211 1979 6 8 -3.8333 150.85 1979 6 27 -3.2667 150.9 49 56
6584 SK44343 1979 6 9 -4.1 152.55 1979 6 14 -4.3333 152.5333 51 50
6584 SK44346 1979 6 9 -4.1 152.55 1979 6 30 -4.1667 152.7667 49 49
6584 SK44350 1979 6 9 -4.1 152.55 1979 6 12 -4.1667 152.4333 52 51
6584 SK44363 1979 6 9 -4.1 152.55 1979 6 22 -3.1333 151.1 54 52
6584 SK44368 1979 6 9 -4.1 152.55 1979 6 12 -4.1667 152.5167 50 51
6584 SK44399 1979 6 9 -4.1 152.55 1979 6 24 -3.25 150.95 56 55
6580 SK44502 1979 6 8 -3.75 150.8 1979 6 29 -3.25 149.9167 56 56
6580 SK44507 1979 6 8 -3.75 150.8 1979 6 29 -3.25 149.9167 52 52
6583 SK44533 1979 6 9 -4.1 152.55 1979 6 18 -3.2333 150.8667 53 53
6584 SK44590 1979 6 9 -4.1 152.55 1979 6 30 -4.3333 152.5333 50 49
6584 SK44616 1979 6 9 -4.1 152.55 1979 6 24 -3.2833 150.9333 55 55
6585 SK44656 1979 6 9 -4.1167 152.5667 1979 6 27 -3.2667 150.9 53 54
6585 SK44659 1979 6 9 -4.1167 152.5667 1979 6 20 -3.2333 150.8667 56 54
6585 SK44696 1979 6 9 -4.1167 152.5667 1979 6 24 -4.1667 151.0167 55 55
6585 SK44713 1979 6 9 -4.1167 152.5667 1979 6 27 -3.2667 150.9 39 40
6585 SK44716 1979 6 9 -4.1167 152.5667 1979 6 24 -3.2833 150.9333 36 36
6585 SK44720 1979 6 9 -4.1167 152.5667 1979 6 23 -3.8333 152.5 44 50
88953 4243 1979 4 2 12.97 267.68 1979 6 17 2.67 280.25 42.4 49.4
89257 4246 1979 4 2 12.97 267.68 1979 6 13 3.55 281.8 41.4 47.5
89588 4250 1979 4 2 12.97 267.68 1979 6 17 2.67 280.25 36.9 46.7
89641 4254 1979 4 2 12.97 267.68 1979 6 13 3.77 282.05 39.4 45.7
142501 4261 1979 4 2 12.97 267.68 1979 6 11 4.03 282.03 39.4 48
142423 4262 1979 4 3 13.02 267.7 1979 6 23 8.67 276.5 45.7 NA
142757 4263 1979 4 3 13.02 267.7 1979 6 3 2.83 280.17 41.4 52.5
142469 4268 1979 4 14 6.43 273.08 1979 6 7 2.82 280.22 48.7 53.3
142477 4270 1979 4 14 6.43 273.08 1979 6 12 4.25 281.75 48.7 52.8
142617 4271 1979 4 14 6.43 273.08 1979 6 6 2.57 280.8 45.7 51.9
142627 4272 1979 4 14 6.43 273.08 1979 6 8 2.82 280.77 46.7 NA
142643 4274 1979 4 14 6.43 273.08 1979 6 6 2.5 280.67 48.6 44.7
142651 4277 1979 4 14 6.43 273.08 1979 6 16 2.02 280.2 48.6 NA
142654 4280 1979 4 14 6.43 273.08 1979 6 8 2.5 280.67 52.6 NA
142660 4281 1979 4 14 6.43 273.08 1979 6 23 8.67 276.5 48.6 NA
142663 4282 1979 4 14 6.43 273.08 1979 6 27 2.5 277.5 47.6 NA
142667 4283 1979 4 14 6.43 273.08 1979 6 26 2.87 279.57 49.6 46
142669 4284 1979 4 14 6.43 273.08 1979 6 1 2.52 280.2 50.6 NA
142671 4285 1979 4 14 6.43 273.08 1979 6 5 3.55 281.53 48.6 NA
142672 4286 1979 4 14 6.43 273.08 1979 6 8 2.5 280.67 47.6 NA
142766 4290 1979 4 14 6.75 273.2 1979 6 26 2.87 279.75 50.8 NA
142767 4291 1979 4 14 6.75 273.2 1979 6 21 4.97 278.5 50.8 56.3
142772 4293 1979 4 14 6.75 273.2 1979 6 22 2.42 279.57 50.8 NA
142778 4294 1979 4 14 6.75 273.2 1979 6 5 2.55 280.88 49.8 54.8
142790 4296 1979 4 14 6.43 273.08 1979 6 17 6.02 281.38 48.8 54.4
142816 4298 1979 4 14 6.43 273.08 1979 6 25 3.17 279.92 59.7 NA
142829 4301 1979 4 14 6.43 273.08 1979 6 23 8.67 276.5 47.7 NA
142842 4302 1979 4 14 6.43 273.08 1979 6 27 2.1 279.78 50.7 69.2
142868 4305 1979 4 14 6.43 273.08 1979 6 13 3.77 282.07 59.7 NA
142943 4306 1979 4 14 6.75 273.2 1979 6 26 3.03 280.78 54.7 NA
142945 4307 1979 4 14 6.75 273.2 1979 6 2 0.55 279.87 49.9 NA
142947 4308 1979 4 14 6.43 273.08 1979 6 3 1.78 280.25 46 50.2
142958 4309 1979 4 14 6.43 273.08 1979 6 29 1.15 278.13 46 NA
142968 4311 1979 4 14 6.43 273.08 1979 6 4 2.58 279.85 47.9 NA
142972 4313 1979 4 14 6.43 273.08 1979 6 20 5.6 281.48 46.9 55.5
142977 4314 1979 4 14 6.43 273.08 1979 6 10 0.3 278.17 47.9 NA
142982 4316 1979 4 14 6.43 273.08 1979 6 4 3.17 281 45 NA
142985 4317 1979 4 14 6.43 273.08 1979 6 6 2.5 281.07 47.9 51.9
142986 4318 1979 4 14 6.43 273.08 1979 6 23 2.25 279.12 46.9 NA
143202 4325 1979 4 14 6.43 273.08 1979 6 4 2.5 280.5 46.9 NA
143208 4326 1979 4 14 6.43 273.08 1979 6 5 3.55 281.53 46.9 NA
143227 4328 1979 4 14 6.43 273.08 1979 6 14 3.77 281.92 46.9 50.8
143238 4330 1979 4 14 6.43 273.08 1979 6 26 2.87 279.57 57.6 63.1
143247 4331 1979 4 14 6.43 273.08 1979 6 5 2.55 280.88 49.8 51.1
143253 4333 1979 4 14 6.43 273.08 1979 6 10 0.95 279.12 46.9 51.8
143272 4335 1979 4 14 6.43 273.08 1979 6 22 0.95 278.78 47.9 NA
143273 4336 1979 4 14 6.43 273.08 1979 6 21 4.97 278.5 49.8 NA
143274 4337 1979 4 14 6.43 273.08 1979 6 3 2.55 279.75 48.8 54.3
143278 4338 1979 4 14 6.43 273.08 1979 6 16 5.17 281.22 45.9 52.7
143282 4339 1979 4 14 6.43 273.08 1979 6 25 3.03 280.78 50.8 NA
143289 4340 1979 4 14 6.43 273.08 1979 6 8 2.08 279.97 46.9 53
143408 4342 1979 4 14 6.43 273.08 1979 6 6 2.5 281.07 47.9 60.5
143409 4343 1979 4 14 6.43 273.08 1979 6 1 2.52 280.2 47.9 NA
143415 4344 1979 4 14 6.43 273.08 1979 6 13 2.82 280.22 46 54
143416 4345 1979 4 14 6.43 273.08 1979 6 12 0.68 279.52 49.9 55.7
143432 4348 1979 4 14 6.43 273.08 1979 6 14 3.77 281.92 46 NA
143434 4349 1979 4 14 6.43 273.08 1979 6 26 2.5 279.5 51.8 NA
143438 4350 1979 4 14 6.43 273.08 1979 6 7 2.82 280.22 46.9 NA
143445 4352 1979 4 14 6.43 273.08 1979 6 26 3.03 280.78 51.8 NA
143450 4353 1979 4 14 6.43 273.08 1979 6 13 3.77 282.07 42.1 NA
143454 4355 1979 4 14 6.43 273.08 1979 6 11 4.03 282.03 48.9 45
143462 4356 1979 4 14 6.43 273.08 1979 6 8 2.82 280.77 45 NA
143464 4357 1979 4 14 6.43 273.08 1979 6 6 2.5 280.67 46.9 50
143472 4360 1979 4 14 6.43 273.08 1979 6 18 1.4 279.57 50.8 51.3
143477 4362 1979 4 14 6.43 273.08 1979 6 15 4.1 281.88 46.9 54.6
143486 4364 1979 4 14 6.43 273.08 1979 6 11 4.1 281.53 46 50.5
143500 4367 1979 4 14 6.43 273.08 1979 6 6 2.57 280.8 48.8 NA
143509 4368 1979 4 14 6.43 273.08 1979 6 6 2.57 280.8 47.9 NA
143529 4370 1979 4 14 6.43 273.08 1979 6 5 3.55 281.53 48.8 NA
143531 4371 1979 4 14 6.43 273.08 1979 6 7 2.82 280.22 44 NA
143535 4372 1979 4 14 6.43 273.08 1979 6 6 3.25 279.42 49.8 NA
143540 4374 1979 4 14 6.43 273.08 1979 6 12 0.68 279.52 48.8 NA
143548 4376 1979 4 14 6.43 273.08 1979 6 6 2.5 280.67 44.9 53.5
143554 4377 1979 4 14 6.43 273.08 1979 6 7 2.5 280.67 45.9 NA
143556 4379 1979 4 14 6.43 273.08 1979 6 26 2.87 279.57 45.9 45
143602 4382 1979 4 14 6.43 273.08 1979 6 6 1.72 280.28 47.9 NA
143606 4383 1979 4 14 6.43 273.08 1979 6 23 8.67 276.5 47.9 NA
143618 4386 1979 4 14 6.43 273.08 1979 6 16 0.67 279.53 49.9 56.2
143635 4389 1979 4 14 6.43 273.08 1979 6 5 3.55 281.53 47.9 NA
143643 4390 1979 4 14 6.43 273.08 1979 6 13 2.82 280.22 44 NA
144426 4391 1979 4 16 5.87 272.92 1979 6 26 1.2 279.27 49.2 56.4
143763 4392 1979 4 16 5.87 272.92 1979 6 4 2.58 279.85 48.2 50.7
143772 4395 1979 4 16 5.87 272.92 1979 6 14 3.77 281.92 52.1 NA
143773 4396 1979 4 16 5.87 272.92 1979 6 26 3.15 280.85 45.2 50.6
143774 4397 1979 4 16 5.87 272.92 1979 6 13 2.92 280.33 47.2 54.6
143788 4398 1979 4 16 5.87 272.92 1979 6 18 5.97 281.27 51.1 NA
143789 4399 1979 4 16 5.87 272.92 1979 6 26 2.87 279.75 47.2 NA
143797 4400 1979 4 16 5.87 272.92 1979 6 1 2.52 280.2 48.2 NA
143799 4401 1979 4 16 5.87 272.92 1979 6 6 2.5 280.67 48.2 NA
144054 4402 1979 4 16 5.87 272.92 1979 6 7 2.82 280.22 37.7 53.6
144055 4403 1979 4 16 5.87 272.92 1979 6 7 2.82 280.22 54.6 NA
144085 4405 1979 4 16 5.87 272.92 1979 6 24 2.25 279.35 50.6 57.5
144384 4406 1979 4 16 5.87 272.92 1979 6 4 3.07 280.77 48.9 NA
144423 4411 1979 4 16 5.87 272.92 1979 6 14 2.13 279.9 42.3 NA
144431 4412 1979 4 16 5.87 272.92 1979 6 18 4.6 281.67 48.2 54
144434 4413 1979 4 16 5.87 272.92 1979 6 8 2.02 280.2 50.2 54
144446 4414 1979 4 16 5.87 272.92 1979 6 6 3.35 281.58 51.1 58
144447 4415 1979 4 16 5.87 272.92 1979 6 10 0.95 279.12 50.2 NA
144456 4416 1979 4 16 5.87 272.92 1979 6 27 2.3 279.77 49.2 NA
144457 4417 1979 4 16 5.87 272.92 1979 6 26 2.5 279.5 51.1 56.8
144460 4418 1979 4 16 5.87 272.92 1979 6 11 4.03 282.03 47.2 NA
144471 4419 1979 4 16 5.87 272.92 1979 6 2 0.55 279.87 51.1 53.6
144479 4420 1979 4 16 5.87 272.92 1979 6 8 7.92 271.4 49.2 52.1
144553 4423 1979 4 16 5.87 272.92 1979 6 23 2.25 279.12 47.9 45
144561 4425 1979 4 16 5.87 272.92 1979 6 7 1.58 279.7 47.9 53.1
144569 4426 1979 4 16 5.87 272.92 1979 6 8 2.5 280.67 49.9 NA
144600 4427 1979 4 16 5.87 272.92 1979 6 6 2.57 280.8 38.7 NA
144606 4429 1979 4 16 5.87 272.92 1979 6 6 2.5 280.67 60.5 44.1
144607 4430 1979 4 16 5.87 272.92 1979 6 11 4.03 282.03 48.6 51
144613 4432 1979 4 16 5.87 272.92 1979 6 6 2.57 280.8 48.6 NA
144642 4434 1979 4 16 5.87 272.92 1979 6 7 3.42 280.58 44.7 54
144644 4435 1979 4 16 5.87 272.92 1979 6 4 2.5 280.5 44.7 NA
144705 4436 1979 4 16 5.87 272.92 1979 6 11 4 281.83 50.9 51.7
144709 4438 1979 4 16 5.87 272.92 1979 6 17 2.42 280 51.9 55.1
144712 4439 1979 4 16 5.87 272.92 1979 6 6 2.5 281.07 48.9 49.8
144716 4440 1979 4 16 5.87 272.92 1979 6 24 2.17 279.75 49.9 49
144717 4441 1979 4 16 5.87 272.92 1979 6 26 3.03 280.78 50.9 NA
144724 4442 1979 4 16 5.87 272.92 1979 6 6 2.5 281.07 49.9 59
144725 4443 1979 4 16 5.87 272.92 1979 6 10 0.95 279.12 50.9 NA
144740 4446 1979 4 16 5.87 272.92 1979 6 11 4.03 282.03 49.9 NA
144760 4449 1979 4 16 5.87 272.92 1979 6 4 2.5 280.5 47.9 NA
144766 4451 1979 4 16 5.87 272.92 1979 6 9 3.4 281.08 50.9 NA
144769 4452 1979 4 16 5.87 272.92 1979 6 26 3.03 280.78 50.9 NA
144774 4453 1979 4 16 5.87 272.92 1979 6 8 2.82 280.77 49.9 NA
144794 4456 1979 4 16 5.87 272.92 1979 6 26 2.5 279.5 48.9 57.3
144804 4457 1979 4 16 5.87 272.92 1979 6 21 4.97 278.5 49.9 54.9
144806 4458 1979 4 16 5.87 272.92 1979 6 8 2.5 280.67 47.9 NA
144816 4460 1979 4 16 5.87 272.92 1979 6 11 4 281.83 47.9 55
144825 4463 1979 4 16 5.87 272.92 1979 6 25 2.85 279.5 51.8 42
144826 4464 1979 4 16 5.87 272.92 1979 6 18 4.6 281.67 49.9 61
144832 4465 1979 4 16 5.87 272.92 1979 6 26 2.87 279.57 52.8 36
144833 4466 1979 4 16 5.87 272.92 1979 6 13 2.82 280.22 49.9 53.6
144836 4467 1979 4 16 5.87 272.92 1979 6 18 4.6 281.67 49.9 61
144838 4468 1979 4 16 5.87 272.92 1979 6 4 2.58 279.85 52.8 57.8
144847 4469 1979 4 16 5.87 272.92 1979 6 7 1.58 279.7 48.9 54.1
144912 4471 1979 4 16 5.87 272.92 1979 6 12 4.18 281.97 50.9 51.6
146509 4474 1979 4 18 6.42 275.57 1979 6 5 -0.57 279.38 44 NA
145047 4480 1979 4 18 6.42 275.57 1979 6 8 2.08 279.97 47.6 NA
145085 4482 1979 4 18 6.42 275.57 1979 6 6 2.57 280.8 48.6 NA
145678 4488 1979 4 18 6.42 275.57 1979 6 7 1.58 279.7 45 57.5
145742 4491 1979 4 18 6.42 275.57 1979 6 4 2.5 280.5 49.6 NA
145764 4492 1979 4 18 6.42 275.57 1979 6 11 4.1 281.53 44.7 49
145765 4493 1979 4 18 6.42 275.57 1979 6 11 4.03 282.03 41.7 50
145780 4495 1979 4 18 6.42 275.57 1979 6 7 2.5 280.67 47.6 NA
145806 4496 1979 4 18 6.42 275.57 1979 6 8 2.82 280.77 46.2 NA
145816 4498 1979 4 18 6.42 275.57 1979 6 6 3.35 281.58 43.3 50
145922 4503 1979 4 18 6.42 275.57 1979 6 1 2.52 280.2 46.9 NA
145942 4505 1979 4 18 6.42 275.57 1979 6 2 0.55 279.87 46.9 NA
146003 4512 1979 4 18 6.42 275.57 1979 6 12 0.68 279.52 40.7 52
146023 4513 1979 4 18 6.42 275.57 1979 6 6 1.72 280.28 47.6 57.5
146043 4516 1979 4 18 6.42 275.57 1979 6 24 3.92 279.72 51.6 56.6
146059 4517 1979 4 18 6.42 275.57 1979 6 25 2.33 279.58 49.6 45
146062 4518 1979 4 18 6.42 275.57 1979 6 8 2.08 279.97 48.6 56.7
146087 4520 1979 4 18 6.42 275.57 1979 6 18 4.6 281.67 45.7 56.5
146095 4522 1979 4 18 6.42 275.57 1979 6 18 4.6 281.67 46.7 54.6
146107 4525 1979 4 18 6.42 275.57 1979 6 6 2.5 281.07 46.9 49.2
146241 4529 1979 4 18 6.42 275.57 1979 6 26 2.5 279.5 54.1 52.7
146286 4532 1979 4 18 6.42 275.57 1979 6 13 3.77 282.05 44.3 48
146522 4539 1979 4 18 6.42 275.57 1979 6 4 2.5 280.5 46 NA
146603 4542 1979 4 18 6.42 275.57 1979 6 13 4.27 281.92 49.6 NA
146608 4544 1979 4 18 6.42 275.57 1979 6 29 3 277.83 44.7 53.2
146702 4545 1979 4 18 6.42 275.57 1979 6 18 6.02 281.4 48.2 55.8
146704 4546 1979 4 18 6.42 275.57 1979 6 8 2.02 280.2 54.1 58.3
146914 4553 1979 4 25 6.57 276.83 1979 6 20 4.08 280.22 53.3 53.5
146926 4555 1979 4 25 6.57 276.83 1979 6 11 4 281.83 52.3 53
147018 4558 1979 4 25 6.57 276.83 1979 6 8 2.5 280.67 56.9 NA
147106 4560 1979 4 25 6.57 276.83 1979 6 25 2.33 279.58 56.9 51
147362 4564 1979 4 26 6.22 274.97 1979 6 7 1.58 279.7 49 54.2
147514 4565 1979 4 26 6.22 274.97 1979 6 18 5.97 281.27 45.1 NA
147968 4575 1979 4 26 6.22 274.97 1979 6 5 3.55 281.53 35.8 43.4
148031 4576 1979 4 26 6.22 274.97 1979 6 11 4.03 282.03 48.7 53
148129 4579 1979 4 26 6.22 274.97 1979 6 25 2.33 279.58 42.2 49
148346 4582 1979 4 26 6.22 274.97 1979 6 7 2.82 280.22 45.1 47.5
148665 4584 1979 4 26 6.22 274.97 1979 6 9 1.75 279.92 51.6 54.1
148257 4589 1979 4 27 5.93 275.33 1979 6 13 4.27 281.92 51.9 54.8
148589 4595 1979 4 27 5.93 275.33 1979 6 22 0.95 278.78 57.4 60.6
148594 4596 1979 4 27 5.93 275.33 1979 6 1 2.55 280.45 50.7 NA
148922 4600 1979 4 27 5.93 275.33 1979 6 12 4.18 281.97 46.8 NA
149029 4602 1979 4 27 5.93 275.33 1979 6 3 2.78 280.47 43.7 60.5
149061 4605 1979 4 27 5.93 275.33 1979 6 6 2.5 281.07 41.7 42.8
149090 4607 1979 4 27 5.93 275.33 1979 6 13 3.77 282.05 47.7 49
149111 4609 1979 4 27 5.93 275.33 1979 6 4 2.5 280.5 45.1 NA
149123 4612 1979 4 27 5.93 275.33 1979 6 6 2.57 280.8 50 NA
149153 4613 1979 4 27 5.93 275.33 1979 6 11 4.03 282.03 48 NA
149310 4620 1979 4 27 5.93 275.33 1979 6 4 2.5 280.5 44.1 NA
166369 4627 1979 4 27 5.93 275.33 1979 6 5 1.47 279.82 50.5 NA
166376 4628 1979 4 27 5.93 275.33 1979 6 18 5.97 281.27 48.5 NA
166426 4631 1979 4 27 5.93 275.33 1979 6 5 2.55 280.88 47.6 49.6
149884 4638 1979 4 28 5.5 275.47 1979 6 3 1.78 280.25 50 52.1
160210 4639 1979 4 28 5.5 275.47 1979 6 6 2.57 280.8 51.6 NA
