9
id tag_no yr mo day lat lon yr_rec mo_rec day_rec lat_rec lon_rec len_rel len_rec
64344 1577 1997 9 10 40.7333 152.1167 1997 10 21 38.95 145.6 53 54.4
52852 1578 1997 7 9 34.1333 156.2167 1997 10 13 39.2 145.15 50.7 NA
52879 1579 1997 7 9 34.1333 156.2167 1997 10 13 39.1833 145.1667 50.7 53
59834 1581 1997 6 6 35.25 143.25 1997 10 5 40 144.6667 50 NA
59829 1582 1997 6 6 35.25 143.25 1997 10 7 39.1167 146.8 48 53
59813 1585 1997 6 6 35.25 143.25 1997 10 26 36.9167 141.9333 45 53.7
59824 1586 1997 6 6 35.25 143.25 1997 10 12 39.7833 148.2167 45 55.7
52863 1587 1997 7 9 34.1333 156.2167 1997 10 19 37.9667 142.9333 50.7 55
59877 1588 1997 6 20 34.4833 149.1833 1997 10 31 38.85 146.9333 47 NA
