927
id tag_no yr mo day lat lon yr_rec mo_rec day_rec lat_rec lon_rec len_rel len_rec
6207 SE01223 1978 5 17 -13.4833 183.8833 1979 3 7 -35.8167 175.3 53 0
6208 SE02257 1978 5 18 -13.5167 183.9167 1979 3 20 -17.3333 180.0667 55 54
6212 SE03518 1978 5 19 -13.5 183.9167 1979 3 4 -35.5 175.0167 49 54
6212 SE03605 1978 5 19 -13.5 183.9167 1979 3 24 -16.2667 180.3333 52 54
6215 SE04967 1978 5 20 -13.2833 183.6167 1979 3 1 -36.2 175.5 48 52
6184 SK11429 1978 5 6 -13.35 183.9667 1979 3 31 10.3333 153.25 63 71
6216 SK16687 1978 5 20 -13.25 183.6667 1979 3 1 -36.2 175.5 51 56
6302 SK29658 1978 8 10 7.5167 151.5 1979 3 9 6.6333 157.1333 50 56
6302 SK29748 1978 8 10 7.5167 151.5 1979 3 6 12.05 150.8833 50 62
6302 SK29750 1978 8 10 7.5167 151.5 1979 3 25 10.9667 147.7833 50 62
6303 SF01957 1978 10 5 24.05 141.8667 1979 3 10 0.2833 139.3167 44 53
6303 SF01971 1978 10 5 24.05 141.8667 1979 3 20 17.7 135.4 44 57
6303 SF02164 1978 10 5 24.05 141.8667 1979 3 18 20.8333 136.4167 44 0
6307 SF02332 1978 10 19 7.0333 134.8 1979 3 15 20.6 132.45 61 65
6307 SF02351 1978 10 19 7.0333 134.8 1979 3 22 7.9 145.9667 62 62
6308 SF02434 1978 10 20 7.1 134.9 1979 3 30 16.0833 130.6667 53 60
6308 SF02447 1978 10 20 7.1 134.9 1979 3 19 8.8167 147.1 60 66
6308 SH00225 1978 10 20 7.1 134.9 1979 3 28 17.1667 137 59 59
6308 SK29964 1978 10 20 7.1 134.9 1979 3 26 16.5833 126.95 57 75
6309 SF02625 1978 10 22 7.1333 138.8 1979 3 23 7.5833 145.3333 54 63
6309 SF02773 1978 10 22 7.1333 138.8 1979 3 9 14.4667 146.7167 54 60
6309 SH00275 1978 10 22 7.1333 138.8 1979 3 12 9.5 139.5833 57 0
6309 SK30262 1978 10 22 7.1333 138.8 1979 3 13 7.4667 150.6667 53 60
6309 SK30424 1978 10 22 7.1333 138.8 1979 3 28 7.2167 150.8167 52 58
6309 SK30523 1978 10 22 7.1333 138.8 1979 3 1 17.7833 136.6167 54 59
6309 SK30535 1978 10 22 7.1333 138.8 1979 3 1 17.7833 136.6167 56 60
6309 SK30721 1978 10 22 7.1333 138.8 1979 3 19 6.0333 146.5 53 53
6309 SK30728 1978 10 22 7.1333 138.8 1979 3 18 6.3667 147.6167 53 60
6287 SK27428 1978 7 23 3.0833 172.6333 1979 3 28 1.2333 173.0167 47 50
6419 SB02173 1979 1 30 -16.7667 208.7333 1979 3 13 -16.5 208.5 45 46
6364 SF04547 1978 12 27 -17.75 210.9 1979 3 19 -17.75 210.8333 51 0
6368 SH01850 1978 12 31 -17.45 210.2167 1979 3 19 -17.75 210.8333 49 0
6369 SH01911 1978 12 31 -17.6 210.2167 1979 3 20 -16.8667 210.5333 53 56
6339 SK31579 1978 12 14 -16.7667 208.9333 1979 3 13 -16.8333 209.1 52 55
6422 SB02188 1979 2 22 -35.6 175.25 1979 3 3 -35.4167 174.9333 46 49
6422 SB02196 1979 2 22 -35.6 175.25 1979 3 4 -35.4333 175 46 49
6422 SB02488 1979 2 22 -35.6 175.25 1979 3 5 -35.7167 175.3 47 0
6422 SB02489 1979 2 22 -35.6 175.25 1979 3 1 -36 176 48 49
6422 SB02529 1979 2 22 -35.6 175.25 1979 3 21 -35.7167 175.45 46 47
6422 SB02533 1979 2 22 -35.6 175.25 1979 3 2 -35.4 174.8833 46 46
6422 SB02548 1979 2 22 -35.6 175.25 1979 3 22 -35.7167 175.3 46 0
6422 SB02584 1979 2 22 -35.6 175.25 1979 3 4 -35.5 174.8333 46 48
6422 SB02673 1979 2 22 -35.6 175.25 1979 3 3 -35.45 174.9333 48 47
6422 SB02703 1979 2 22 -35.6 175.25 1979 3 2 -35.4 174.8833 48 47
6422 SB02723 1979 2 22 -35.6 175.25 1979 3 2 -35.4333 174.8833 48 0
6422 SB02729 1979 2 22 -35.6 175.25 1979 3 1 -36 176 48 47
6422 SB02734 1979 2 22 -35.6 175.25 1979 3 5 -35.8667 175.5833 48 49
6422 SB02749 1979 2 22 -35.6 175.25 1979 3 22 -35.7167 175.3 47 0
6422 SB02754 1979 2 22 -35.6 175.25 1979 3 23 -35.8833 176.0667 48 47
6422 SB02804 1979 2 22 -35.6 175.25 1979 3 21 -35.7167 175.45 48 48
6422 SB02805 1979 2 22 -35.6 175.25 1979 3 5 -35.8667 175.5833 47 46
6422 SB02824 1979 2 22 -35.6 175.25 1979 3 21 -35.7167 175.45 48 47
6422 SB02843 1979 2 22 -35.6 175.25 1979 3 22 -35.7167 175.3 46 0
6422 SB02869 1979 2 22 -35.6 175.25 1979 3 2 -34.7167 173.7 48 0
6422 SB02885 1979 2 22 -35.6 175.25 1979 3 5 -35.4333 175 46 0
6422 SB02886 1979 2 22 -35.6 175.25 1979 3 1 -36 176 44 46
6422 SB02887 1979 2 22 -35.6 175.25 1979 3 4 -35.6 175 47 49
6422 SB02894 1979 2 22 -35.6 175.25 1979 3 21 -35.7167 175 49 48
6422 SB02903 1979 2 22 -35.6 175.25 1979 3 21 -35.7167 175.45 46 47
6423 SB02928 1979 2 22 -35.3833 174.8333 1979 3 3 -35.45 174.9333 47 45
6423 SB02935 1979 2 22 -35.3833 174.8333 1979 3 5 -35.9167 175.6333 46 45
6423 SB02941 1979 2 22 -35.3833 174.8333 1979 3 4 -35.5 175.0167 45 46
6423 SB02950 1979 2 22 -35.3833 174.8333 1979 3 1 -36 176 45 45
6424 SB02956 1979 2 22 -35.3333 174.8 1979 3 5 -35.4333 175 45 44
6424 SB02958 1979 2 22 -35.3333 174.8 1979 3 4 -35.4333 175 46 47
6424 SB02960 1979 2 22 -35.3333 174.8 1979 3 4 -35.4167 175 45 43
6424 SB02967 1979 2 22 -35.3333 174.8 1979 3 4 -35.5 175.0167 46 47
6424 SB02973 1979 2 22 -35.3333 174.8 1979 3 5 -35.4333 175 46 46
6424 SB02974 1979 2 22 -35.3333 174.8 1979 3 3 -34.75 173.75 45 45
6424 SB02975 1979 2 22 -35.3333 174.8 1979 3 4 -35.5 174.8333 47 48
6424 SB02977 1979 2 22 -35.3333 174.8 1979 3 5 -35.4333 175 46 43
6424 SB02985 1979 2 22 -35.3333 174.8 1979 3 21 -35.7167 175.45 46 46
6424 SB02986 1979 2 22 -35.3333 174.8 1979 3 1 -36 176 47 46
6424 SB02990 1979 2 22 -35.3333 174.8 1979 3 4 -35.4167 175 47 47
6424 SB02991 1979 2 22 -35.3333 174.8 1979 3 1 -36 176 47 47
6424 SB02994 1979 2 22 -35.3333 174.8 1979 3 4 -35.4167 175 45 44
6423 SB03021 1979 2 22 -35.3833 174.8333 1979 3 2 -35.4 174.8833 45 50
6423 SB03042 1979 2 22 -35.3833 174.8333 1979 3 23 -35.8833 176.0667 45 42
6424 SB03054 1979 2 22 -35.3333 174.8 1979 3 4 -35.4167 175 46 46
6424 SB03062 1979 2 22 -35.3333 174.8 1979 3 1 -36 176 45 44
6424 SB03063 1979 2 22 -35.3333 174.8 1979 3 5 -35.8667 175.5833 45 45
6424 SB03069 1979 2 22 -35.3333 174.8 1979 3 3 -34.75 173.75 46 45
6424 SB03077 1979 2 22 -35.3333 174.8 1979 3 4 -35.5 175.0167 45 46
6424 SB03078 1979 2 22 -35.3333 174.8 1979 3 4 -35.5 175.0167 45 45
6424 SB03079 1979 2 22 -35.3333 174.8 1979 3 4 -35.5 174.8333 46 48
6424 SB03080 1979 2 22 -35.3333 174.8 1979 3 3 -34.75 173.75 46 45
6424 SB03081 1979 2 22 -35.3333 174.8 1979 3 22 -35.7167 175.3 45 0
6424 SB03082 1979 2 22 -35.3333 174.8 1979 3 4 -35.5 175.0167 45 45
6422 SB03109 1979 2 22 -35.6 175.25 1979 3 5 -35.4333 175 49 0
6422 SB03134 1979 2 22 -35.6 175.25 1979 3 2 -35.4 174.8833 47 48
6422 SB03141 1979 2 22 -35.6 175.25 1979 3 5 -35.7167 175.3 49 0
6422 SB03145 1979 2 22 -35.6 175.25 1979 3 5 -35.4 174.9333 49 0
6422 SB03146 1979 2 22 -35.6 175.25 1979 3 5 -35.8667 175.5833 48 47
6422 SB03151 1979 2 22 -35.6 175.25 1979 3 4 -35.4167 175 48 45
6422 SB03156 1979 2 22 -35.6 175.25 1979 3 20 -36.05 175.9667 48 48
6423 SB03175 1979 2 22 -35.3833 174.8333 1979 3 21 -35.7167 175.45 46 46
6423 SB03183 1979 2 22 -35.3833 174.8333 1979 3 4 -35.5 175.0167 45 46
6423 SB03188 1979 2 22 -35.3833 174.8333 1979 3 3 -34.75 173.75 46 45
6423 SB03189 1979 2 22 -35.3833 174.8333 1979 3 5 -35.4 174.9333 46 46
6423 SB03193 1979 2 22 -35.3833 174.8333 1979 3 1 -36 176 45 45
6423 SB03199 1979 2 22 -35.3833 174.8333 1979 3 20 -36.05 175.9667 46 46
6424 SB03209 1979 2 22 -35.3333 174.8 1979 3 4 -35.4333 175 45 50
6424 SB03212 1979 2 22 -35.3333 174.8 1979 3 5 -35.9167 175.6333 48 48
6424 SB03217 1979 2 22 -35.3333 174.8 1979 3 5 -35.4 174.9333 45 45
6424 SB03220 1979 2 22 -35.3333 174.8 1979 3 5 -35.4333 175 43 44
6424 SB03226 1979 2 22 -35.3333 174.8 1979 3 5 -35.7167 175.3 43 0
6424 SB03227 1979 2 22 -35.3333 174.8 1979 3 4 -35.4167 175 45 44
6424 SB03228 1979 2 22 -35.3333 174.8 1979 3 4 -35.5 175.0167 46 45
6424 SB03231 1979 2 22 -35.3333 174.8 1979 3 5 -35.4 174.9333 45 45
6424 SB03235 1979 2 22 -35.3333 174.8 1979 3 5 -35.4333 175 45 44
6424 SB03237 1979 2 22 -35.3333 174.8 1979 3 4 -35.4333 175 45 47
6424 SB03238 1979 2 22 -35.3333 174.8 1979 3 3 -35.4333 174.8667 47 46
6424 SB03240 1979 2 22 -35.3333 174.8 1979 3 1 -36 176 45 46
6424 SB03241 1979 2 22 -35.3333 174.8 1979 3 5 -35.4 174.9333 46 45
6424 SB03244 1979 2 22 -35.3333 174.8 1979 3 4 -35.5 174.8333 44 48
6424 SB03245 1979 2 22 -35.3333 174.8 1979 3 1 -36 176 45 46
6424 SB03247 1979 2 22 -35.3333 174.8 1979 3 5 -35.9167 175.6333 44 44
6424 SB03253 1979 2 22 -35.3333 174.8 1979 3 3 -35.4167 174.9333 48 49
6424 SB03256 1979 2 22 -35.3333 174.8 1979 3 3 -34.7167 173.75 44 43
6424 SB03258 1979 2 22 -35.3333 174.8 1979 3 1 -36 176 46 46
6424 SB03261 1979 2 22 -35.3333 174.8 1979 3 4 -35.4167 175 44 47
6424 SB03266 1979 2 22 -35.3333 174.8 1979 3 4 -35.5 175.0167 46 46
6424 SB03270 1979 2 22 -35.3333 174.8 1979 3 1 -36 176 44 44
6424 SB03275 1979 2 22 -35.3333 174.8 1979 3 5 -35.4 174.9333 46 46
6424 SB03278 1979 2 22 -35.3333 174.8 1979 3 4 -35.5 175.0167 47 0
6424 SB03280 1979 2 22 -35.3333 174.8 1979 3 4 -35.5 175.0167 44 45
6424 SB03281 1979 2 22 -35.3333 174.8 1979 3 5 -35.9167 175.6333 45 46
6424 SB03293 1979 2 22 -35.3333 174.8 1979 3 3 -35.4333 174.8667 46 46
6424 SB03298 1979 2 22 -35.3333 174.8 1979 3 1 -36 176 44 44
6424 SB03330 1979 2 22 -35.3333 174.8 1979 3 5 -35.4333 175 47 47
6424 SB03333 1979 2 22 -35.3333 174.8 1979 3 5 -35.4333 175 47 47
6424 SB03342 1979 2 22 -35.3333 174.8 1979 3 5 -35.4333 175 46 46
6424 SB03345 1979 2 22 -35.3333 174.8 1979 3 2 -35.4 174.8833 46 48
6424 SB03347 1979 2 22 -35.3333 174.8 1979 3 4 -35.4167 175 46 45
6424 SB03357 1979 2 22 -35.3333 174.8 1979 3 3 -35.4333 174.8667 48 46
6424 SB03358 1979 2 22 -35.3333 174.8 1979 3 3 -34.75 173.75 46 46
6424 SB03362 1979 2 22 -35.3333 174.8 1979 3 4 -35.4167 175 45 45
6424 SB03364 1979 2 22 -35.3333 174.8 1979 3 1 -36 176 48 48
6424 SB03366 1979 2 22 -35.3333 174.8 1979 3 3 -34.75 173.75 45 45
6424 SB03369 1979 2 22 -35.3333 174.8 1979 3 5 -35.4333 175 46 45
6424 SB03380 1979 2 22 -35.3333 174.8 1979 3 4 -35.5 175.0167 45 45
6424 SB03387 1979 2 22 -35.3333 174.8 1979 3 5 -35.4 174.9333 44 44
6424 SB03388 1979 2 22 -35.3333 174.8 1979 3 4 -35.4167 175 47 45
6424 SB03402 1979 2 22 -35.3333 174.8 1979 3 4 -35.5 174.8333 47 48
6424 SB03403 1979 2 22 -35.3333 174.8 1979 3 21 -35.7167 175.45 45 46
6424 SB03421 1979 2 22 -35.3333 174.8 1979 3 4 -35.4333 175 46 47
6424 SB03432 1979 2 22 -35.3333 174.8 1979 3 5 -35.4 174.9333 45 45
6424 SB03436 1979 2 22 -35.3333 174.8 1979 3 4 -35.5 175.0167 46 46
6424 SB03438 1979 2 22 -35.3333 174.8 1979 3 5 -35.9167 175.6333 45 46
6424 SB03439 1979 2 22 -35.3333 174.8 1979 3 1 -36 176 45 45
6424 SB03442 1979 2 22 -35.3333 174.8 1979 3 5 -35.4 174.9333 46 46
6424 SB03459 1979 2 22 -35.3333 174.8 1979 3 22 -35.7167 175.3 47 0
6424 SB03462 1979 2 22 -35.3333 174.8 1979 3 4 -35.4167 175 46 47
6424 SB03471 1979 2 22 -35.3333 174.8 1979 3 1 -36 176 43 0
6424 SB03482 1979 2 22 -35.3333 174.8 1979 3 4 -35.4167 175 45 47
6424 SB03484 1979 2 22 -35.3333 174.8 1979 3 3 -35.4333 174.8667 45 45
6424 SB03488 1979 2 22 -35.3333 174.8 1979 3 5 -35.7167 175.3 45 0
6424 SB03494 1979 2 22 -35.3333 174.8 1979 3 3 -34.75 173.75 47 45
6424 SB03500 1979 2 22 -35.3333 174.8 1979 3 1 -36 176 45 43
6423 SB03506 1979 2 22 -35.3833 174.8333 1979 3 1 -36 176 46 48
6423 SB03515 1979 2 22 -35.3833 174.8333 1979 3 4 -35.5 175.0167 44 46
6423 SB03532 1979 2 22 -35.3833 174.8333 1979 3 4 -35.5 175.0167 44 44
6423 SB03534 1979 2 22 -35.3833 174.8333 1979 3 3 -35.4167 174.9333 43 46
6424 SB03540 1979 2 22 -35.3333 174.8 1979 3 3 -34.75 173.75 44 44
6424 SB03544 1979 2 22 -35.3333 174.8 1979 3 5 -35.4333 175 45 0
6424 SB03546 1979 2 22 -35.3333 174.8 1979 3 4 -35.5 175.0167 45 45
6424 SB03547 1979 2 22 -35.3333 174.8 1979 3 4 -35.5 175.0167 44 45
6424 SB03551 1979 2 22 -35.3333 174.8 1979 3 21 -35.7167 175.45 46 46
6424 SB03557 1979 2 22 -35.3333 174.8 1979 3 2 -35.4 174.8833 46 48
6424 SB03562 1979 2 22 -35.3333 174.8 1979 3 4 -35.5 175.0167 47 0
6424 SB03564 1979 2 22 -35.3333 174.8 1979 3 3 -34.75 173.75 46 45
6424 SB03565 1979 2 22 -35.3333 174.8 1979 3 3 -34.75 173.75 43 45
6424 SB03568 1979 2 22 -35.3333 174.8 1979 3 5 -35.4333 175 46 44
6424 SB03573 1979 2 22 -35.3333 174.8 1979 3 3 -35.4167 174.9333 45 47
6424 SB03574 1979 2 22 -35.3333 174.8 1979 3 5 -35.9167 175.6333 44 46
6424 SB03582 1979 2 22 -35.3333 174.8 1979 3 5 -35.4333 175 46 45
6424 SB03587 1979 2 22 -35.3333 174.8 1979 3 1 -36 176 48 44
6424 SB03589 1979 2 22 -35.3333 174.8 1979 3 4 -35.5 175.0167 45 45
6424 SB03590 1979 2 22 -35.3333 174.8 1979 3 7 -35.8167 175.3 44 0
6424 SB03597 1979 2 22 -35.3333 174.8 1979 3 5 -35.4333 175 45 48
6424 SB03598 1979 2 22 -35.3333 174.8 1979 3 4 -35.5 175.0167 43 44
6424 SB03599 1979 2 22 -35.3333 174.8 1979 3 4 -35.5 174.8333 46 48
6424 SB03600 1979 2 22 -35.3333 174.8 1979 3 3 -35.4333 174.8667 44 43
6424 SB03601 1979 2 22 -35.3333 174.8 1979 3 3 -35.4167 174.9333 46 48
6424 SB03612 1979 2 22 -35.3333 174.8 1979 3 3 -35.4167 174.9333 45 46
6424 SB03615 1979 2 22 -35.3333 174.8 1979 3 4 -35.5 175.0167 44 45
6424 SB03620 1979 2 22 -35.3333 174.8 1979 3 4 -35.4167 175 47 47
6424 SB03629 1979 2 22 -35.3333 174.8 1979 3 3 -35.4333 174.8667 49 49
6424 SB03631 1979 2 22 -35.3333 174.8 1979 3 5 -35.4333 175 44 46
6424 SB03637 1979 2 22 -35.3333 174.8 1979 3 1 -36 176 46 45
6424 SB03638 1979 2 22 -35.3333 174.8 1979 3 5 -35.4333 175 45 45
6424 SB03642 1979 2 22 -35.3333 174.8 1979 3 1 -36 176 46 46
6424 SB03643 1979 2 22 -35.3333 174.8 1979 3 3 -34.75 173.75 43 44
6424 SB03644 1979 2 22 -35.3333 174.8 1979 3 4 -35.4167 175 44 43
6424 SB03651 1979 2 22 -35.3333 174.8 1979 3 1 -36 176 46 47
6424 SB03652 1979 2 22 -35.3333 174.8 1979 3 5 -35.4 174.9333 46 45
6424 SB03654 1979 2 22 -35.3333 174.8 1979 3 4 -35.5 174.8333 43 48
6424 SB03657 1979 2 22 -35.3333 174.8 1979 3 4 -35.4167 175 45 45
6424 SB03665 1979 2 22 -35.3333 174.8 1979 3 5 -35.4 174.9333 41 41
6424 SB03669 1979 2 22 -35.3333 174.8 1979 3 5 -35.4 174.9333 46 46
6424 SB03671 1979 2 22 -35.3333 174.8 1979 3 1 -36 176 45 45
6424 SB03676 1979 2 22 -35.3333 174.8 1979 3 1 -36 176 45 44
6424 SB03679 1979 2 22 -35.3333 174.8 1979 3 22 -35.7167 175.3 44 0
6424 SB03685 1979 2 22 -35.3333 174.8 1979 3 5 -35.4333 175 45 45
6424 SB03689 1979 2 22 -35.3333 174.8 1979 3 1 -36 176 46 46
6424 SB03690 1979 2 22 -35.3333 174.8 1979 3 5 -35.4 174.9333 45 0
6424 SB03713 1979 2 22 -35.3333 174.8 1979 3 4 -35.4167 175 45 45
6424 SB03715 1979 2 22 -35.3333 174.8 1979 3 6 -35.95 175.8667 45 43
6424 SB03717 1979 2 22 -35.3333 174.8 1979 3 1 -36 176 45 46
6424 SB03724 1979 2 22 -35.3333 174.8 1979 3 4 -35.5 174.8333 46 48
6424 SB03728 1979 2 22 -35.3333 174.8 1979 3 1 -36 176 45 45
6424 SB03734 1979 2 22 -35.3333 174.8 1979 3 4 -35.4333 175 46 46
6424 SB03738 1979 2 22 -35.3333 174.8 1979 3 5 -35.9167 175.6333 46 46
6424 SB03739 1979 2 22 -35.3333 174.8 1979 3 5 -35.4333 175 46 46
6424 SB03740 1979 2 22 -35.3333 174.8 1979 3 1 -36 176 45 43
6424 SB03742 1979 2 22 -35.3333 174.8 1979 3 4 -35.5 174.8333 45 48
6424 SB03750 1979 2 22 -35.3333 174.8 1979 3 4 -35.4167 175 46 47
6424 SB03767 1979 2 22 -35.3333 174.8 1979 3 4 -35.5 175.0167 46 45
6424 SB03778 1979 2 22 -35.3333 174.8 1979 3 5 -35.9167 175.6333 45 44
6424 SB03779 1979 2 22 -35.3333 174.8 1979 3 5 -35.9167 175.6333 45 44
6424 SB03791 1979 2 22 -35.3333 174.8 1979 3 4 -35.5 175.0167 45 45
6424 SB03806 1979 2 22 -35.3333 174.8 1979 3 1 -36 176 46 44
6424 SB03807 1979 2 22 -35.3333 174.8 1979 3 5 -35.4 174.9333 46 45
6424 SB03810 1979 2 22 -35.3333 174.8 1979 3 5 -35.9167 175.6333 44 44
6424 SB03812 1979 2 22 -35.3333 174.8 1979 3 5 -35.4 174.9333 46 47
6424 SB03821 1979 2 22 -35.3333 174.8 1979 3 5 -35.4333 175 44 44
6424 SB03824 1979 2 22 -35.3333 174.8 1979 3 5 -35.4 174.9333 46 44
6424 SB03832 1979 2 22 -35.3333 174.8 1979 3 3 -34.75 173.75 45 45
6424 SB03834 1979 2 22 -35.3333 174.8 1979 3 3 -35.4333 174.8667 45 46
6424 SB03842 1979 2 22 -35.3333 174.8 1979 3 5 -35.9167 175.6333 46 47
6424 SB03843 1979 2 22 -35.3333 174.8 1979 3 7 -35.8167 175.3 46 0
6424 SB03854 1979 2 22 -35.3333 174.8 1979 3 5 -35.4333 175 45 44
6424 SB03861 1979 2 22 -35.3333 174.8 1979 3 4 -35.5 175.0167 44 0
6424 SB03865 1979 2 22 -35.3333 174.8 1979 3 2 -35.4333 174.8833 44 43
6424 SB03866 1979 2 22 -35.3333 174.8 1979 3 20 -36.05 175.9667 44 45
6424 SB03869 1979 2 22 -35.3333 174.8 1979 3 5 -35.4 174.9333 46 45
6424 SB03876 1979 2 22 -35.3333 174.8 1979 3 4 -35.5 175.0167 44 0
6424 SB03878 1979 2 22 -35.3333 174.8 1979 3 5 -35.4333 175 46 47
6424 SB03898 1979 2 22 -35.3333 174.8 1979 3 5 -35.4333 175 45 46
6424 SB03899 1979 2 22 -35.3333 174.8 1979 3 1 -36 176 45 44
6424 SB03900 1979 2 22 -35.3333 174.8 1979 3 5 -35.4 174.9333 45 43
6424 SB03907 1979 2 22 -35.3333 174.8 1979 3 3 -35.4333 174.8667 44 43
6424 SB03908 1979 2 22 -35.3333 174.8 1979 3 4 -35.5 175.0167 44 44
6424 SB03915 1979 2 22 -35.3333 174.8 1979 3 3 -34.75 173.75 45 45
6424 SB03921 1979 2 22 -35.3333 174.8 1979 3 5 -35.4 174.9333 44 44
6424 SB03926 1979 2 22 -35.3333 174.8 1979 3 21 -35.7167 175.45 44 44
6424 SB03936 1979 2 22 -35.3333 174.8 1979 3 4 -35.4333 175 46 50
6424 SB03954 1979 2 22 -35.3333 174.8 1979 3 5 -35.4333 175 44 44
6424 SB03959 1979 2 22 -35.3333 174.8 1979 3 5 -35.4333 175 45 45
6424 SB03962 1979 2 22 -35.3333 174.8 1979 3 4 -35.5 175.0167 45 45
6424 SB03966 1979 2 22 -35.3333 174.8 1979 3 2 -35.4 174.8833 44 48
6425 SB03975 1979 2 26 -34.8667 173.8833 1979 3 3 -34.75 173.75 55 56
6424 SB04005 1979 2 22 -35.3333 174.8 1979 3 4 -35.4333 175 47 50
6424 SB04008 1979 2 22 -35.3333 174.8 1979 3 3 -34.75 173.75 44 45
6424 SB04009 1979 2 22 -35.3333 174.8 1979 3 4 -35.5 175.0167 45 44
6424 SB04014 1979 2 22 -35.3333 174.8 1979 3 5 -35.4 174.9333 46 46
6424 SB04016 1979 2 22 -35.3333 174.8 1979 3 4 -35.4167 175 45 47
6424 SB04018 1979 2 22 -35.3333 174.8 1979 3 1 -36 176 50 51
6424 SB04023 1979 2 22 -35.3333 174.8 1979 3 5 -35.4 174.9333 46 0
6424 SB04029 1979 2 22 -35.3333 174.8 1979 3 4 -35.5 175.0167 45 45
6424 SB04030 1979 2 22 -35.3333 174.8 1979 3 21 -35.7167 175.45 46 46
6424 SB04038 1979 2 22 -35.3333 174.8 1979 3 5 -35.4333 175 47 47
6424 SB04052 1979 2 22 -35.3333 174.8 1979 3 5 -35.4333 175 45 46
6424 SB04057 1979 2 22 -35.3333 174.8 1979 3 21 -35.7167 175.45 45 46
6424 SB04062 1979 2 22 -35.3333 174.8 1979 3 4 -35.4167 175 46 43
6424 SB04065 1979 2 22 -35.3333 174.8 1979 3 1 -36 176 46 44
6424 SB04068 1979 2 22 -35.3333 174.8 1979 3 4 -35.4167 175 45 47
6424 SB04077 1979 2 22 -35.3333 174.8 1979 3 1 -36 176 44 44
6424 SB04089 1979 2 22 -35.3333 174.8 1979 3 4 -35.4167 175 44 45
6424 SB04092 1979 2 22 -35.3333 174.8 1979 3 5 -35.9167 175.6333 46 46
6425 SB04114 1979 2 26 -34.8667 173.8833 1979 3 2 -34.7167 173.7 54 0
6428 SB04177 1979 2 27 -35.2167 174.5833 1979 3 4 -35.5 175.0167 47 47
6428 SB04189 1979 2 27 -35.2167 174.5833 1979 3 1 -36 176 48 47
6424 SB04202 1979 2 22 -35.3333 174.8 1979 3 5 -35.4333 175 45 45
6424 SB04203 1979 2 22 -35.3333 174.8 1979 3 5 -35.9167 175.6333 46 46
6424 SB04205 1979 2 22 -35.3333 174.8 1979 3 4 -35.5 175.0167 46 0
6424 SB04207 1979 2 22 -35.3333 174.8 1979 3 4 -35.4167 175 45 44
6424 SB04210 1979 2 22 -35.3333 174.8 1979 3 3 -35.4333 174.8667 54 54
6424 SB04213 1979 2 22 -35.3333 174.8 1979 3 1 -36 176 46 47
6424 SB04217 1979 2 22 -35.3333 174.8 1979 3 7 -35.8167 175.3 47 0
6424 SB04227 1979 2 22 -35.3333 174.8 1979 3 5 -35.4333 175 44 44
6424 SB04230 1979 2 22 -35.3333 174.8 1979 3 4 -35.5 175.0167 44 44
6424 SB04238 1979 2 22 -35.3333 174.8 1979 3 4 -35.5 175.0167 48 49
6424 SB04239 1979 2 22 -35.3333 174.8 1979 3 5 -35.3833 174.8833 47 47
6424 SB04244 1979 2 22 -35.3333 174.8 1979 3 5 -35.4 174.9333 43 44
6424 SB04245 1979 2 22 -35.3333 174.8 1979 3 4 -35.4167 175 44 44
6425 SB04254 1979 2 26 -34.8667 173.8833 1979 3 2 -35.4 174.8833 55 48
6425 SB04262 1979 2 26 -34.8667 173.8833 1979 3 2 -34.7167 173.7 56 0
6425 SB04276 1979 2 26 -34.8667 173.8833 1979 3 2 -34.7167 173.7 54 55
6425 SB04281 1979 2 26 -34.8667 173.8833 1979 3 3 -34.75 173.75 48 47
6427 SB04301 1979 2 26 -34.9167 173.9 1979 3 2 -34.7167 173.7 50 50
6427 SB04302 1979 2 26 -34.9167 173.9 1979 3 3 -34.75 173.75 49 47
6427 SB04313 1979 2 26 -34.9167 173.9 1979 3 2 -34.7167 173.7 49 49
6427 SB04324 1979 2 26 -34.9167 173.9 1979 3 2 -34.7167 173.7 49 0
6428 SB04338 1979 2 27 -35.2167 174.5833 1979 3 5 -35.9167 175.6333 44 0
6428 SB04354 1979 2 27 -35.2167 174.5833 1979 3 5 -35.9167 175.6333 47 46
6428 SB04368 1979 2 27 -35.2167 174.5833 1979 3 20 -35.7167 175.3 46 45
6428 SB04383 1979 2 27 -35.2167 174.5833 1979 3 4 -35.4167 175 44 44
6428 SB04390 1979 2 27 -35.2167 174.5833 1979 3 5 -35.9167 175.6333 46 46
6427 SB04426 1979 2 26 -34.9167 173.9 1979 3 2 -34.7167 173.7 48 49
6427 SB04427 1979 2 26 -34.9167 173.9 1979 3 2 -34.5667 173.6667 48 49
6427 SB04444 1979 2 26 -34.9167 173.9 1979 3 3 -34.75 173.75 50 51
6427 SB04451 1979 2 26 -34.9167 173.9 1979 3 2 -34.7167 173.7 49 48
6427 SB04481 1979 2 26 -34.9167 173.9 1979 3 2 -34.7167 173.7 51 0
6428 SB04498 1979 2 27 -35.2167 174.5833 1979 3 3 -34.75 173.75 48 47
6428 SB04507 1979 2 27 -35.2167 174.5833 1979 3 1 -36 176 46 47
6428 SB04522 1979 2 27 -35.2167 174.5833 1979 3 4 -35.4167 175 45 45
6428 SB04551 1979 2 27 -35.2167 174.5833 1979 3 2 -34.7167 173.7 46 48
6428 SB04557 1979 2 27 -35.2167 174.5833 1979 3 1 -36 176 45 44
6428 SB04571 1979 2 27 -35.2167 174.5833 1979 3 5 -35.4333 175 46 46
6428 SB04588 1979 2 27 -35.2167 174.5833 1979 3 4 -35.5 175.0167 45 0
6429 SB04599 1979 2 27 -35.2667 174.6833 1979 3 5 -35.3833 174.8833 46 46
6428 SB04607 1979 2 27 -35.2167 174.5833 1979 3 22 -35.7167 175.3 45 0
6428 SB04611 1979 2 27 -35.2167 174.5833 1979 3 21 -36.05 176.0667 46 46
6428 SB04624 1979 2 27 -35.2167 174.5833 1979 3 5 -35.9167 175.6333 53 53
6428 SB04629 1979 2 27 -35.2167 174.5833 1979 3 1 -36 176 46 47
6428 SB04630 1979 2 27 -35.2167 174.5833 1979 3 2 -35.4 174.8833 47 48
6428 SB04657 1979 2 27 -35.2167 174.5833 1979 3 4 -35.5 175.0167 46 47
6428 SB04668 1979 2 27 -35.2167 174.5833 1979 3 4 -35.4167 175 46 47
6428 SB04678 1979 2 27 -35.2167 174.5833 1979 3 3 -34.75 173.75 48 46
6428 SB04681 1979 2 27 -35.2167 174.5833 1979 3 3 -35.4333 174.8667 46 45
6428 SB04682 1979 2 27 -35.2167 174.5833 1979 3 5 -35.4333 175 46 47
6428 SB04704 1979 2 27 -35.2167 174.5833 1979 3 21 -35.7167 175.45 46 45
6428 SB04708 1979 2 27 -35.2167 174.5833 1979 3 22 -35.7167 175.3 46 0
6428 SB04712 1979 2 27 -35.2167 174.5833 1979 3 5 -35.7167 175.3 46 0
6428 SB04716 1979 2 27 -35.2167 174.5833 1979 3 4 -35.5 175.0167 46 46
6428 SB04718 1979 2 27 -35.2167 174.5833 1979 3 5 -35.4 174.9333 46 44
6428 SB04722 1979 2 27 -35.2167 174.5833 1979 3 1 -36 176 45 45
6428 SB04731 1979 2 27 -35.2167 174.5833 1979 3 1 -36 176 46 46
6428 SB04733 1979 2 27 -35.2167 174.5833 1979 3 3 -35.45 174.9333 45 45
6428 SB04735 1979 2 27 -35.2167 174.5833 1979 3 5 -35.4 174.9333 46 44
6428 SB04755 1979 2 27 -35.2167 174.5833 1979 3 1 -36 176 47 47
6428 SB04757 1979 2 27 -35.2167 174.5833 1979 3 4 -35.5 175.0167 46 0
6428 SB04771 1979 2 27 -35.2167 174.5833 1979 3 1 -36 176 50 50
6428 SB04782 1979 2 27 -35.2167 174.5833 1979 3 1 -36 176 47 48
6428 SB04784 1979 2 27 -35.2167 174.5833 1979 3 5 -35.4333 175 48 47
6428 SB04823 1979 2 27 -35.2167 174.5833 1979 3 2 -35.4 174.8833 46 48
6428 SB04854 1979 2 27 -35.2167 174.5833 1979 3 2 -34.7167 173.7 44 43
6428 SB04857 1979 2 27 -35.2167 174.5833 1979 3 22 -35.7167 175.3 47 47
6428 SB04858 1979 2 27 -35.2167 174.5833 1979 3 4 -35.5 175.0167 46 0
6428 SB04862 1979 2 27 -35.2167 174.5833 1979 3 4 -35.5 175.0167 46 46
6428 SB04866 1979 2 27 -35.2167 174.5833 1979 3 4 -35.4333 175 44 47
6428 SB04868 1979 2 27 -35.2167 174.5833 1979 3 1 -36 176 47 46
6428 SB04869 1979 2 27 -35.2167 174.5833 1979 3 4 -35.5 175.0167 49 0
6428 SB04874 1979 2 27 -35.2167 174.5833 1979 3 5 -35.3833 174.8833 44 45
6428 SB04895 1979 2 27 -35.2167 174.5833 1979 3 4 -35.5 175.0167 45 45
6429 SB04904 1979 2 27 -35.2667 174.6833 1979 3 5 -35.7167 175.3 46 0
6429 SB04911 1979 2 27 -35.2667 174.6833 1979 3 5 -35.4 174.9333 43 43
6429 SB04921 1979 2 27 -35.2667 174.6833 1979 3 3 -34.75 173.75 49 49
6430 SB04955 1979 2 28 -35.2167 174.65 1979 3 21 -35.7167 175.45 46 46
6430 SB04960 1979 2 28 -35.2167 174.65 1979 3 2 -35.4 174.8833 47 46
6430 SB04972 1979 2 28 -35.2167 174.65 1979 3 5 -35.4 174.9333 46 46
6431 SB04977 1979 3 2 -35.4333 174.8833 1979 3 6 -35.95 175.8667 44 45
6431 SB04995 1979 3 2 -35.4333 174.8833 1979 3 5 -35.4 174.9333 45 46
6431 SB04999 1979 3 2 -35.4333 174.8833 1979 3 21 -36.05 176.0667 47 48
6436 SH06024 1979 3 2 -35.4 174.9 1979 3 2 -36 176 45 45
6436 SH06041 1979 3 2 -35.4 174.9 1979 3 4 -35.4333 175 46 48
6436 SH06045 1979 3 2 -35.4 174.9 1979 3 3 -34.75 173.75 45 45
6436 SH06049 1979 3 2 -35.4 174.9 1979 3 3 -35.4333 174.8667 47 48
6436 SH06073 1979 3 2 -35.4 174.9 1979 3 2 -36 176 46 44
6436 SH06074 1979 3 2 -35.4 174.9 1979 3 2 -36 176 46 45
6436 SH06075 1979 3 2 -35.4 174.9 1979 3 5 -35.4 174.9333 45 46
6436 SH06077 1979 3 2 -35.4 174.9 1979 3 4 -35.5 175.0167 45 46
6436 SH06082 1979 3 2 -35.4 174.9 1979 3 4 -35.4167 175 44 44
6436 SH06087 1979 3 2 -35.4 174.9 1979 3 2 -36 176 44 44
6436 SH06088 1979 3 2 -35.4 174.9 1979 3 3 -35.4167 174.9333 45 48
6436 SH06090 1979 3 2 -35.4 174.9 1979 3 4 -35.5 175.0167 45 46
6436 SH06093 1979 3 2 -35.4 174.9 1979 3 5 -35.4333 175 46 45
6436 SH06100 1979 3 2 -35.4 174.9 1979 3 2 -36 176 45 44
6436 SH06101 1979 3 2 -35.4 174.9 1979 3 2 -36 176 46 45
6436 SH06110 1979 3 2 -35.4 174.9 1979 3 5 -35.7167 175.3 46 45
6436 SH06119 1979 3 2 -35.4 174.9 1979 3 2 -36 176 46 45
6436 SH06162 1979 3 2 -35.4 174.9 1979 3 5 -35.4333 175 46 46
6436 SH06193 1979 3 2 -35.4 174.9 1979 3 5 -35.4 174.9333 49 49
6436 SH06198 1979 3 2 -35.4 174.9 1979 3 5 -35.7167 175.3 46 0
6436 SH06230 1979 3 2 -35.4 174.9 1979 3 5 -35.4333 175 47 47
6436 SH06248 1979 3 2 -35.4 174.9 1979 3 2 -35.4 174.8833 45 46
6436 SH06250 1979 3 2 -35.4 174.9 1979 3 3 -35.45 174.9333 47 47
6436 SH06255 1979 3 2 -35.4 174.9 1979 3 5 -35.4 174.9333 49 48
6436 SH06267 1979 3 2 -35.4 174.9 1979 3 3 -35.4167 174.9333 44 46
6436 SH06278 1979 3 2 -35.4 174.9 1979 3 2 -36 176 46 46
6436 SH06283 1979 3 2 -35.4 174.9 1979 3 4 -35.5 174.8333 44 48
6436 SH06286 1979 3 2 -35.4 174.9 1979 3 4 -35.4167 175 47 47
6436 SH06288 1979 3 2 -35.4 174.9 1979 3 2 -35.4 174.8833 44 45
6436 SH06295 1979 3 2 -35.4 174.9 1979 3 2 -35.4 174.8833 45 60
6436 SH06296 1979 3 2 -35.4 174.9 1979 3 4 -35.4167 175 46 45
6436 SH06305 1979 3 2 -35.4 174.9 1979 3 2 -36 176 45 44
6436 SH06308 1979 3 2 -35.4 174.9 1979 3 2 -35.4 174.8833 46 47
6436 SH06325 1979 3 2 -35.4 174.9 1979 3 5 -35.4333 175 46 43
6436 SH06333 1979 3 2 -35.4 174.9 1979 3 3 -34.75 173.75 42 0
6436 SH06338 1979 3 2 -35.4 174.9 1979 3 2 -36 176 44 45
6436 SH06339 1979 3 2 -35.4 174.9 1979 3 4 -35.5 174.8333 44 48
6436 SH06345 1979 3 2 -35.4 174.9 1979 3 5 -35.4333 175 45 0
6436 SH06347 1979 3 2 -35.4 174.9 1979 3 2 -35.4 174.8833 45 47
6436 SH06359 1979 3 2 -35.4 174.9 1979 3 2 -35.4 174.8833 46 49
6436 SH06368 1979 3 2 -35.4 174.9 1979 3 21 -35.7167 175.45 44 44
6436 SH06369 1979 3 2 -35.4 174.9 1979 3 4 -35.4167 175 46 45
6436 SH06392 1979 3 2 -35.4 174.9 1979 3 4 -35.5 174.8333 45 48
6436 SH06396 1979 3 2 -35.4 174.9 1979 3 4 -35.4167 175 45 45
6436 SH06452 1979 3 2 -35.4 174.9 1979 3 2 -36 176 46 45
6436 SH06468 1979 3 2 -35.4 174.9 1979 3 7 -35.8167 175.3 47 0
6436 SH06469 1979 3 2 -35.4 174.9 1979 3 4 -35.4167 175 45 45
6436 SH06497 1979 3 2 -35.4 174.9 1979 3 5 -35.4 174.9333 46 45
6436 SH06508 1979 3 2 -35.4 174.9 1979 3 23 -35.7167 175.45 45 46
6436 SH06510 1979 3 2 -35.4 174.9 1979 3 3 -34.75 173.75 44 45
6436 SH06517 1979 3 2 -35.4 174.9 1979 3 5 -35.4333 175 47 46
6436 SH06527 1979 3 2 -35.4 174.9 1979 3 4 -35.4167 175 46 46
6436 SH06534 1979 3 2 -35.4 174.9 1979 3 4 -35.5 175.0167 45 45
6436 SH06536 1979 3 2 -35.4 174.9 1979 3 2 -35.4333 174.8833 47 49
6436 SH06548 1979 3 2 -35.4 174.9 1979 3 4 -35.4 174.9333 42 42
6436 SH06562 1979 3 2 -35.4 174.9 1979 3 5 -35.4 174.9333 46 48
6436 SH06566 1979 3 2 -35.4 174.9 1979 3 4 -35.5 174.8333 46 48
6436 SH06583 1979 3 2 -35.4 174.9 1979 3 2 -36 176 43 43
6436 SH06600 1979 3 2 -35.4 174.9 1979 3 2 -35.4 174.8833 47 49
6436 SH06602 1979 3 2 -35.4 174.9 1979 3 4 -35.4167 175 46 45
6436 SH06603 1979 3 2 -35.4 174.9 1979 3 2 -35.4 174.8833 46 47
6436 SH06616 1979 3 2 -35.4 174.9 1979 3 5 -35.9167 175.6333 46 46
6436 SH06619 1979 3 2 -35.4 174.9 1979 3 5 -35.4333 175 46 46
6436 SH06621 1979 3 2 -35.4 174.9 1979 3 2 -36 176 46 45
6436 SH06623 1979 3 2 -35.4 174.9 1979 3 5 -35.4333 175 46 46
6436 SH06625 1979 3 2 -35.4 174.9 1979 3 7 -35.8167 175.3 46 0
6436 SH06660 1979 3 2 -35.4 174.9 1979 3 5 -35.7167 175.3 46 0
6436 SH06662 1979 3 2 -35.4 174.9 1979 3 4 -35.4167 175 46 42
6436 SH06663 1979 3 2 -35.4 174.9 1979 3 4 -35.5 175.0167 46 46
6436 SH06668 1979 3 2 -35.4 174.9 1979 3 2 -36 176 46 43
6436 SH06682 1979 3 2 -35.4 174.9 1979 3 2 -36 176 46 45
6436 SH06683 1979 3 2 -35.4 174.9 1979 3 2 -36 176 46 45
6436 SH06685 1979 3 2 -35.4 174.9 1979 3 5 -35.9167 175.6333 46 47
6436 SH06715 1979 3 2 -35.4 174.9 1979 3 2 -35.4 174.8833 51 46
6436 SH06716 1979 3 2 -35.4 174.9 1979 3 5 -35.9167 175.6333 44 45
6436 SH06723 1979 3 2 -35.4 174.9 1979 3 3 -35.4333 174.8667 49 49
6436 SH06730 1979 3 2 -35.4 174.9 1979 3 4 -35.4167 175 46 44
6436 SH06736 1979 3 2 -35.4 174.9 1979 3 2 -36 176 46 46
6436 SH06739 1979 3 2 -35.4 174.9 1979 3 4 -35.4167 175 46 45
6436 SH06756 1979 3 2 -35.4 174.9 1979 3 3 -34.75 173.75 46 46
6436 SH06759 1979 3 2 -35.4 174.9 1979 3 2 -36 176 45 45
6436 SH06760 1979 3 2 -35.4 174.9 1979 3 4 -35.5 175.0167 45 0
6436 SH06767 1979 3 2 -35.4 174.9 1979 3 4 -35.4 174.9333 46 58
6436 SH06769 1979 3 2 -35.4 174.9 1979 3 2 -35.4 174.8833 42 45
6436 SH06776 1979 3 2 -35.4 174.9 1979 3 4 -35.4167 175 45 47
6436 SH06783 1979 3 2 -35.4 174.9 1979 3 3 -35.4167 174.9333 46 49
6436 SH06787 1979 3 2 -35.4 174.9 1979 3 3 -35.4167 174.9333 45 46
6436 SH06796 1979 3 2 -35.4 174.9 1979 3 22 -35.7167 175.3 47 0
6436 SH06810 1979 3 2 -35.4 174.9 1979 3 4 -35.4167 175 44 43
6436 SH06814 1979 3 2 -35.4 174.9 1979 3 5 -35.4333 175 45 45
6436 SH06822 1979 3 2 -35.4 174.9 1979 3 4 -35.5 174.8333 47 48
6436 SH06828 1979 3 2 -35.4 174.9 1979 3 3 -34.75 173.75 46 45
6436 SH06829 1979 3 2 -35.4 174.9 1979 3 3 -35.4167 174.9333 44 46
6436 SH06831 1979 3 2 -35.4 174.9 1979 3 2 -35.4 174.8833 45 46
6436 SH06836 1979 3 2 -35.4 174.9 1979 3 4 -35.5 174.8333 44 48
6436 SH06837 1979 3 2 -35.4 174.9 1979 3 2 -36 176 43 43
6436 SH06849 1979 3 2 -35.4 174.9 1979 3 5 -35.9167 175.6333 47 48
6436 SH06852 1979 3 2 -35.4 174.9 1979 3 4 -35.4167 175 46 46
6436 SH06858 1979 3 2 -35.4 174.9 1979 3 5 -35.4 174.9333 45 46
6436 SH06859 1979 3 2 -35.4 174.9 1979 3 22 -35.7167 175.3 46 0
6436 SH06861 1979 3 2 -35.4 174.9 1979 3 2 -35.4 174.8833 46 46
6436 SH06862 1979 3 2 -35.4 174.9 1979 3 3 -34.75 173.75 44 44
6436 SH06864 1979 3 2 -35.4 174.9 1979 3 4 -35.5 175.0167 45 0
6436 SH06867 1979 3 2 -35.4 174.9 1979 3 7 -35.8167 175.3 45 0
6436 SH06870 1979 3 2 -35.4 174.9 1979 3 2 -36 176 45 46
6436 SH06877 1979 3 2 -35.4 174.9 1979 3 5 -35.9167 175.6333 46 47
6436 SH06879 1979 3 2 -35.4 174.9 1979 3 5 -35.4 174.9333 46 44
6436 SH06897 1979 3 2 -35.4 174.9 1979 3 4 -35.4167 175 46 53
6436 SH06907 1979 3 2 -35.4 174.9 1979 3 4 -35.4167 175 45 44
6436 SH06917 1979 3 2 -35.4 174.9 1979 3 7 -35.8167 175.3 46 0
6436 SH06933 1979 3 2 -35.4 174.9 1979 3 5 -35.4 174.9333 46 46
6436 SH06934 1979 3 2 -35.4 174.9 1979 3 2 -36 176 46 44
6436 SH06935 1979 3 2 -35.4 174.9 1979 3 4 -35.4167 175 46 45
6436 SH06943 1979 3 2 -35.4 174.9 1979 3 21 -35.7167 175.3 46 46
6436 SH06946 1979 3 2 -35.4 174.9 1979 3 3 -35.4333 174.8667 46 46
6436 SH06948 1979 3 2 -35.4 174.9 1979 3 5 -35.4333 175 46 45
6436 SH06949 1979 3 2 -35.4 174.9 1979 3 5 -35.4 174.9333 46 45
6436 SH06954 1979 3 2 -35.4 174.9 1979 3 5 -35.9167 175.6333 46 44
6436 SH06956 1979 3 2 -35.4 174.9 1979 3 4 -35.4167 175 46 43
6436 SH06960 1979 3 2 -35.4 174.9 1979 3 5 -35.4333 175 46 43
6436 SH06961 1979 3 2 -35.4 174.9 1979 3 4 -35.4167 175 46 45
6436 SH06963 1979 3 2 -35.4 174.9 1979 3 2 -35.4 174.8833 46 49
6436 SH06969 1979 3 2 -35.4 174.9 1979 3 5 -35.4 174.9333 46 45
6436 SH06974 1979 3 2 -35.4 174.9 1979 3 4 -35.5 175.0167 46 45
6436 SH06975 1979 3 2 -35.4 174.9 1979 3 22 -35.7167 175.3 46 0
6436 SH06993 1979 3 2 -35.4 174.9 1979 3 5 -35.9167 175.6333 46 45
6436 SH07001 1979 3 2 -35.4 174.9 1979 3 2 -36 176 46 44
6436 SH07003 1979 3 2 -35.4 174.9 1979 3 2 -36 176 46 46
6436 SH07004 1979 3 2 -35.4 174.9 1979 3 5 -35.4 174.9333 46 46
6436 SH07015 1979 3 2 -35.4 174.9 1979 3 22 -35.7167 175.3 46 47
6436 SH07017 1979 3 2 -35.4 174.9 1979 3 5 -35.4333 175 46 44
6436 SH07019 1979 3 2 -35.4 174.9 1979 3 4 -35.5 175.0167 46 42
6436 SH07027 1979 3 2 -35.4 174.9 1979 3 3 -35.4167 174.9333 46 47
6436 SH07029 1979 3 2 -35.4 174.9 1979 3 3 -35.4167 174.9333 46 47
6436 SH07038 1979 3 2 -35.4 174.9 1979 3 2 -35.4 174.8833 46 49
6436 SH07042 1979 3 2 -35.4 174.9 1979 3 5 -35.4333 175 46 46
6436 SH07048 1979 3 2 -35.4 174.9 1979 3 4 -35.4167 175 46 45
6436 SH07052 1979 3 2 -35.4 174.9 1979 3 4 -35.4167 175 46 47
6437 SH07057 1979 3 3 -35.5333 174.8167 1979 3 4 -35.4167 175 47 44
6437 SH07061 1979 3 3 -35.5333 174.8167 1979 3 4 -35.4167 175 47 47
6437 SH07066 1979 3 3 -35.5333 174.8167 1979 3 3 -35.4167 174.9333 48 48
6437 SH07079 1979 3 3 -35.5333 174.8167 1979 3 3 -34.75 173.75 46 46
6437 SH07081 1979 3 3 -35.5333 174.8167 1979 3 5 -35.4333 175 48 48
6437 SH07087 1979 3 3 -35.5333 174.8167 1979 3 3 -34.75 173.75 49 0
6437 SH07114 1979 3 3 -35.5333 174.8167 1979 3 3 -36 176 46 46
6437 SH07121 1979 3 3 -35.5333 174.8167 1979 3 5 -35.9167 175.6333 46 47
6437 SH07128 1979 3 3 -35.5333 174.8167 1979 3 3 -34.75 173.75 45 45
6437 SH07129 1979 3 3 -35.5333 174.8167 1979 3 4 -35.5 175.0167 45 46
6437 SH07130 1979 3 3 -35.5333 174.8167 1979 3 3 -36 176 46 46
6437 SH07134 1979 3 3 -35.5333 174.8167 1979 3 7 -35.8167 175.3 46 0
6437 SH07137 1979 3 3 -35.5333 174.8167 1979 3 3 -34.75 173.75 45 45
6437 SH07138 1979 3 3 -35.5333 174.8167 1979 3 4 -35.5 175.0167 46 47
6437 SH07143 1979 3 3 -35.5333 174.8167 1979 3 5 -35.4333 175 46 45
6437 SH07151 1979 3 3 -35.5333 174.8167 1979 3 3 -36 176 46 47
6437 SH07169 1979 3 3 -35.5333 174.8167 1979 3 3 -36 176 49 49
6437 SH07173 1979 3 3 -35.5333 174.8167 1979 3 3 -35.4 174.8833 46 48
6437 SH07197 1979 3 3 -35.5333 174.8167 1979 3 4 -35.4167 175 45 45
6437 SH07211 1979 3 3 -35.5333 174.8167 1979 3 3 -36 176 46 45
6437 SH07225 1979 3 3 -35.5333 174.8167 1979 3 4 -35.4167 175 45 45
6437 SH07242 1979 3 3 -35.5333 174.8167 1979 3 5 -35.4333 175 49 50
6437 SH07256 1979 3 3 -35.5333 174.8167 1979 3 4 -35.5 175.0167 51 50
6437 SH07267 1979 3 3 -35.5333 174.8167 1979 3 3 -34.75 173.75 48 47
6437 SH07269 1979 3 3 -35.5333 174.8167 1979 3 4 -35.5 175.0167 48 48
6437 SH07272 1979 3 3 -35.5333 174.8167 1979 3 3 -34.75 173.75 51 49
6437 SH07276 1979 3 3 -35.5333 174.8167 1979 3 3 -34.75 173.75 44 45
6437 SH07280 1979 3 3 -35.5333 174.8167 1979 3 3 -34.75 173.75 45 45
6437 SH07301 1979 3 3 -35.5333 174.8167 1979 3 4 -35.5 175.0167 47 45
6437 SH07306 1979 3 3 -35.5333 174.8167 1979 3 3 -36 176 47 44
6437 SH07314 1979 3 3 -35.5333 174.8167 1979 3 5 -35.9167 175.6333 47 45
6437 SH07316 1979 3 3 -35.5333 174.8167 1979 3 5 -35.4 174.9333 47 45
6437 SH07319 1979 3 3 -35.5333 174.8167 1979 3 4 -35.4167 175 47 47
6437 SH07321 1979 3 3 -35.5333 174.8167 1979 3 5 -35.4333 175 47 47
6437 SH07329 1979 3 3 -35.5333 174.8167 1979 3 3 -36 176 47 46
6437 SH07332 1979 3 3 -35.5333 174.8167 1979 3 5 -35.4 174.9333 47 48
6437 SH07334 1979 3 3 -35.5333 174.8167 1979 3 5 -35.4333 175 36 46
6437 SH07341 1979 3 3 -35.5333 174.8167 1979 3 5 -35.4333 175 47 44
6437 SH07347 1979 3 3 -35.5333 174.8167 1979 3 3 -36 176 50 50
6437 SH07350 1979 3 3 -35.5333 174.8167 1979 3 4 -35.5 175.0167 51 52
6437 SH07353 1979 3 3 -35.5333 174.8167 1979 3 4 -35.5 175.0167 49 0
6437 SH07360 1979 3 3 -35.5333 174.8167 1979 3 3 -35.4 174.8833 56 48
6437 SH07361 1979 3 3 -35.5333 174.8167 1979 3 4 -35.4333 175 49 45
6437 SH07370 1979 3 3 -35.5333 174.8167 1979 3 3 -36 176 46 47
6437 SH07398 1979 3 3 -35.5333 174.8167 1979 3 5 -35.4 174.9333 46 46
6437 SH07401 1979 3 3 -35.5333 174.8167 1979 3 3 -36 176 47 46
6438 SH07415 1979 3 3 -35.5167 174.8333 1979 3 3 -36 176 45 44
6438 SH07426 1979 3 3 -35.5167 174.8333 1979 3 5 -35.4 174.9333 44 45
6438 SH07427 1979 3 3 -35.5167 174.8333 1979 3 4 -35.4167 175 46 45
6438 SH07428 1979 3 3 -35.5167 174.8333 1979 3 4 -35.4167 175 46 43
6438 SH07437 1979 3 3 -35.5167 174.8333 1979 3 4 -35.4167 175 46 44
6438 SH07440 1979 3 3 -35.5167 174.8333 1979 3 4 -35.4167 175 47 48
6438 SH07446 1979 3 3 -35.5167 174.8333 1979 3 4 -35.5 175.0167 45 46
6438 SH07450 1979 3 3 -35.5167 174.8333 1979 3 5 -35.4 174.9333 50 49
6438 SH07454 1979 3 3 -35.5167 174.8333 1979 3 3 -34.7167 173.75 50 50
6437 SH07510 1979 3 3 -35.5333 174.8167 1979 3 5 -35.9167 175.6333 48 47
6437 SH07513 1979 3 3 -35.5333 174.8167 1979 3 4 -35.4167 175 46 46
6437 SH07516 1979 3 3 -35.5333 174.8167 1979 3 7 -35.8167 175.3 45 0
6437 SH07520 1979 3 3 -35.5333 174.8167 1979 3 4 -35.5 175.0167 45 46
6437 SH07523 1979 3 3 -35.5333 174.8167 1979 3 5 -35.9167 175.6333 46 46
6437 SH07524 1979 3 3 -35.5333 174.8167 1979 3 4 -35.4167 175 46 46
6437 SH07527 1979 3 3 -35.5333 174.8167 1979 3 4 -35.5 175.0167 46 47
6437 SH07537 1979 3 3 -35.5333 174.8167 1979 3 5 -35.4333 175 50 50
6438 SH07541 1979 3 3 -35.5167 174.8333 1979 3 5 -35.4333 175 55 54
6438 SH07545 1979 3 3 -35.5167 174.8333 1979 3 4 -35.4 174.9333 58 43
6438 SH07559 1979 3 3 -35.5167 174.8333 1979 3 4 -35.4167 175 49 45
6438 SH07562 1979 3 3 -35.5167 174.8333 1979 3 4 -35.4167 175 49 46
6438 SH07570 1979 3 3 -35.5167 174.8333 1979 3 5 -35.7167 175.3 48 0
6438 SH07571 1979 3 3 -35.5167 174.8333 1979 3 4 -35.5 175.0167 48 0
6438 SH07583 1979 3 3 -35.5167 174.8333 1979 3 4 -35.4167 175 47 47
6438 SH07584 1979 3 3 -35.5167 174.8333 1979 3 3 -34.75 173.75 48 48
6438 SH07589 1979 3 3 -35.5167 174.8333 1979 3 5 -35.9167 175.6333 48 48
6437 SH07622 1979 3 3 -35.5333 174.8167 1979 3 3 -35.4167 174.9333 46 46
6437 SH07623 1979 3 3 -35.5333 174.8167 1979 3 4 -35.4167 175 46 45
6438 SH07657 1979 3 3 -35.5167 174.8333 1979 3 5 -35.4333 175 47 47
6438 SH07661 1979 3 3 -35.5167 174.8333 1979 3 5 -35.4333 175 47 0
6438 SH07663 1979 3 3 -35.5167 174.8333 1979 3 3 -34.75 173.75 49 48
6438 SH07665 1979 3 3 -35.5167 174.8333 1979 3 5 -35.4 174.9333 49 49
6438 SH07666 1979 3 3 -35.5167 174.8333 1979 3 4 -35.4167 175 47 47
6438 SH07668 1979 3 3 -35.5167 174.8333 1979 3 5 -35.4 174.9333 49 49
6440 SH07674 1979 3 5 -35.6167 175.1833 1979 3 20 -36.05 175.9667 46 47
6438 SH07679 1979 3 3 -35.5167 174.8333 1979 3 4 -35.4167 175 48 44
6440 SH07692 1979 3 5 -35.6167 175.1833 1979 3 5 -35.4 174.9333 45 46
6442 SH07722 1979 3 6 -35.85 175.5 1979 3 6 -35.4 174.9333 46 46
6442 SH07724 1979 3 6 -35.85 175.5 1979 3 6 -35.4 174.8833 44 46
6442 SH07758 1979 3 6 -35.85 175.5 1979 3 21 -35.7167 175.3 50 49
6442 SH07770 1979 3 6 -35.85 175.5 1979 3 7 -35.8167 175.3 46 0
6442 SH07783 1979 3 6 -35.85 175.5 1979 3 23 -35.7167 175.45 46 46
6440 SH07817 1979 3 5 -35.6167 175.1833 1979 3 5 -35.4 174.8833 46 48
6442 SH07843 1979 3 6 -35.85 175.5 1979 3 22 -35.7167 175.3 46 0
6442 SH07895 1979 3 6 -35.85 175.5 1979 3 21 -36.05 176.0667 48 49
6440 SH07928 1979 3 5 -35.6167 175.1833 1979 3 7 -35.8167 175.3 47 0
6442 SH07982 1979 3 6 -35.85 175.5 1979 3 6 -35.9167 175.6333 48 0
6442 SH08001 1979 3 6 -35.85 175.5 1979 3 6 -35.9167 175.6333 45 0
6442 SH08086 1979 3 6 -35.85 175.5 1979 3 21 -35.7167 175.3 47 0
6442 SH08149 1979 3 6 -35.85 175.5 1979 3 27 -37.3167 176.2333 47 48
6442 SH08166 1979 3 6 -35.85 175.5 1979 3 6 -35.4 174.9333 46 48
6442 SH08199 1979 3 6 -35.85 175.5 1979 3 21 -36.05 176.0667 48 49
6442 SH08200 1979 3 6 -35.85 175.5 1979 3 21 -35.7167 175.3 46 47
6442 SH08218 1979 3 6 -35.85 175.5 1979 3 22 -35.7167 175.3 45 0
6442 SH08265 1979 3 6 -35.85 175.5 1979 3 21 -35.7167 175.45 46 47
6442 SH08272 1979 3 6 -35.85 175.5 1979 3 6 -35.4 174.8833 46 46
6442 SH08319 1979 3 6 -35.85 175.5 1979 3 20 -36.05 175.9667 44 44
6443 SH08360 1979 3 6 -35.8833 175.5667 1979 3 22 -35.7167 175.3 45 0
6443 SH08369 1979 3 6 -35.8833 175.5667 1979 3 21 -35.7167 175.45 46 46
6442 SH08435 1979 3 6 -35.85 175.5 1979 3 22 -35.7167 175.3 46 0
6442 SH08440 1979 3 6 -35.85 175.5 1979 3 23 -35.8833 176.0667 45 45
6442 SH08450 1979 3 6 -35.85 175.5 1979 3 6 -35.9167 175.6333 47 0
6442 SH08479 1979 3 6 -35.85 175.5 1979 3 6 -35.4 174.8833 46 46
6442 SH08482 1979 3 6 -35.85 175.5 1979 3 6 -35.4 174.8833 47 47
6442 SH08516 1979 3 6 -35.85 175.5 1979 3 22 -35.7167 175.3 46 0
6442 SH08521 1979 3 6 -35.85 175.5 1979 3 21 -35.7167 175.3 44 45
6442 SH08536 1979 3 6 -35.85 175.5 1979 3 6 -35.7 175.3 46 39
6443 SH08538 1979 3 6 -35.8833 175.5667 1979 3 21 -35.7167 175.3 45 45
6443 SH08561 1979 3 6 -35.8833 175.5667 1979 3 6 -35.4 174.8833 48 47
6443 SH08589 1979 3 6 -35.8833 175.5667 1979 3 6 -35.95 175.8667 46 46
6443 SH08590 1979 3 6 -35.8833 175.5667 1979 3 17 -36.0333 175.85 46 46
6442 SH08618 1979 3 6 -35.85 175.5 1979 3 7 -35.8167 175.3 48 0
6443 SH08626 1979 3 6 -35.8833 175.5667 1979 3 20 -36.05 175.9667 45 43
6443 SH08746 1979 3 6 -35.8833 175.5667 1979 3 20 -36.05 175.9667 44 44
6443 SH08766 1979 3 6 -35.8833 175.5667 1979 3 21 -36.05 176.0667 45 46
6445 SH08794 1979 3 6 -35.7667 175.4667 1979 3 20 -36.05 175.9667 47 46
6445 SH08798 1979 3 6 -35.7667 175.4667 1979 3 20 -36.05 175.9667 47 47
6443 SH08812 1979 3 6 -35.8833 175.5667 1979 3 21 -36.05 176.0667 46 45
6444 SH08844 1979 3 6 -35.75 175.6 1979 3 22 -35.7167 175.3 47 0
6446 SH08936 1979 3 7 -37.6667 176.95 1979 3 3 -35.4333 174.8667 55 53
6449 SH09066 1979 3 8 -37.6833 177.4333 1979 3 25 -37.8167 176.9667 56 0
6446 SH09165 1979 3 7 -37.6667 176.95 1979 3 8 -37.75 177 47 47
6446 SH09166 1979 3 7 -37.6667 176.95 1979 3 3 -35.4333 174.8667 46 46
6429 SK00020 1979 2 27 -35.2667 174.6833 1979 3 17 -36.0333 175.85 46 45
6429 SK00021 1979 2 27 -35.2667 174.6833 1979 3 4 -35.4167 175 46 47
6430 SK00073 1979 2 28 -35.2167 174.65 1979 3 4 -35.4167 175 45 46
6430 SK00090 1979 2 28 -35.2167 174.65 1979 3 20 -36.05 175.9667 45 46
6430 SK00091 1979 2 28 -35.2167 174.65 1979 3 5 -35.4333 175 46 45
6428 SK00101 1979 2 27 -35.2167 174.5833 1979 3 23 -35.8833 176.0667 44 45
6428 SK00107 1979 2 27 -35.2167 174.5833 1979 3 21 -35.7167 175.45 48 48
6428 SK00113 1979 2 27 -35.2167 174.5833 1979 3 4 -35.4167 175 44 44
6428 SK00119 1979 2 27 -35.2167 174.5833 1979 3 7 -35.8167 175.3 48 0
6428 SK00128 1979 2 27 -35.2167 174.5833 1979 3 2 -34.7167 173.7 44 45
6429 SK00151 1979 2 27 -35.2667 174.6833 1979 3 5 -35.4 174.9333 45 44
6429 SK00171 1979 2 27 -35.2667 174.6833 1979 3 4 -35.5 175.0167 51 51
6430 SK00183 1979 2 28 -35.2167 174.65 1979 3 4 -35.4333 175 46 46
6430 SK00188 1979 2 28 -35.2167 174.65 1979 3 3 -34.75 173.75 46 45
6430 SK00194 1979 2 28 -35.2167 174.65 1979 3 3 -35.4333 174.8667 46 49
6430 SK00197 1979 2 28 -35.2167 174.65 1979 3 4 -35.4167 175 46 46
6430 SK00199 1979 2 28 -35.2167 174.65 1979 3 1 -36 176 46 46
6430 SK00213 1979 2 28 -35.2167 174.65 1979 3 5 -35.4 174.9333 46 45
6430 SK00222 1979 2 28 -35.2167 174.65 1979 3 21 -35.7167 175.45 46 45
6430 SK00227 1979 2 28 -35.2167 174.65 1979 3 22 -35.7167 175.3 47 0
6430 SK00244 1979 2 28 -35.2167 174.65 1979 3 5 -35.4333 175 46 44
6430 SK00264 1979 2 28 -35.2167 174.65 1979 3 1 -36 176 46 45
6430 SK00267 1979 2 28 -35.2167 174.65 1979 3 5 -35.4 174.9333 46 45
6431 SK00284 1979 3 2 -35.4333 174.8833 1979 3 4 -35.4167 175 45 44
6431 SK00288 1979 3 2 -35.4333 174.8833 1979 3 2 -36 176 45 46
6430 SK00308 1979 2 28 -35.2167 174.65 1979 3 20 -36.05 175.9667 45 44
6431 SK00358 1979 3 2 -35.4333 174.8833 1979 3 2 -35.4 174.8833 46 47
6431 SK00360 1979 3 2 -35.4333 174.8833 1979 3 3 -34.75 173.75 44 45
6431 SK00386 1979 3 2 -35.4333 174.8833 1979 3 4 -35.4167 175 47 47
6431 SK00389 1979 3 2 -35.4333 174.8833 1979 3 21 -35.7167 175.4667 46 48
6431 SK00392 1979 3 2 -35.4333 174.8833 1979 3 2 -36 176 45 45
6431 SK00397 1979 3 2 -35.4333 174.8833 1979 3 4 -35.4167 175 47 47
6431 SK00408 1979 3 2 -35.4333 174.8833 1979 3 3 -34.75 173.75 48 46
6431 SK00426 1979 3 2 -35.4333 174.8833 1979 3 2 -36 176 48 48
6431 SK00430 1979 3 2 -35.4333 174.8833 1979 3 4 -35.4167 175 50 48
6431 SK00437 1979 3 2 -35.4333 174.8833 1979 3 4 -35.5 175.0167 45 45
6431 SK00438 1979 3 2 -35.4333 174.8833 1979 3 5 -35.4333 175 48 45
6431 SK00441 1979 3 2 -35.4333 174.8833 1979 3 21 -35.7167 175.45 43 44
6431 SK00465 1979 3 2 -35.4333 174.8833 1979 3 7 -35.8167 175.3 51 0
6431 SK00488 1979 3 2 -35.4333 174.8833 1979 3 4 -35.5 175.0167 45 45
6431 SK00491 1979 3 2 -35.4333 174.8833 1979 3 4 -35.5 175.0167 44 0
6431 SK00496 1979 3 2 -35.4333 174.8833 1979 3 4 -35.4167 175 45 45
6431 SK00515 1979 3 2 -35.4333 174.8833 1979 3 4 -35.4167 175 46 47
6431 SK00522 1979 3 2 -35.4333 174.8833 1979 3 4 -35.4333 175 46 50
6431 SK00529 1979 3 2 -35.4333 174.8833 1979 3 4 -35.4 174.9333 46 50
6431 SK00534 1979 3 2 -35.4333 174.8833 1979 3 5 -35.4 174.9333 46 48
6431 SK00548 1979 3 2 -35.4333 174.8833 1979 3 4 -35.5 175.0167 43 44
6431 SK00561 1979 3 2 -35.4333 174.8833 1979 3 4 -35.4167 175 48 47
6431 SK00567 1979 3 2 -35.4333 174.8833 1979 3 5 -35.4333 175 47 47
6431 SK00570 1979 3 2 -35.4333 174.8833 1979 3 3 -35.4333 174.8667 44 45
6431 SK00579 1979 3 2 -35.4333 174.8833 1979 3 2 -36 176 46 46
6431 SK00585 1979 3 2 -35.4333 174.8833 1979 3 2 -36 176 45 45
6431 SK00588 1979 3 2 -35.4333 174.8833 1979 3 2 -36 176 46 46
6431 SK00615 1979 3 2 -35.4333 174.8833 1979 3 4 -35.5 175.0167 46 0
6431 SK00616 1979 3 2 -35.4333 174.8833 1979 3 3 -34.75 173.75 47 46
6431 SK00617 1979 3 2 -35.4333 174.8833 1979 3 3 -34.75 173.75 45 43
6431 SK00619 1979 3 2 -35.4333 174.8833 1979 3 4 -35.5 175.0167 46 46
6431 SK00626 1979 3 2 -35.4333 174.8833 1979 3 4 -35.4167 175 45 44
6431 SK00630 1979 3 2 -35.4333 174.8833 1979 3 2 -35.4 174.8833 46 48
6431 SK00633 1979 3 2 -35.4333 174.8833 1979 3 4 -35.5 175.0167 46 46
6431 SK00641 1979 3 2 -35.4333 174.8833 1979 3 5 -35.4333 175 45 44
6431 SK00643 1979 3 2 -35.4333 174.8833 1979 3 22 -35.7167 175.3 46 0
6431 SK00646 1979 3 2 -35.4333 174.8833 1979 3 2 -35.4 174.8833 45 47
6431 SK00654 1979 3 2 -35.4333 174.8833 1979 3 21 -35.7167 175.45 47 47
6431 SK00658 1979 3 2 -35.4333 174.8833 1979 3 2 -36 176 46 46
6431 SK00659 1979 3 2 -35.4333 174.8833 1979 3 2 -36 176 45 45
6431 SK00663 1979 3 2 -35.4333 174.8833 1979 3 5 -35.9167 175.6333 44 0
6431 SK00666 1979 3 2 -35.4333 174.8833 1979 3 5 -35.4 174.9333 45 45
6431 SK00667 1979 3 2 -35.4333 174.8833 1979 3 3 -35.4333 174.8667 44 44
6431 SK00673 1979 3 2 -35.4333 174.8833 1979 3 5 -35.4333 175 46 46
6431 SK00675 1979 3 2 -35.4333 174.8833 1979 3 4 -35.4167 175 47 47
6431 SK00684 1979 3 2 -35.4333 174.8833 1979 3 5 -35.4 174.9333 47 42
6431 SK00700 1979 3 2 -35.4333 174.8833 1979 3 4 -35.5 174.8333 46 48
6431 SK00707 1979 3 2 -35.4333 174.8833 1979 3 5 -35.4 174.9333 50 52
6431 SK00708 1979 3 2 -35.4333 174.8833 1979 3 3 -34.75 173.75 44 44
6431 SK00710 1979 3 2 -35.4333 174.8833 1979 3 5 -35.4333 175 48 48
6431 SK00712 1979 3 2 -35.4333 174.8833 1979 3 5 -35.4 174.9333 46 46
6431 SK00723 1979 3 2 -35.4333 174.8833 1979 3 5 -35.4333 175 46 46
6431 SK00733 1979 3 2 -35.4333 174.8833 1979 3 4 -35.5 175.0167 46 46
6431 SK00742 1979 3 2 -35.4333 174.8833 1979 3 5 -35.9167 175.6333 45 46
6431 SK00755 1979 3 2 -35.4333 174.8833 1979 3 21 -35.7167 175.45 44 45
6432 SK00790 1979 3 2 -35.45 174.8667 1979 3 5 -35.4333 175 47 45
6431 SK00815 1979 3 2 -35.4333 174.8833 1979 3 4 -35.5 175.0167 46 49
6431 SK00817 1979 3 2 -35.4333 174.8833 1979 3 2 -36 176 46 47
6431 SK00819 1979 3 2 -35.4333 174.8833 1979 3 5 -35.4 174.9333 47 44
6431 SK00822 1979 3 2 -35.4333 174.8833 1979 3 7 -35.8167 175.3 44 0
6431 SK00828 1979 3 2 -35.4333 174.8833 1979 3 4 -35.5 175.0167 47 0
6431 SK00839 1979 3 2 -35.4333 174.8833 1979 3 4 -35.4333 175 46 48
6431 SK00847 1979 3 2 -35.4333 174.8833 1979 3 4 -35.5 175.0167 45 44
6431 SK00870 1979 3 2 -35.4333 174.8833 1979 3 4 -35.5 175.0167 46 47
6431 SK00872 1979 3 2 -35.4333 174.8833 1979 3 4 -35.4167 175 46 46
6431 SK00882 1979 3 2 -35.4333 174.8833 1979 3 4 -35.5 175.0167 44 45
6431 SK00896 1979 3 2 -35.4333 174.8833 1979 3 5 -35.4 174.9333 51 52
6431 SK00900 1979 3 2 -35.4333 174.8833 1979 3 3 -34.75 173.75 50 51
6431 SK00916 1979 3 2 -35.4333 174.8833 1979 3 4 -35.5 174.8333 47 48
6431 SK00924 1979 3 2 -35.4333 174.8833 1979 3 3 -34.75 173.75 50 50
6431 SK00933 1979 3 2 -35.4333 174.8833 1979 3 2 -35.4 174.8833 47 45
6431 SK00937 1979 3 2 -35.4333 174.8833 1979 3 4 -35.5 175.0167 44 44
6432 SK00944 1979 3 2 -35.45 174.8667 1979 3 4 -35.5 175.0167 46 46
6432 SK00947 1979 3 2 -35.45 174.8667 1979 3 5 -35.4 174.9333 48 47
6432 SK00953 1979 3 2 -35.45 174.8667 1979 3 4 -35.5 174.8333 45 48
6432 SK00974 1979 3 2 -35.45 174.8667 1979 3 4 -35.5 174.8333 46 48
6432 SK00986 1979 3 2 -35.45 174.8667 1979 3 3 -34.75 173.75 48 47
6431 SK01016 1979 3 2 -35.4333 174.8833 1979 3 3 -34.75 173.75 46 46
6431 SK01052 1979 3 2 -35.4333 174.8833 1979 3 3 -35.4333 174.8667 46 46
6431 SK01056 1979 3 2 -35.4333 174.8833 1979 3 5 -35.9167 175.6333 44 44
6431 SK01065 1979 3 2 -35.4333 174.8833 1979 3 5 -35.4333 175 50 50
6431 SK01069 1979 3 2 -35.4333 174.8833 1979 3 4 -35.5 175.0167 69 46
6431 SK01071 1979 3 2 -35.4333 174.8833 1979 3 4 -35.5 174.8333 48 48
6431 SK01076 1979 3 2 -35.4333 174.8833 1979 3 4 -35.5 175.0167 46 0
6431 SK01078 1979 3 2 -35.4333 174.8833 1979 3 5 -35.7167 175.3 46 0
6431 SK01084 1979 3 2 -35.4333 174.8833 1979 3 4 -35.5 175.0167 44 44
6431 SK01087 1979 3 2 -35.4333 174.8833 1979 3 5 -35.4 174.9333 46 47
6431 SK01091 1979 3 2 -35.4333 174.8833 1979 3 22 -35.7167 175.3 46 0
6431 SK01094 1979 3 2 -35.4333 174.8833 1979 3 22 -35.7167 175.3 45 0
6432 SK01109 1979 3 2 -35.45 174.8667 1979 3 4 -35.5 175.0167 44 45
6432 SK01125 1979 3 2 -35.45 174.8667 1979 3 4 -35.4167 175 47 47
6432 SK01126 1979 3 2 -35.45 174.8667 1979 3 3 -34.75 173.75 46 46
6432 SK01142 1979 3 2 -35.45 174.8667 1979 3 2 -35.4 174.8833 45 45
6432 SK01149 1979 3 2 -35.45 174.8667 1979 3 3 -34.75 173.75 50 50
6432 SK01161 1979 3 2 -35.45 174.8667 1979 3 4 -35.4167 175 46 45
6432 SK01174 1979 3 2 -35.45 174.8667 1979 3 5 -35.7167 175.3 45 0
6432 SK01179 1979 3 2 -35.45 174.8667 1979 3 5 -35.4333 175 46 46
6432 SK01198 1979 3 2 -35.45 174.8667 1979 3 5 -35.4 174.9333 46 47
6432 SK01204 1979 3 2 -35.45 174.8667 1979 3 4 -35.5 175.0167 46 0
6432 SK01206 1979 3 2 -35.45 174.8667 1979 3 5 -35.4 174.9333 45 45
6432 SK01215 1979 3 2 -35.45 174.8667 1979 3 2 -36 176 45 45
6432 SK01225 1979 3 2 -35.45 174.8667 1979 3 4 -35.4167 175 45 44
6432 SK01260 1979 3 2 -35.45 174.8667 1979 3 5 -35.7167 175.3 43 0
6432 SK01295 1979 3 2 -35.45 174.8667 1979 3 4 -35.4167 175 47 47
6432 SK01301 1979 3 2 -35.45 174.8667 1979 3 17 -36.0333 175.85 46 47
6432 SK01303 1979 3 2 -35.45 174.8667 1979 3 2 -35.4 174.8833 46 49
6432 SK01324 1979 3 2 -35.45 174.8667 1979 3 22 -35.7167 175.3 45 64
6432 SK01336 1979 3 2 -35.45 174.8667 1979 3 7 -35.8167 175.3 45 0
6432 SK01353 1979 3 2 -35.45 174.8667 1979 3 5 -35.4333 175 46 45
6432 SK01378 1979 3 2 -35.45 174.8667 1979 3 3 -34.75 173.75 49 48
6432 SK01384 1979 3 2 -35.45 174.8667 1979 3 4 -35.4167 175 46 45
6432 SK01409 1979 3 2 -35.45 174.8667 1979 3 5 -35.4333 175 44 46
6432 SK01412 1979 3 2 -35.45 174.8667 1979 3 4 -35.5 174.8333 46 48
6432 SK01416 1979 3 2 -35.45 174.8667 1979 3 5 -35.4 174.9333 48 43
6432 SK01434 1979 3 2 -35.45 174.8667 1979 3 2 -35.4 174.8833 46 48
6432 SK01437 1979 3 2 -35.45 174.8667 1979 3 4 -35.5 174.8333 44 48
6432 SK01440 1979 3 2 -35.45 174.8667 1979 3 4 -35.5 175.0167 44 46
6432 SK01474 1979 3 2 -35.45 174.8667 1979 3 4 -35.4167 175 43 43
6432 SK01491 1979 3 2 -35.45 174.8667 1979 3 2 -36 176 46 0
6432 SK01507 1979 3 2 -35.45 174.8667 1979 3 4 -35.5 175.0167 51 51
6432 SK01510 1979 3 2 -35.45 174.8667 1979 3 5 -35.9167 175.6333 47 46
6432 SK01533 1979 3 2 -35.45 174.8667 1979 3 5 -35.4333 175 45 46
6434 SK01583 1979 3 2 -35.4167 174.8833 1979 3 2 -36 176 54 53
6434 SK01591 1979 3 2 -35.4167 174.8833 1979 3 4 -35.5 175.0167 48 48
6432 SK01615 1979 3 2 -35.45 174.8667 1979 3 5 -35.4333 175 46 0
6432 SK01617 1979 3 2 -35.45 174.8667 1979 3 4 -35.5 175.0167 44 45
6432 SK01644 1979 3 2 -35.45 174.8667 1979 3 2 -35.4 174.8833 47 49
6432 SK01653 1979 3 2 -35.45 174.8667 1979 3 4 -35.4167 175 43 43
6432 SK01684 1979 3 2 -35.45 174.8667 1979 3 4 -35.5 174.8333 46 48
6432 SK01685 1979 3 2 -35.45 174.8667 1979 3 2 -36 176 46 44
6432 SK01698 1979 3 2 -35.45 174.8667 1979 3 2 -35.4333 174.8833 46 47
6432 SK01702 1979 3 2 -35.45 174.8667 1979 3 2 -36 176 45 45
6432 SK01703 1979 3 2 -35.45 174.8667 1979 3 4 -35.4167 175 46 45
6432 SK01729 1979 3 2 -35.45 174.8667 1979 3 5 -35.3833 174.8833 46 46
6433 SK01745 1979 3 2 -35.45 174.8667 1979 3 4 -35.5 175.0167 45 0
6434 SK01768 1979 3 2 -35.4167 174.8833 1979 3 4 -35.5 175.0167 51 51
6434 SK01769 1979 3 2 -35.4167 174.8833 1979 3 4 -35.5 175.0167 52 50
6434 SK01787 1979 3 2 -35.4167 174.8833 1979 3 5 -35.4333 175 49 49
6434 SK01800 1979 3 2 -35.4167 174.8833 1979 3 2 -36 176 52 53
6434 SK01802 1979 3 2 -35.4167 174.8833 1979 3 4 -35.4167 175 52 55
6434 SK01819 1979 3 2 -35.4167 174.8833 1979 3 2 -35.4 174.8833 52 50
6434 SK01826 1979 3 2 -35.4167 174.8833 1979 3 2 -36 176 52 49
6434 SK01832 1979 3 2 -35.4167 174.8833 1979 3 3 -35.45 174.9333 52 51
6434 SK01858 1979 3 2 -35.4167 174.8833 1979 3 4 -35.5 175.0167 52 54
6434 SK01860 1979 3 2 -35.4167 174.8833 1979 3 2 -36 176 50 45
6434 SK01862 1979 3 2 -35.4167 174.8833 1979 3 4 -35.5 175.0167 52 52
6434 SK01864 1979 3 2 -35.4167 174.8833 1979 3 5 -35.4333 175 51 50
6434 SK01872 1979 3 2 -35.4167 174.8833 1979 3 4 -35.5 175.0167 54 51
6434 SK01873 1979 3 2 -35.4167 174.8833 1979 3 5 -35.4 174.9333 52 52
6434 SK01876 1979 3 2 -35.4167 174.8833 1979 3 3 -34.75 173.75 53 49
6434 SK01880 1979 3 2 -35.4167 174.8833 1979 3 3 -34.75 173.75 50 50
6434 SK01886 1979 3 2 -35.4167 174.8833 1979 3 4 -35.5 175.0167 51 51
6434 SK01888 1979 3 2 -35.4167 174.8833 1979 3 5 -35.9167 175.6333 48 0
6434 SK01901 1979 3 2 -35.4167 174.8833 1979 3 5 -35.4333 175 49 49
6434 SK01902 1979 3 2 -35.4167 174.8833 1979 3 5 -35.4333 175 51 49
6434 SK01907 1979 3 2 -35.4167 174.8833 1979 3 4 -35.4167 175 54 53
6434 SK01927 1979 3 2 -35.4167 174.8833 1979 3 3 -34.75 173.75 50 44
6434 SK01928 1979 3 2 -35.4167 174.8833 1979 3 5 -35.9167 175.6333 49 0
6434 SK01934 1979 3 2 -35.4167 174.8833 1979 3 4 -35.5 174.8333 51 48
6434 SK01946 1979 3 2 -35.4167 174.8833 1979 3 4 -35.5 175.0167 48 49
6436 SK01970 1979 3 2 -35.4 174.9 1979 3 4 -35.5 175.0167 49 48
6436 SK01972 1979 3 2 -35.4 174.9 1979 3 2 -36 176 45 45
6432 SK02002 1979 3 2 -35.45 174.8667 1979 3 21 -35.7167 175.3 46 46
6432 SK02005 1979 3 2 -35.45 174.8667 1979 3 4 -35.4167 175 45 45
6432 SK02008 1979 3 2 -35.45 174.8667 1979 3 4 -35.5 175.0167 46 46
6432 SK02020 1979 3 2 -35.45 174.8667 1979 3 5 -35.9167 175.6333 46 45
6434 SK02073 1979 3 2 -35.4167 174.8833 1979 3 3 -34.75 173.75 54 54
6434 SK02080 1979 3 2 -35.4167 174.8833 1979 3 4 -35.4333 175 50 49
6434 SK02088 1979 3 2 -35.4167 174.8833 1979 3 5 -35.9167 175.6333 54 52
6434 SK02091 1979 3 2 -35.4167 174.8833 1979 3 3 -34.75 173.75 49 45
6434 SK02103 1979 3 2 -35.4167 174.8833 1979 3 4 -35.4167 175 50 49
6434 SK02116 1979 3 2 -35.4167 174.8833 1979 3 3 -35.4167 174.9333 53 51
6434 SK02119 1979 3 2 -35.4167 174.8833 1979 3 4 -35.5 175.0167 47 48
6434 SK02139 1979 3 2 -35.4167 174.8833 1979 3 5 -35.4 174.9333 54 54
6434 SK02140 1979 3 2 -35.4167 174.8833 1979 3 22 -35.7167 175.3 50 0
6434 SK02157 1979 3 2 -35.4167 174.8833 1979 3 2 -36 176 52 50
6434 SK02160 1979 3 2 -35.4167 174.8833 1979 3 2 -36 176 53 54
6434 SK02161 1979 3 2 -35.4167 174.8833 1979 3 2 -36 176 50 51
6436 SK02171 1979 3 2 -35.4 174.9 1979 3 22 -35.7167 175.3 46 0
6436 SK02194 1979 3 2 -35.4 174.9 1979 3 3 -35.45 174.9333 44 44
6436 SK02212 1979 3 2 -35.4 174.9 1979 3 2 -36 176 49 49
6436 SK02215 1979 3 2 -35.4 174.9 1979 3 4 -35.4167 175 45 44
6436 SK02218 1979 3 2 -35.4 174.9 1979 3 21 -35.7167 175.45 45 46
6436 SK02226 1979 3 2 -35.4 174.9 1979 3 2 -35.4 174.8833 44 57
6436 SK02227 1979 3 2 -35.4 174.9 1979 3 4 -35.4167 175 47 48
6436 SK02231 1979 3 2 -35.4 174.9 1979 3 4 -35.4167 175 44 46
6436 SK02233 1979 3 2 -35.4 174.9 1979 3 4 -35.4333 175 45 48
6436 SK02240 1979 3 2 -35.4 174.9 1979 3 5 -35.9167 175.6333 44 0
6436 SK02243 1979 3 2 -35.4 174.9 1979 3 2 -36 176 46 47
6436 SK02246 1979 3 2 -35.4 174.9 1979 3 2 -35.4 174.8833 46 46
6436 SK02248 1979 3 2 -35.4 174.9 1979 3 3 -35.4167 174.9333 44 47
6436 SK02251 1979 3 2 -35.4 174.9 1979 3 4 -35.5 174.8333 40 48
6436 SK02253 1979 3 2 -35.4 174.9 1979 3 2 -36 176 44 45
6436 SK02270 1979 3 2 -35.4 174.9 1979 3 4 -35.4167 175 48 47
6436 SK02285 1979 3 2 -35.4 174.9 1979 3 4 -35.4167 175 46 45
6436 SK02298 1979 3 2 -35.4 174.9 1979 3 3 -34.75 173.75 48 47
6436 SK02300 1979 3 2 -35.4 174.9 1979 3 5 -35.4333 175 49 59
6436 SK02315 1979 3 2 -35.4 174.9 1979 3 21 -35.7167 175.45 46 46
6436 SK02317 1979 3 2 -35.4 174.9 1979 3 4 -35.4167 175 46 45
6436 SK02319 1979 3 2 -35.4 174.9 1979 3 4 -35.4167 175 48 42
6436 SK02326 1979 3 2 -35.4 174.9 1979 3 22 -35.7167 175.3 46 0
6436 SK02367 1979 3 2 -35.4 174.9 1979 3 5 -35.4333 175 44 45
6436 SK02390 1979 3 2 -35.4 174.9 1979 3 4 -35.4167 175 46 46
6436 SK02418 1979 3 2 -35.4 174.9 1979 3 7 -35.8167 175.3 45 0
6436 SK02420 1979 3 2 -35.4 174.9 1979 3 4 -35.4167 175 45 44
6436 SK02444 1979 3 2 -35.4 174.9 1979 3 5 -35.9167 175.6333 43 44
6436 SK02448 1979 3 2 -35.4 174.9 1979 3 2 -36 176 46 46
6436 SK02453 1979 3 2 -35.4 174.9 1979 3 2 -36 176 45 45
6436 SK02477 1979 3 2 -35.4 174.9 1979 3 21 -35.7167 175.3 45 45
6436 SK02482 1979 3 2 -35.4 174.9 1979 3 4 -35.4167 175 46 43
6436 SK02487 1979 3 2 -35.4 174.9 1979 3 3 -35.4167 174.9333 46 47
6436 SK02507 1979 3 2 -35.4 174.9 1979 3 2 -36 176 47 46
6436 SK02511 1979 3 2 -35.4 174.9 1979 3 4 -35.5 175.0167 46 47
6436 SK02512 1979 3 2 -35.4 174.9 1979 3 21 -35.7167 175.45 45 46
6436 SK02521 1979 3 2 -35.4 174.9 1979 3 5 -35.4333 175 46 46
6436 SK02526 1979 3 2 -35.4 174.9 1979 3 21 -35.7167 175.45 46 46
6436 SK02539 1979 3 2 -35.4 174.9 1979 3 4 -35.4167 175 46 46
6436 SK02544 1979 3 2 -35.4 174.9 1979 3 4 -35.4167 175 46 46
6436 SK02545 1979 3 2 -35.4 174.9 1979 3 2 -36 176 48 49
6436 SK02551 1979 3 2 -35.4 174.9 1979 3 5 -35.9167 175.6333 48 48
6436 SK02556 1979 3 2 -35.4 174.9 1979 3 4 -35.4167 175 44 44
6436 SK02573 1979 3 2 -35.4 174.9 1979 3 4 -35.5 175.0167 48 48
6436 SK02579 1979 3 2 -35.4 174.9 1979 3 4 -35.4167 175 45 45
6436 SK02598 1979 3 2 -35.4 174.9 1979 3 4 -35.5 174.8333 46 48
6436 SK02600 1979 3 2 -35.4 174.9 1979 3 4 -35.5 174.8333 44 48
6436 SK02603 1979 3 2 -35.4 174.9 1979 3 21 -35.7167 175.3 46 46
6436 SK02617 1979 3 2 -35.4 174.9 1979 3 3 -34.75 173.75 44 44
6436 SK02621 1979 3 2 -35.4 174.9 1979 3 4 -35.5 175.0167 48 47
6436 SK02622 1979 3 2 -35.4 174.9 1979 3 4 -35.5 174.8333 56 48
6436 SK02623 1979 3 2 -35.4 174.9 1979 3 3 -34.75 173.75 46 45
6436 SK02632 1979 3 2 -35.4 174.9 1979 3 5 -35.9167 175.6333 45 44
6436 SK02650 1979 3 2 -35.4 174.9 1979 3 4 -35.5 175.0167 44 45
6436 SK02651 1979 3 2 -35.4 174.9 1979 3 2 -36 176 45 45
6436 SK02656 1979 3 2 -35.4 174.9 1979 3 2 -35.4 174.8833 48 47
6436 SK02669 1979 3 2 -35.4 174.9 1979 3 4 -35.5 175.0167 46 0
6436 SK02675 1979 3 2 -35.4 174.9 1979 3 5 -35.9167 175.6333 47 45
6436 SK02678 1979 3 2 -35.4 174.9 1979 3 4 -35.5 175.0167 47 47
6436 SK02681 1979 3 2 -35.4 174.9 1979 3 2 -36 176 48 47
6436 SK02704 1979 3 2 -35.4 174.9 1979 3 4 -35.4167 175 44 44
6436 SK02709 1979 3 2 -35.4 174.9 1979 3 4 -35.4333 175 48 50
6436 SK02710 1979 3 2 -35.4 174.9 1979 3 2 -34.5667 173.6667 46 48
6436 SK02718 1979 3 2 -35.4 174.9 1979 3 4 -35.4333 175 45 47
6436 SK02722 1979 3 2 -35.4 174.9 1979 3 4 -35.4167 175 45 45
6436 SK02733 1979 3 2 -35.4 174.9 1979 3 4 -35.5 175.0167 46 0
6436 SK02738 1979 3 2 -35.4 174.9 1979 3 3 -34.75 173.75 45 47
6436 SK02740 1979 3 2 -35.4 174.9 1979 3 2 -36 176 45 44
6436 SK02741 1979 3 2 -35.4 174.9 1979 3 2 -36 176 44 44
6436 SK02751 1979 3 2 -35.4 174.9 1979 3 5 -35.9167 175.6333 44 45
6436 SK02752 1979 3 2 -35.4 174.9 1979 3 2 -36 176 44 44
6436 SK02757 1979 3 2 -35.4 174.9 1979 3 4 -35.5 175.0167 46 47
6436 SK02758 1979 3 2 -35.4 174.9 1979 3 4 -35.5 175.0167 45 46
6436 SK02760 1979 3 2 -35.4 174.9 1979 3 5 -35.4 174.9333 46 46
6436 SK02765 1979 3 2 -35.4 174.9 1979 3 2 -36 176 44 44
6436 SK02771 1979 3 2 -35.4 174.9 1979 3 3 -34.75 173.75 45 46
6436 SK02780 1979 3 2 -35.4 174.9 1979 3 3 -34.75 173.75 45 44
6436 SK02781 1979 3 2 -35.4 174.9 1979 3 4 -35.4167 175 45 44
6436 SK02788 1979 3 2 -35.4 174.9 1979 3 4 -35.4167 175 47 47
6436 SK02797 1979 3 2 -35.4 174.9 1979 3 4 -35.5 175.0167 47 47
6436 SK02805 1979 3 2 -35.4 174.9 1979 3 2 -35.4333 174.8833 46 49
6436 SK02824 1979 3 2 -35.4 174.9 1979 3 21 -35.7167 175.4667 46 47
6436 SK02840 1979 3 2 -35.4 174.9 1979 3 5 -35.4 174.9333 44 46
6436 SK02854 1979 3 2 -35.4 174.9 1979 3 4 -35.4167 175 43 43
6436 SK02892 1979 3 2 -35.4 174.9 1979 3 4 -35.5 175.0167 46 48
6436 SK02894 1979 3 2 -35.4 174.9 1979 3 4 -35.4167 175 46 46
6436 SK02914 1979 3 2 -35.4 174.9 1979 3 2 -36 176 49 48
6436 SK02916 1979 3 2 -35.4 174.9 1979 3 2 -36 176 47 47
6436 SK02921 1979 3 2 -35.4 174.9 1979 3 4 -35.5 174.8333 45 48
6436 SK02932 1979 3 2 -35.4 174.9 1979 3 5 -35.4333 175 44 43
6436 SK02935 1979 3 2 -35.4 174.9 1979 3 2 -36 176 46 46
6436 SK02973 1979 3 2 -35.4 174.9 1979 3 2 -36 176 46 45
6436 SK02979 1979 3 2 -35.4 174.9 1979 3 4 -35.4167 175 45 44
6436 SK02980 1979 3 2 -35.4 174.9 1979 3 5 -35.4 174.9333 45 45
6436 SK02985 1979 3 2 -35.4 174.9 1979 3 4 -35.4167 175 45 47
6436 SK02987 1979 3 2 -35.4 174.9 1979 3 2 -36 176 46 45
6436 SK02993 1979 3 2 -35.4 174.9 1979 3 4 -35.4167 175 45 44
6436 SK02996 1979 3 2 -35.4 174.9 1979 3 5 -35.4 174.9333 45 0
6436 SK03000 1979 3 2 -35.4 174.9 1979 3 3 -35.4333 174.8667 47 46
6455 SK03683 1979 3 14 -37.6167 176.5 1979 3 27 -37.3167 176.2333 46 46
6455 SK03806 1979 3 14 -37.6167 176.5 1979 3 29 -37.4833 178.0833 48 49
