544
id tag_no yr mo day lat lon yr_rec mo_rec day_rec lat_rec lon_rec len_rel len_rec
33291 P27780 2007 3 9 -6.5286 150.2167 2010 1 6 -1.8014 145.3601 47 52
57323 P43344 2007 5 11 -6.4994 152.5367 2010 1 9 -3.8935 148.5745 48 NA
88741 P58320 2008 3 11 -7.924 156.3244 2010 1 13 -8.444 158.592 47 57
96357 A10603 2008 4 1 -10.049 159.63 2010 1 1 -7.4246 182.1689 41 NA
111302 P69476 2008 7 10 5.5485 153.4037 2010 1 31 0.6264 176.0462 53 NA
114815 P72236 2008 7 24 7.1303 157.9405 2010 1 20 -5.0953 188.8093 59 74
114848 P72170 2008 7 24 7.1303 157.9405 2010 1 26 -5.3333 189.0167 53 66
116378 P73587 2008 8 5 7.1526 144.105 2010 1 17 -5.0747 191.1847 53 74
131481 P79669 2008 10 5 0.1924 131.0064 2010 1 31 -0.753 136.3075 38 50
135926 P81470 2008 10 10 -2.3204 125.2768 2010 1 3 -0.251 137.3508 37 48
140416 Z55442 2008 10 14 -4.1522 128.0588 2010 1 4 -1.1095 128.1443 37 47
145286 P96806 2008 10 20 -3.5979 132.3994 2010 1 8 -1.0333 129.25 38 48
145355 P96929 2008 10 20 -3.5979 132.3994 2010 1 10 4.3892 128.2112 40 50
146337 P97932 2008 10 20 -2.8854 131.1309 2010 1 10 4.3892 128.2112 38 44
146624 P97840 2008 10 20 -2.8854 131.1309 2010 1 10 -1.4846 148.3433 37 48
146972 P91310 2008 10 21 -2.4577 129.6453 2010 1 28 -2.1833 144.5 48 50
147235 P91224 2008 10 21 -2.4577 129.6453 2010 1 23 0 136 49 57
150657 P85118 2008 10 24 -0.5079 131.4001 2010 1 6 -2.2667 141.9 48 40
150929 P85300 2008 10 24 -0.5079 131.4001 2010 1 1 -0.4673 138.1252 39 43
151049 P85454 2008 10 24 -0.5079 131.4001 2010 1 22 -3.5406 182.2618 41 51
152377 Z66272 2008 10 29 0.0331 137.8807 2010 1 1 -0.4673 138.1252 40 44
156372 P90565 2008 11 8 -0.2415 147.7772 2010 1 15 -2e-04 145.9967 44 NA
157882 P100149 2008 11 11 -0.3396 148.0723 2010 1 15 -2e-04 145.9967 42 NA
169008 P104204 2009 3 17 -10.9713 154.0614 2010 1 31 -7.8599 157.772 52 49
171105 Z63622 2009 3 18 -10.8589 153.3492 2010 1 13 -8.444 158.592 33 56
172939 P106000 2009 3 19 -10.2755 153.5264 2010 1 15 -2.6927 161.528 63 71
175742 Z71379 2009 3 20 -10.5859 153.47 2010 1 4 -8.027 158.626 37 41
176323 P105748 2009 3 21 -10.8188 154.3479 2010 1 18 -3.1952 171.6793 47 59
176669 P107023 2009 3 21 -10.8188 154.3479 2010 1 30 -6.839 153.78 42 50.8
176951 P105769 2009 3 21 -10.9309 155.1577 2010 1 4 -8.4106 158.8964 46 55
177328 P107401 2009 3 21 -10.9309 155.1577 2010 1 28 -3.4442 175.6589 49 67
177737 Z72581 2009 3 22 -10.0306 156.2984 2010 1 8 -5.376 156.9907 33 59
180932 P110982 2009 3 29 4.9756 156.0328 2010 1 17 -5.0747 191.1847 44 58.5
181073 P110411 2009 3 29 4.9756 156.0328 2010 1 18 -3.2628 177.3113 42 65
181593 P111190 2009 3 29 5.0946 156.2159 2010 1 21 -2.9331 183.0667 62 67
182328 P111481 2009 3 31 6.6368 157.6502 2010 1 5 -2.906 161.2413 50 64
182513 P111619 2009 3 31 6.6368 157.6502 2010 1 20 -5.0953 188.8093 50 65
182655 P111376 2009 3 31 6.6368 157.6502 2010 1 10 -5.1359 182.1146 48 42
182928 P112159 2009 4 1 8.6006 157.9451 2010 1 23 -2.5433 172.3672 47 57
182984 P112215 2009 4 1 8.6006 157.9451 2010 1 26 -0.3978 176.2013 47 65
183542 P112473 2009 4 1 8.6006 157.9451 2010 1 22 -1.918 173.826 48 59
184603 P114445 2009 4 5 6.5777 158.8924 2010 1 18 -1.8947 174.3114 45 51
185152 P115447 2009 4 7 5.0387 165.0056 2010 1 30 -4.0184 185.3629 48 68
185260 P115060 2009 4 7 5.0387 165.0056 2010 1 18 -3.1953 171.6647 43 65
185354 P115659 2009 4 7 5.0387 165.0056 2010 1 19 -3.199 159.4644 46 59
186032 P115324 2009 4 7 5.0387 165.0056 2010 1 22 -6.4532 159.1995 42 60
186741 P116345 2009 4 18 6.3071 169.3942 2010 1 15 -4.7877 191.3115 51 69
186786 P116603 2009 4 18 6.3071 169.3942 2010 1 15 -4.7877 191.3115 48 65
187276 P116220 2009 4 20 7.1966 171.2204 2010 1 26 -5.3933 187.985 45 58
188428 P120101 2009 4 27 1.9929 172.8551 2010 1 20 -1.3806 156.8385 45 58.5
188992 P120931 2009 4 27 1.9929 172.8551 2010 1 17 -7.4333 173.5167 43 57
189412 P118083 2009 4 27 1.9929 172.8551 2010 1 19 -2.8667 178.95 49 48
190126 P119178 2009 4 27 1.9929 172.8551 2010 1 2 -4.89 177.414 46 62.5
189356 P120671 2009 4 27 2.0129 173.0204 2010 1 1 -5.805 159.055 46 56
189360 P120675 2009 4 27 2.0129 173.0204 2010 1 18 -3.1542 171.6608 44 64
191236 P119722 2009 4 28 2.0774 173.2645 2010 1 5 4.5 179.9833 43 59
193226 P122953 2009 4 30 1.1627 173.0142 2010 1 25 -5.4235 188.063 46 65
195286 P125731 2009 5 3 1.9712 172.8395 2010 1 25 -5.4235 188.063 48 60
196376 P126487 2009 5 3 1.9712 172.8395 2010 1 8 -4.6107 161.6373 45 54
196385 P126496 2009 5 3 1.9712 172.8395 2010 1 22 -6.1 249.7667 44 NA
196406 P126717 2009 5 3 1.9712 172.8395 2010 1 12 -1.658 158.7367 45 49
196591 P127301 2009 5 3 1.9712 172.8395 2010 1 25 7.1224 171.2732 46 63.5
196617 P127327 2009 5 3 1.9712 172.8395 2010 1 13 -5.0239 157.4513 45 NA
196633 P127343 2009 5 3 1.9712 172.8395 2010 1 31 -0.8333 238.9667 46 NA
196949 P124962 2009 5 3 1.9712 172.8395 2010 1 15 -4.7877 191.3115 44 60
198178 P125255 2009 5 3 1.9712 172.8395 2010 1 31 -0.0753 178.8653 43 54
198410 P125044 2009 5 3 1.9712 172.8395 2010 1 18 -3.9726 166.2859 45 64
198759 P127406 2009 5 3 1.9712 172.8395 2010 1 5 1 138 45 NA
198901 P127466 2009 5 3 1.9712 172.8395 2010 1 18 -3.1542 171.6608 46 63
196736 P127849 2009 5 3 1.9899 172.8541 2010 1 24 -1.9167 235.8667 43 NA
197911 P128006 2009 5 3 1.9899 172.8541 2010 1 23 -2.3227 174.4153 45 59
196798 P128411 2009 5 3 2.0061 172.8336 2010 1 19 -3.199 159.4644 42 59
199029 P128106 2009 5 3 2.0061 172.8336 2010 1 2 -2.524 186.664 44 35
199103 P128273 2009 5 3 2.0061 172.8336 2010 1 1 -5.805 159.055 42 58
199129 P128294 2009 5 3 2.0061 172.8336 2010 1 24 -1.9167 235.8667 46 NA
199755 P128938 2009 5 4 1.1594 173.0112 2010 1 16 -4.3007 180.5473 49 65
202262 P131453 2009 5 8 1.926 172.6783 2010 1 25 -2.7426 178.6948 41 62
202410 P132133 2009 5 8 1.926 172.6783 2010 1 7 -4.9527 161.4727 48 55
202469 P132192 2009 5 8 1.926 172.6783 2010 1 18 -3.1542 171.6608 48 67
202305 P132279 2009 5 8 1.9802 172.5483 2010 1 18 -3.4926 159.1633 44 69
202338 P132297 2009 5 8 1.9802 172.5483 2010 1 31 -0.0753 178.8653 47 65
202813 P131576 2009 5 8 1.9802 172.5483 2010 1 6 -6.256 176.954 44 58
203269 P132501 2009 5 8 1.9802 172.5483 2010 1 31 -0.6206 178.2734 44 61
203329 P132366 2009 5 8 1.9802 172.5483 2010 1 20 -1.8953 161.58 45 68
203946 P132800 2009 5 12 -1.0935 174.6258 2010 1 22 -1.918 173.826 47 57
205194 P134521 2009 5 30 -11.2793 166.4091 2010 1 6 -8.6752 159.4007 39 58
205746 P135263 2009 6 2 -10.4216 161.1543 2010 1 2 -4.8692 158.0896 38 50
206650 P135419 2009 6 2 -10.3662 160.953 2010 1 4 -8.027 158.626 39 54
207910 P136454 2009 6 7 -8.277 159.0111 2010 1 6 -8.6752 159.4007 43 50
208188 P135609 2009 6 7 -8.277 159.0111 2010 1 13 -8.444 158.592 47 57
208384 P135685 2009 6 7 -8.277 159.0111 2010 1 3 -7.409 156.874 43 45
208528 P136953 2009 6 7 -8.277 159.0111 2010 1 27 -8.6324 159.424 50 48
210426 P135874 2009 6 7 -8.277 159.0111 2010 1 27 -8.5275 159.346 43 56
208562 P136985 2009 6 7 -8.3406 158.8847 2010 1 5 -8.792 159.161 48 54
209194 P137654 2009 6 7 -8.3406 158.8847 2010 1 5 -4.6564 158.1565 43 42
209352 P137180 2009 6 7 -8.3406 158.8847 2010 1 13 -8.444 158.592 39 55
209659 P137599 2009 6 7 -8.3406 158.8847 2010 1 26 -8.249 159.017 38 41
209758 P137844 2009 6 7 -8.3406 158.8847 2010 1 6 -8.6752 159.4007 39 54
210052 P137221 2009 6 7 -8.3406 158.8847 2010 1 3 -7.409 156.874 40 56
210190 P137287 2009 6 7 -8.3406 158.8847 2010 1 10 -8.9417 158.4117 39 54
207916 P138110 2009 6 7 -8.1106 158.7029 2010 1 4 -8.4106 158.8964 38 62
210821 P138151 2009 6 8 -8.0158 158.409 2010 1 3 -9.4313 156.8002 39 51
214146 P140195 2009 6 11 -9.2481 157.6559 2010 1 28 -9.628 155.953 52 NA
214243 P139426 2009 6 11 -9.2092 157.5513 2010 1 11 -8.417 158.95 50 50
214303 P140096 2009 6 11 -9.2092 157.5513 2010 1 4 -8.4106 158.8964 47 52
214364 P139486 2009 6 11 -9.2092 157.5513 2010 1 31 -8.0658 158.041 47 48
214904 P139854 2009 6 11 -8.9978 157.6588 2010 1 1 -5.805 159.055 51 56
215380 P139885 2009 6 13 -7.3999 156.6107 2010 1 3 -7.409 156.874 38 52
215760 Z77123 2009 6 13 -7.3999 156.6107 2010 1 17 -4.2708 152.224 37 49
216253 Z76807 2009 6 13 -7.3999 156.6107 2010 1 22 -2.0648 173.551 36 50
216855 Z76505 2009 6 13 -7.3999 156.6107 2010 1 17 -4.9207 153.8413 33 49
217188 Z75856 2009 6 13 -7.3999 156.6107 2010 1 5 -4.6564 158.1565 33 46
217248 Z75892 2009 6 13 -7.3999 156.6107 2010 1 3 -7.5999 156.0332 37 51
217339 P141225 2009 6 13 -7.3999 156.6107 2010 1 29 -4.8359 160.4296 38 66
217416 P141241 2009 6 13 -7.3999 156.6107 2010 1 3 -7.4046 156.874 39 54
218384 Z75962 2009 6 13 -7.3999 156.6107 2010 1 13 -8.444 158.592 37 54
218599 P140722 2009 6 13 -7.3999 156.6107 2010 1 6 -8.6752 159.4007 41 47
218946 P141144 2009 6 13 -7.3999 156.6107 2010 1 14 -2.6907 159.2093 42 51
218991 P141166 2009 6 13 -7.3999 156.6107 2010 1 11 -8.4448 159.1 50 62
215327 P142178 2009 6 13 -7.3473 156.4429 2010 1 22 -7.6889 154.7809 47 59
217276 P142242 2009 6 13 -7.3473 156.4429 2010 1 22 -2.0648 173.551 38 51
218925 P142343 2009 6 13 -7.3473 156.4429 2010 1 31 -8.0656 158.038 38 46
219700 Z78230 2009 6 13 -7.3397 156.3453 2010 1 2 -2.4147 186.522 33 50
219731 P142855 2009 6 13 -7.3397 156.3453 2010 1 4 -8.8597 159.2397 38 45
219762 P142873 2009 6 13 -7.3397 156.3453 2010 1 2 -4.8692 158.0896 39 48
219954 Z77888 2009 6 13 -7.3397 156.3453 2010 1 3 -7.5998 156.0332 34 66
218129 P142590 2009 6 13 -7.3364 156.2231 2010 1 4 -8.8597 159.2397 50 57
223044 P142441 2009 7 20 1.9999 165.0147 2010 1 28 -7.0953 165.4593 52 54
223175 P143145 2009 7 22 6.6825 158.2465 2010 1 10 -4.4273 179.9683 49 50
223368 P142687 2009 7 22 6.9757 158.0874 2010 1 25 6.5 177 51 58.8
223394 P145813 2009 7 22 6.9757 158.0874 2010 1 10 6.9107 171.4127 50 57
223632 P143035 2009 7 22 6.9757 158.0874 2010 1 1 -5.805 159.055 53 40
224433 Z79426 2009 7 26 1.9564 156.012 2010 1 25 6.5 177 35 50.8
224489 Z78773 2009 7 26 1.9564 156.012 2010 1 20 -0.7411 165.4659 36 48
224555 Z79239 2009 7 26 1.9564 156.012 2010 1 22 -1.2747 173.7227 33 52
224882 Z79723 2009 7 27 -0.1676 155.9675 2010 1 17 -4.2708 152.224 33 52.5
225130 Z79654 2009 7 31 -0.7469 148.1824 2010 1 10 -1.4846 148.3433 37 47
225454 P143348 2009 7 31 -0.7469 148.1824 2010 1 30 -7.641 155.085 40 48.6
225531 Z79733 2009 7 31 -0.7469 148.1824 2010 1 15 -2e-04 145.9967 37 NA
225686 Z79500 2009 7 31 -0.7469 148.1824 2010 1 15 -3.7742 150.2367 37 NA
225769 Z79828 2009 7 31 -0.7469 148.1824 2010 1 5 -4.05 146 37 38
225787 P144215 2009 7 31 -0.7469 148.1824 2010 1 23 -8.378 166.167 40 55
226019 Z79884 2009 8 1 1.9996 147.0398 2010 1 30 -2.3453 177.7214 35 56
226145 P145016 2009 8 2 -0.025 147.0098 2010 1 28 -9.679 156.466 39 53.6
226157 Z79510 2009 8 2 -0.025 147.0098 2010 1 6 -2.7987 161.2267 35 48
226213 Z79566 2009 8 2 -0.025 147.0098 2010 1 29 -1.3658 165.4923 36 45
226294 P144363 2009 8 2 -0.025 147.0098 2010 1 15 -2e-04 145.9967 37 30
226357 P144726 2009 8 2 -0.025 147.0098 2010 1 15 -2.7607 143.5893 40 NA
226394 P144763 2009 8 2 -0.025 147.0098 2010 1 5 -2.3208 154.3059 38 NA
226523 P143893 2009 8 2 -0.025 147.0098 2010 1 15 -2.7607 143.5893 41 NA
226821 Z79900 2009 8 2 -0.025 147.0098 2010 1 15 -2e-04 145.9967 36 28
227019 P145070 2009 8 3 -2.1687 148.715 2010 1 4 -4.051 148.155 38 50
227092 Z79590 2009 8 3 -2.2113 148.7926 2010 1 2 -2.4167 148.8833 37 49
227767 P145490 2009 8 4 -2.36 148.666 2010 1 30 -7.501 154.683 39 52.7
227918 Z80000 2009 8 4 -2.36 148.666 2010 1 10 -1.4846 148.3433 37 46
227969 P145272 2009 8 4 -2.6728 148.7198 2010 1 15 -2.7607 143.5893 50 NA
228093 P145717 2009 8 5 -2.8316 150.6789 2010 1 13 -3.721 184.477 48 42
228159 P146054 2009 8 5 -2.8316 150.6789 2010 1 8 -3.525 161.095 52 63
228172 P146062 2009 8 5 -2.8316 150.6789 2010 1 17 -4.9207 153.8413 49 55
228250 P145635 2009 8 5 -2.8316 150.6789 2010 1 17 -4.2708 152.224 51 60
228259 P145644 2009 8 5 -2.8316 150.6789 2010 1 15 -1.801 145.526 56 NA
228378 P146711 2009 8 5 -2.8316 150.6789 2010 1 28 -9.679 156.466 53 59.9
228450 P146783 2009 8 5 -2.8316 150.6789 2010 1 17 -4.9207 153.8413 52 56
228553 P146815 2009 8 5 -2.8316 150.6789 2010 1 6 -2.8787 160.4453 55 66
228624 P146886 2009 8 5 -2.8316 150.6789 2010 1 29 -0.0132 147.538 54 NA
228769 P146130 2009 8 5 -2.8316 150.6789 2010 1 12 -10.2282 156.6854 58 50
228925 P147328 2009 8 5 -2.8316 150.6789 2010 1 31 -9.675 155.783 50 58.7
228945 P147339 2009 8 5 -2.8316 150.6789 2010 1 17 -4.9207 153.8413 58 66
228947 P147341 2009 8 5 -2.8316 150.6789 2010 1 31 -6.3667 153.45 50 61
229094 P146911 2009 8 5 -2.8316 150.6789 2010 1 31 -6.435 153.443 54 61.6
229098 P146915 2009 8 5 -2.8316 150.6789 2010 1 13 -10.995 156.576 56 58.6
229126 P146943 2009 8 5 -2.8316 150.6789 2010 1 17 -4.3777 157.9832 52 NA
229130 P146947 2009 8 5 -2.8316 150.6789 2010 1 30 -7.501 154.683 50 59
229149 P146966 2009 8 5 -2.8316 150.6789 2010 1 17 -4.2708 152.224 54 62.5
229195 P146312 2009 8 5 -2.8316 150.6789 2010 1 17 -4.9207 153.8413 55 62
229196 P146313 2009 8 5 -2.8316 150.6789 2010 1 5 -2.3208 154.3059 48 NA
229326 P146364 2009 8 5 -2.8316 150.6789 2010 1 24 -8.764 154.578 52 59
229336 P146371 2009 8 5 -2.8316 150.6789 2010 1 5 -2.3208 154.3059 53 NA
229433 P147269 2009 8 5 -2.8316 150.6789 2010 1 15 -2.0292 142.7845 51 56
229601 P146437 2009 8 5 -2.8316 150.6789 2010 1 1 -5.805 159.055 50 58
229637 P146473 2009 8 5 -2.8316 150.6789 2010 1 15 -6.5784 164.3457 52 57
229661 P146497 2009 8 5 -2.8316 150.6789 2010 1 10 -1.5911 148.4547 53 35
230016 P147367 2009 8 8 -3.2446 150.8874 2010 1 2 -4.8707 158.0873 51 58
230031 P147382 2009 8 8 -3.2446 150.8874 2010 1 28 5.5 129.8 51 65
230098 P148425 2009 8 8 -3.2446 150.8874 2010 1 5 -2.3208 154.3059 49 60
230216 P148145 2009 8 8 -3.2446 150.8874 2010 1 5 -2.3208 154.3059 50 NA
230217 P148146 2009 8 8 -3.2446 150.8874 2010 1 17 -3.417 171.081 56 59
230231 P148160 2009 8 8 -3.2446 150.8874 2010 1 5 -4.6564 158.1565 56 64
230310 P148516 2009 8 8 -3.2446 150.8874 2010 1 31 -2.1833 168.2833 48 NA
230311 P148517 2009 8 8 -3.2446 150.8874 2010 1 10 -1.4846 148.3433 52 44
230377 P148243 2009 8 8 -3.2446 150.8874 2010 1 2 -2.4167 148.8833 53 57
230497 P149011 2009 8 8 -3.2446 150.8874 2010 1 30 -7.965 155.339 51 57.6
230543 P147612 2009 8 8 -3.2446 150.8874 2010 1 5 -2.3208 154.3059 53 NA
230685 P147892 2009 8 8 -3.2446 150.8874 2010 1 2 -4.8707 158.0873 51 56
230834 P148808 2009 8 8 -3.2446 150.8874 2010 1 9 -5.7316 157.922 51 63
230858 P148024 2009 8 8 -3.2446 150.8874 2010 1 13 -8.444 158.592 53 61
230909 P148075 2009 8 8 -3.2446 150.8874 2010 1 19 -7.05 151.7833 51 54.7
231457 P148932 2009 8 11 -5.0524 149.4018 2010 1 10 -1.5911 148.4547 41 35
231583 P149415 2009 8 11 -5.2518 149.1974 2010 1 20 0 144 44 NA
231917 P149575 2009 8 11 -5.257 149.2015 2010 1 24 -2.0667 129.2167 44 43
232354 P149889 2009 8 12 -4.3136 150.1233 2010 1 2 -2.4167 148.8833 45 52
232273 P148995 2009 8 12 -4.3333 150.1441 2010 1 9 -3.8935 148.5745 49 48
232295 P150004 2009 8 12 -4.3333 150.1441 2010 1 15 -3.6566 147.2978 45 56
232403 P150088 2009 8 12 -4.2397 150.1962 2010 1 17 -4.4667 149.9833 44 NA
232442 P149649 2009 8 12 -4.2397 150.1962 2010 1 7 -3.9158 181.2447 46 61
232447 P149654 2009 8 12 -4.2397 150.1962 2010 1 5 -2.3208 154.3059 50 NA
232510 P149320 2009 8 12 -4.2397 150.1962 2010 1 10 -10.8715 156.6523 48 51
232528 P149338 2009 8 12 -4.2397 150.1962 2010 1 15 -2.7607 143.5893 48 NA
232539 P149349 2009 8 12 -4.2397 150.1962 2010 1 20 -4.9718 147.1478 44 NA
232643 P150133 2009 8 12 -4.2397 150.1962 2010 1 15 -1.0782 146.4602 50 55
232772 P150355 2009 8 12 -4.2397 150.1962 2010 1 15 -5.0666 149.3834 47 NA
232874 P150413 2009 8 12 -4.1637 149.8117 2010 1 22 -6.5212 152.5294 50 NA
233120 Z80773 2009 8 13 -3.3104 148.5956 2010 1 5 -2.5022 141.9324 37 51
233546 P151222 2009 8 14 -2.8931 147.9715 2010 1 1 -2.859 148.693 41 49
233634 Z80187 2009 8 16 -1.7674 145.3322 2010 1 3 -4.2 146.6833 37 29
233639 Z80192 2009 8 16 -1.7674 145.3322 2010 1 5 -3.8249 147.944 37 NA
233828 Z81165 2009 8 16 -1.7674 145.3322 2010 1 3 -4.2 146.6833 36 30
234052 Z81065 2009 8 16 -2.0888 144.606 2010 1 1 -4.667 150.767 35 50
234081 P151032 2009 8 17 -2.3984 141.7955 2010 1 16 -2.2184 142.5107 42 52
234139 P151934 2009 8 17 -2.3984 141.7955 2010 1 26 -8.383 154.808 45 55.6
234327 Z81536 2009 8 22 -1.4058 135.9975 2010 1 8 -1.0333 129.25 35 46
234434 P150452 2009 8 23 -0.534 134.3473 2010 1 15 -2e-04 145.9967 41 NA
234550 Z81394 2009 8 23 -0.534 134.3473 2010 1 15 -2e-04 145.9967 38 28
234950 P151855 2009 8 23 -0.534 134.3473 2010 1 5 -2.3208 154.3059 39 NA
234638 Z81267 2009 8 23 -0.5184 134.2475 2010 1 5 -2.3208 154.3059 38 NA
235375 P152227 2009 8 23 -0.4586 134.1773 2010 1 15 2.1858 118.5833 43 NA
235540 P152407 2009 8 23 -0.4697 134.151 2010 1 23 5 129 40 NA
235545 P152412 2009 8 23 -0.4697 134.151 2010 1 18 12 116 41 NA
235551 P152418 2009 8 23 -0.4697 134.151 2010 1 3 -2.5022 141.9324 40 53
235683 Z81460 2009 8 24 0.5634 131.5582 2010 1 15 12.2583 116.7583 34 NA
235733 Z81802 2009 8 24 0.5634 131.5582 2010 1 25 -1.8473 168.7913 33 50
235960 P152657 2009 8 24 0.5634 131.5582 2010 1 5 -2.3208 154.3059 41 NA
236108 Z82061 2009 8 24 0.5634 131.5582 2010 1 15 2.1858 118.5833 34 NA
236126 Z82078 2009 8 24 0.5634 131.5582 2010 1 15 12.2583 116.7583 33 NA
236172 P152724 2009 8 24 0.5634 131.5582 2010 1 24 -0.655 141.9897 38 NA
236437 P152485 2009 8 24 0.5634 131.5582 2010 1 5 -2.3208 154.3059 39 NA
236477 Z81913 2009 8 24 0.5634 131.5582 2010 1 5 -4.05 146 35 40
236630 P152314 2009 8 24 0.5634 131.5582 2010 1 10 4.3892 128.2112 44 41
236631 P152315 2009 8 24 0.5634 131.5582 2010 1 15 -2e-04 145.9967 47 40
236695 P152372 2009 8 24 0.5634 131.5582 2010 1 24 -0.655 141.9897 39 NA
235764 Z81833 2009 8 24 0.6148 131.4894 2010 1 15 -2e-04 145.9967 38 NA
235893 P152527 2009 8 24 0.6148 131.4894 2010 1 15 12.2583 116.7583 42 NA
235945 P152571 2009 8 24 0.6148 131.4894 2010 1 24 -0.655 141.9897 39 NA
236221 P152772 2009 8 24 0.6148 131.4894 2010 1 15 12.2583 116.7583 43 NA
236581 P153020 2009 8 24 0.6148 131.4894 2010 1 7 -2.5022 141.9324 39 54
236698 P153064 2009 8 24 0.6148 131.4894 2010 1 15 12.2583 116.7583 39 NA
236755 Z82109 2009 8 24 0.6148 131.4894 2010 1 28 -2.1525 158.572 36 53
236769 Z82123 2009 8 24 0.6148 131.4894 2010 1 28 3.4392 130.1588 36 47
236809 Z82163 2009 8 24 0.6148 131.4894 2010 1 15 -2e-04 145.9967 34 NA
236938 P153221 2009 8 24 0.6148 131.4894 2010 1 15 2.1858 118.5833 41 NA
237295 P153882 2009 8 29 -3.2099 123.6614 2010 1 8 -1.0333 129.25 39 46
237549 P153436 2009 8 30 -5.0563 123.2896 2010 1 26 -2.0667 129.2167 39 43
237560 Z82271 2009 8 30 -5.0563 123.2896 2010 1 9 3.2253 130.211 35 50
239485 Z83167 2009 9 2 -7.6126 124.1078 2010 1 13 -3.721 184.477 36 51
239712 P153569 2009 9 4 -2.8139 126.2661 2010 1 8 -2.1667 126.3333 40 NA
239838 P154595 2009 9 4 -2.8139 126.2661 2010 1 8 -2.1667 126.3333 39 NA
240036 P155044 2009 9 4 -2.8139 126.2661 2010 1 8 -2.1667 126.3333 40 NA
240079 P155067 2009 9 4 -2.8139 126.2661 2010 1 24 -2.0667 129.2167 42 42
240098 P155077 2009 9 4 -2.8139 126.2661 2010 1 18 4.3892 128.2112 40 47
240399 P113490 2009 9 4 -2.8139 126.2661 2010 1 8 -2.1667 126.3333 39 NA
240444 Z83036 2009 9 4 -2.8139 126.2661 2010 1 8 -2.1667 126.3333 37 NA
240776 P113242 2009 9 4 -2.8139 126.2661 2010 1 8 -2.1667 126.3333 38 NA
240778 P113334 2009 9 4 -2.8139 126.2661 2010 1 8 -2.1667 126.3333 40 NA
240879 P113382 2009 9 4 -2.8139 126.2661 2010 1 24 3.7715 129.2392 41 46
241278 P155813 2009 9 7 3.8596 127.7471 2010 1 15 3.424 128.2392 40 46
241308 Z69345 2009 9 7 3.8596 127.7471 2010 1 8 -1.0333 129.25 36 47
241453 Z84233 2009 9 7 3.8596 127.7471 2010 1 6 4.561 128.2388 35 47
241579 P155711 2009 9 7 3.8596 127.7471 2010 1 20 0 144 39 NA
241600 P155627 2009 9 7 3.8596 127.7471 2010 1 5 -2.3208 154.3059 40 NA
241900 Z69435 2009 9 7 3.8596 127.7471 2010 1 26 2 117 35 NA
241909 Z69444 2009 9 7 3.8596 127.7471 2010 1 28 3.4392 130.1588 35 46
242055 P155557 2009 9 7 3.8596 127.7471 2010 1 15 3.424 128.2392 40 49
242065 P155567 2009 9 7 3.8596 127.7471 2010 1 21 2.859 129.5927 43 43
241767 Z84255 2009 9 7 3.9123 128.0136 2010 1 28 -2.1833 144.5 35 50
241842 Z84179 2009 9 7 3.9123 128.0136 2010 1 15 -2e-04 145.9967 35 45
241977 Z83913 2009 9 7 3.9123 128.0136 2010 1 4 -1.1095 128.1443 32 46
242017 Z83953 2009 9 7 3.9123 128.0136 2010 1 9 2.2372 129.8058 33 47
242034 Z83970 2009 9 7 3.9123 128.0136 2010 1 5 4.5592 128.2542 34 42
242136 Z83984 2009 9 8 2.3575 128.8662 2010 1 3 1.5 138.75 32 NA
242163 Z84292 2009 9 8 2.3575 128.8662 2010 1 26 -2.0667 129.2167 37 46
242295 Z83581 2009 9 8 2.3575 128.8662 2010 1 24 -2.0667 129.2167 33 40
242513 Z84443 2009 9 9 1.06 130.0695 2010 1 20 0 144 37 NA
242545 Z84475 2009 9 9 1.06 130.0695 2010 1 4 -1.1095 128.1443 37 48
242577 P156007 2009 9 9 1.06 130.0695 2010 1 15 12.2583 116.2583 41 NA
242650 P156078 2009 9 9 1.06 130.0695 2010 1 15 12.2583 116.2583 43 NA
242677 P155905 2009 9 9 1.06 130.0695 2010 1 28 3.4392 130.1588 42 48
242684 P155912 2009 9 9 1.06 130.0695 2010 1 16 4.5588 128.244 40 48
242725 P155937 2009 9 9 1.06 130.0695 2010 1 15 -0.8807 142.0518 42 NA
242759 P156636 2009 9 9 1.06 130.0695 2010 1 15 -3.5416 143.65 43 NA
242884 P155994 2009 9 9 1.06 130.0695 2010 1 24 -2.0667 129.2167 38 42
242954 P156317 2009 9 9 1.06 130.0695 2010 1 15 -3.5416 143.65 42 NA
243013 Z84034 2009 9 9 1.06 130.0695 2010 1 6 -0.1333 143.3333 38 NA
243023 P156346 2009 9 9 1.06 130.0695 2010 1 15 -0.7512 143.0818 41 NA
243089 P156374 2009 9 9 1.06 130.0695 2010 1 14 2 133 43 NA
243092 Z84080 2009 9 9 1.06 130.0695 2010 1 28 3.4392 130.1588 38 43
243096 Z84082 2009 9 9 1.06 130.0695 2010 1 6 4.561 128.2388 38 48
243124 P156387 2009 9 9 1.06 130.0695 2010 1 29 1.04 138.0033 41 48
243174 P155862 2009 9 9 1.06 130.0695 2010 1 28 3.4392 130.1588 40 48
243187 P155874 2009 9 9 1.06 130.0695 2010 1 24 -0.655 141.9897 37 NA
243201 P155888 2009 9 9 1.06 130.0695 2010 1 29 3.594 130.3808 39 46
243211 P155898 2009 9 9 1.06 130.0695 2010 1 26 -2.0667 129.2167 42 43
243363 Z84621 2009 9 9 1.06 130.0695 2010 1 3 -4.05 146 36 43
243486 P156165 2009 9 9 1.06 130.0695 2010 1 10 4.3892 128.2112 41 45
243536 P156515 2009 9 9 1.06 130.0695 2010 1 29 1.04 138.0033 38 48
243560 P156539 2009 9 9 1.06 130.0695 2010 1 15 -1.1083 143.0069 41 NA
243587 P156566 2009 9 9 1.06 130.0695 2010 1 24 -0.655 141.9897 41 NA
243629 P156592 2009 9 9 1.06 130.0695 2010 1 9 -0.703 142.4827 40 56
243722 P156445 2009 9 9 1.06 130.0695 2010 1 2 4.6378 128.2628 41 48
243812 P156488 2009 9 9 1.06 130.0695 2010 1 16 4.5588 128.244 40 49
243817 P156491 2009 9 9 1.06 130.0695 2010 1 16 -2.2184 142.5107 40 76
243672 P156694 2009 9 9 1.0498 130.3672 2010 1 9 -0.7513 143.0819 50 61
243852 P157175 2009 9 9 1.0498 130.3672 2010 1 20 -2.6023 143.6515 43 NA
243937 P157047 2009 9 9 1.0498 130.3672 2010 1 14 2 133 42 NA
243966 P157076 2009 9 9 1.0498 130.3672 2010 1 28 -2.1833 144.5 44 50
244099 P157405 2009 9 9 1.0498 130.3672 2010 1 24 -0.655 141.9897 42 NA
244124 P157428 2009 9 9 1.0498 130.3672 2010 1 9 -0.2635 137.1625 44 53
244143 P157447 2009 9 9 1.0498 130.3672 2010 1 6 4.561 128.2388 40 47
244151 P157455 2009 9 9 1.0498 130.3672 2010 1 15 -0.7038 142.485 43 NA
244213 P157850 2009 9 9 1.0498 130.3672 2010 1 10 4.522 128.259 45 48
244330 P157612 2009 9 9 1.0498 130.3672 2010 1 1 -3.6729 150.0442 46 50
244383 P157646 2009 9 9 1.0498 130.3672 2010 1 20 0 144 39 NA
244489 P157320 2009 9 9 1.0498 130.3672 2010 1 16 0.4474 141.7724 53 NA
244706 P156286 2009 9 9 1.0498 130.3672 2010 1 29 1.04 138.0033 40 46
244749 P156829 2009 9 9 1.0498 130.3672 2010 1 12 1 131 38 NA
244805 P157867 2009 9 10 1.0188 130.5126 2010 1 15 0 146 43 NA
244895 P158444 2009 9 10 1.0188 130.5126 2010 1 24 -0.655 141.9897 41 NA
244903 P156862 2009 9 10 1.0188 130.5126 2010 1 15 12.2583 116.2583 39 NA
244906 P158452 2009 9 10 1.0188 130.5126 2010 1 15 -2e-04 145.9967 39 NA
244918 P158461 2009 9 10 1.0188 130.5126 2010 1 5 -2.3208 154.3059 38 NA
244949 P158483 2009 9 10 1.0188 130.5126 2010 1 10 4.3892 128.2112 40 42
244957 P158489 2009 9 10 1.0188 130.5126 2010 1 15 -4.1281 147.9371 40 NA
244967 P156881 2009 9 10 1.0188 130.5126 2010 1 31 -0.0912 137.7122 44 52
245000 P156899 2009 9 10 1.0188 130.5126 2010 1 29 1.04 138.0033 41 NA
245035 P158543 2009 9 10 1.0188 130.5126 2010 1 24 -1.4411 143.3278 38 NA
245036 P158544 2009 9 10 1.0188 130.5126 2010 1 10 -1.4846 148.3433 44 46
245118 P158595 2009 9 10 1.0188 130.5126 2010 1 15 2.1858 118.5833 41 NA
245159 P157713 2009 9 10 1.0188 130.5126 2010 1 19 -1.2867 157.0053 38 56
245191 P157735 2009 9 10 1.0188 130.5126 2010 1 7 -2.9667 144.4833 41 32
245204 P157744 2009 9 10 1.0188 130.5126 2010 1 10 4.3892 128.2112 42 45
245238 P157766 2009 9 10 1.0188 130.5126 2010 1 10 -2.2333 141.5833 38 42
245278 P157996 2009 9 10 1.0188 130.5126 2010 1 24 -2.0667 129.2167 40 42
245280 P157793 2009 9 10 1.0188 130.5126 2010 1 7 -2.9667 144.4833 39 32
245328 P158214 2009 9 10 1.0188 130.5126 2010 1 20 0 144 38 NA
245387 P158273 2009 9 10 1.0188 130.5126 2010 1 20 0 144 41 NA
245423 P158009 2009 9 10 1.0188 130.5126 2010 1 10 4.3892 128.2112 41 48
245480 P158066 2009 9 10 1.0188 130.5126 2010 1 5 -2.3208 154.3059 37 NA
245518 P157468 2009 9 10 1.0188 130.5126 2010 1 30 2.7937 130.3088 38 43
245599 P158328 2009 9 10 1.0188 130.5126 2010 1 26 2 117 40 NA
245663 P158369 2009 9 10 1.0188 130.5126 2010 1 24 -0.655 141.9897 40 47
245666 P158372 2009 9 10 1.0188 130.5126 2010 1 16 4.5588 128.244 39 48
245830 P158105 2009 9 10 1.0188 130.5126 2010 1 16 0.4474 141.7724 43 53
245844 P158114 2009 9 10 1.0188 130.5126 2010 1 10 4.522 128.259 43 46
245856 P158124 2009 9 10 1.0188 130.5126 2010 1 11 4.522 128.259 41 48
245918 P158173 2009 9 10 1.0188 130.5126 2010 1 8 12 116 40 NA
245927 P158182 2009 9 10 1.0188 130.5126 2010 1 24 -0.655 141.9897 42 NA
245746 P158992 2009 9 10 0.9912 130.4622 2010 1 15 -2e-04 145.9967 41 NA
245763 P159208 2009 9 10 0.9912 130.4622 2010 1 15 -2e-04 145.9967 46 46
245822 Z84699 2009 9 10 0.9912 130.4622 2010 1 31 -0.2578 137.6785 35 56
246082 P158697 2009 9 10 0.9912 130.4622 2010 1 6 -0.1333 143.3333 40 NA
246114 P159317 2009 9 10 0.9912 130.4622 2010 1 15 12.2583 116.7583 42 NA
246123 P159324 2009 9 10 0.9912 130.4622 2010 1 15 4.3608 128.2127 41 47
246132 P159332 2009 9 10 0.9912 130.4622 2010 1 15 12.2583 116.7583 39 NA
246179 P158818 2009 9 10 0.9912 130.4622 2010 1 4 -1.1095 128.1443 38 48
246205 P159394 2009 9 10 0.9912 130.4622 2010 1 3 -0.2113 137.239 42 48.5
246229 P158844 2009 9 10 0.9912 130.4622 2010 1 30 -0.0912 137.7132 38 50
246240 P158855 2009 9 10 0.9912 130.4622 2010 1 16 4.5588 128.244 40 48
246367 P158725 2009 9 10 0.9912 130.4622 2010 1 20 0 144 41 NA
246376 P158731 2009 9 10 0.9912 130.4622 2010 1 5 1 138 40 NA
246395 P158749 2009 9 10 0.9912 130.4622 2010 1 10 -0.138 145.11 39 29
246396 P158750 2009 9 10 0.9912 130.4622 2010 1 8 -1.0333 129.25 40 48
246413 P158765 2009 9 10 0.9912 130.4622 2010 1 30 -6.839 153.78 37 51.6
246419 P158770 2009 9 10 0.9912 130.4622 2010 1 29 3.594 130.3808 41 46
246490 P159121 2009 9 10 0.9912 130.4622 2010 1 3 1.5 138.75 40 NA
246495 P159126 2009 9 10 0.9912 130.4622 2010 1 24 -2.0726 129.172 39 43
246528 P159159 2009 9 10 0.9912 130.4622 2010 1 24 -0.655 141.9897 40 NA
246529 P159160 2009 9 10 0.9912 130.4622 2010 1 13 0.6671 141.4501 41 51
246551 P159182 2009 9 10 0.9912 130.4622 2010 1 29 1.04 138.0033 41 43
246559 P159190 2009 9 10 0.9912 130.4622 2010 1 9 3.2253 130.211 40 49
246874 P159269 2009 9 13 -0.4715 134.1496 2010 1 8 12 116 43 NA
247016 P159069 2009 9 13 -0.5174 134.2474 2010 1 15 -2e-04 145.9967 37 38
247094 P159650 2009 9 13 -0.5474 134.2799 2010 1 16 3.4145 130.061 41 49
247567 Z85580 2009 9 13 -0.6741 134.3813 2010 1 31 -2.1833 168.2833 34 NA
248233 Z85823 2009 9 14 -0.8543 134.3373 2010 1 20 -2.6023 143.6515 33 NA
248345 Z85886 2009 9 14 -0.8543 134.3373 2010 1 31 -2.9714 149.0421 34 42
248130 Z85609 2009 9 14 -0.8689 134.3707 2010 1 15 12.2583 116.7583 37 NA
249079 Z86362 2009 9 16 -0.9686 138.9701 2010 1 9 -2.166 164.3007 35 48
248734 Z85689 2009 9 16 -0.9529 138.9943 2010 1 9 -4.216 149.2261 32 58
248815 Z86703 2009 9 16 -0.9529 138.9943 2010 1 15 -2e-04 145.9967 36 42
248817 Z86704 2009 9 16 -0.9529 138.9943 2010 1 15 -2e-04 145.9967 33 28
248941 Z86522 2009 9 16 -0.9529 138.9943 2010 1 22 -5.4257 159.9187 34 NA
248980 Z86562 2009 9 16 -0.9529 138.9943 2010 1 15 -2e-04 145.9967 35 NA
248989 Z86571 2009 9 16 -0.9529 138.9943 2010 1 15 -2e-04 145.9967 35 NA
249015 Z86597 2009 9 16 -0.9529 138.9943 2010 1 6 -2.7987 161.2267 34 47
249363 Z86458 2009 9 16 -0.9529 138.9943 2010 1 15 -2e-04 145.9967 35 32
249376 Z86471 2009 9 16 -0.9529 138.9943 2010 1 23 -2.3346 159.2979 36 47
249424 P159570 2009 9 16 -1.0395 139.1699 2010 1 28 3.4392 130.1588 44 46
249220 P160225 2009 9 16 -1.0872 139.1379 2010 1 24 -0.655 141.9897 46 NA
249231 P160236 2009 9 16 -1.0872 139.1379 2010 1 15 12.2583 116.2583 48 NA
249264 P159974 2009 9 16 -1.0872 139.1379 2010 1 15 2.1858 118.5833 44 NA
249748 P160113 2009 9 22 -4.8008 147.3673 2010 1 29 -3.7508 150.2678 37 40
249761 P160126 2009 9 22 -4.8008 147.3673 2010 1 20 -2.6023 143.6515 41 NA
249798 P160163 2009 9 22 -4.8008 147.3673 2010 1 9 -2.9462 145.4002 41 NA
249831 P160196 2009 9 22 -4.8008 147.3673 2010 1 9 -2.8879 145.3053 42 48
249863 P168928 2009 9 22 -4.8008 147.3673 2010 1 27 -6.694 150.402 47 44
249933 P161409 2009 9 22 -4.8008 147.3673 2010 1 15 -2.5333 156.75 42 59
249937 P161412 2009 9 22 -4.8008 147.3673 2010 1 9 -2.7338 145.456 52 45
249955 P168999 2009 9 22 -4.8008 147.3673 2010 1 26 -8.5357 152.4416 52 67
250069 P161109 2009 9 22 -4.8008 147.3673 2010 1 5 -3.8249 147.944 43 NA
250149 P161189 2009 9 22 -4.8008 147.3673 2010 1 28 -2.1833 144.5 48 50
250207 P169047 2009 9 22 -4.8008 147.3673 2010 1 31 -3.477 157.505 42 52.8
250360 P169479 2009 9 22 -4.8008 147.3673 2010 1 25 -1.7305 148.0037 47 43
250518 P160735 2009 9 22 -4.8008 147.3673 2010 1 19 -6.5519 152.6704 46 51
250639 P168712 2009 9 22 -4.8008 147.3673 2010 1 7 -2.9667 144.4833 48 34
250768 P168762 2009 9 22 -4.8008 147.3673 2010 1 9 -3.8935 148.5745 51 44
250779 P168770 2009 9 22 -4.8008 147.3673 2010 1 31 -6.3667 153.45 42 53
250872 P169256 2009 9 22 -4.8008 147.3673 2010 1 10 -1.4846 148.3433 45 46
251017 P161015 2009 9 22 -4.8008 147.3673 2010 1 17 -4.2708 152.224 42 60
251100 P161098 2009 9 22 -4.8008 147.3673 2010 1 1 -3.4056 184.427 40 48
251104 P160602 2009 9 22 -4.8008 147.3673 2010 1 2 -2.4167 148.8833 40 48
251182 P160679 2009 9 22 -4.8008 147.3673 2010 1 18 -3.3114 148.6539 42 49
251328 P170221 2009 9 24 -4.641 150.0014 2010 1 2 -2.4167 148.8833 46 50
251374 P170267 2009 9 24 -4.641 150.0014 2010 1 2 -2.4167 148.8833 40 48
251442 Z86746 2009 9 24 -4.641 150.0014 2010 1 30 -2.3947 148.8824 32 50
251544 P169629 2009 9 24 -4.641 150.0014 2010 1 31 -3.85 150.05 44 48
251552 P169637 2009 9 24 -4.641 150.0014 2010 1 20 0 144 41 NA
251640 P169358 2009 9 24 -4.641 150.0014 2010 1 15 0 146 42 NA
251664 P169699 2009 9 24 -4.641 150.0014 2010 1 27 -3.7038 149.5528 50 42
251758 Z85374 2009 9 24 -4.641 150.0014 2010 1 28 5.5 129.8 36 65
251831 P169780 2009 9 24 -4.641 150.0014 2010 1 31 -6.3667 153.45 40 51
251953 P169598 2009 9 24 -4.641 150.0014 2010 1 30 -2.3947 148.8775 41 50
252153 P170756 2009 9 24 -4.5395 150.2157 2010 1 2 -2.4167 148.8833 45 49
252199 P170819 2009 9 24 -4.5395 150.2157 2010 1 2 -2.4167 148.8833 46 50
252289 P170133 2009 9 24 -4.5395 150.2157 2010 1 20 0 144 45 NA
252342 P170535 2009 9 24 -4.5395 150.2157 2010 1 20 0 144 40 NA
252439 P170588 2009 9 24 -4.5395 150.2157 2010 1 5 -2.3208 154.3059 39 NA
252514 P170053 2009 9 24 -4.5395 150.2157 2010 1 18 -5.2333 148.8833 43 50
252700 P170842 2009 9 24 -4.4039 150.2626 2010 1 31 -0.0753 178.8653 44 44
252826 P170660 2009 9 24 -4.3335 150.2237 2010 1 2 -2.4167 148.8833 42 50
253190 P171428 2009 9 24 -4.2723 150.1989 2010 1 2 -2.4167 148.8833 45 48
253330 P171342 2009 9 24 -4.2723 150.1989 2010 1 10 -1.4846 148.3433 43 45.5
253499 P171706 2009 9 24 -4.2308 150.2629 2010 1 10 -2.3201 142.791 48 42
253597 P171824 2009 9 24 -4.2048 150.3206 2010 1 26 -5.0643 150.3004 46 51
253605 P171832 2009 9 24 -4.2048 150.3206 2010 1 5 -3.8249 147.944 51 NA
253658 P172019 2009 9 24 -4.2142 150.3398 2010 1 23 -8.406 152.905 45 51.9
253681 P172042 2009 9 24 -4.2142 150.3398 2010 1 10 -4.188 149.6945 45 NA
253725 P171740 2009 9 24 -4.2142 150.3398 2010 1 2 -2.4167 148.8833 47 51
253772 P171763 2009 9 24 -4.2142 150.3398 2010 1 31 -10.3667 158.45 45 54
253957 P172602 2009 9 24 -4.1257 150.5097 2010 1 19 -5.019 153.8279 49 56
254040 P171786 2009 9 24 -4.1257 150.5097 2010 1 15 -4.969 147 46 NA
254043 P172206 2009 9 24 -4.1257 150.5097 2010 1 30 -7.146 154.44 48 52.9
254053 P172210 2009 9 24 -4.1257 150.5097 2010 1 2 -1.963 144.8675 49 NA
254145 P172354 2009 9 24 -4.1257 150.5097 2010 1 27 -2.6775 144.9757 48 NA
254213 P171683 2009 9 25 -3.7464 150.7715 2010 1 9 -4.216 149.2261 51 60
254287 P172653 2009 9 25 -3.7464 150.7715 2010 1 1 -4.667 150.767 50 50
254388 P172675 2009 9 25 -3.446 150.7982 2010 1 1 -5.805 159.055 51 56
254435 P172253 2009 9 25 -3.339 150.909 2010 1 6 -3.622 162.077 50 52
254467 P172560 2009 9 25 -3.339 150.909 2010 1 26 -1.729 143.687 49 NA
254470 P172563 2009 9 25 -3.339 150.909 2010 1 6 -3.622 162.077 51 52
254561 P172852 2009 9 25 -3.1123 150.8496 2010 1 9 -2.9462 145.4002 50 NA
254568 P172857 2009 9 25 -3.1123 150.8496 2010 1 2 -2.4167 148.8833 51 55
254670 P172489 2009 9 27 -1.4102 150.8047 2010 1 15 -4.1281 147.9371 46 NA
254716 P172493 2009 9 27 -2.2051 150.7834 2010 1 2 -2.4167 148.8833 40 50
254961 Z87210 2009 10 1 1.9578 156.0085 2010 1 7 -3.454 174.494 33 45
255113 Z86764 2009 10 1 1.9578 156.0085 2010 1 1 -5.805 159.055 36 40
255493 Z87585 2009 10 1 1.9578 156.0085 2010 1 17 -4.9207 153.8413 35 45
255728 Z86618 2009 10 1 1.9578 156.0085 2010 1 12 -2.8613 174.4987 34 45
255756 Z86631 2009 10 1 1.9578 156.0085 2010 1 28 -1.9756 158.4154 37 50
255769 Z86638 2009 10 1 1.9578 156.0085 2010 1 6 -2.7987 161.2267 37 40
256063 Z87080 2009 10 1 1.9578 156.0085 2010 1 9 -2.166 164.3007 38 50
256082 Z87099 2009 10 1 1.9578 156.0085 2010 1 18 -3.2628 177.3113 37 40
256107 P173210 2009 10 1 2.4867 156.0054 2010 1 23 -2.5433 172.3672 45 54
256209 Z87786 2009 10 7 4.9707 156.0312 2010 1 13 -5.024 157.4513 37 47
256215 Z87791 2009 10 7 4.9707 156.0312 2010 1 20 -1.856 161.0193 37 51
256606 Z88048 2009 10 7 4.9707 156.0312 2010 1 26 -0.3978 176.2013 35 52
256762 Z88311 2009 10 7 4.7494 155.8499 2010 1 6 -3.6707 161.764 32 41
256855 Z88099 2009 10 7 4.7494 155.8499 2010 1 23 -2.5433 172.3672 32 49
257496 Z88389 2009 10 8 1.9568 156.0102 2010 1 1 -5.805 159.055 37 40
257692 P174219 2009 10 8 1.9568 156.0102 2010 1 12 -2.8613 174.4987 42 50
257706 P174144 2009 10 8 1.9568 156.0102 2010 1 20 0.082 157.522 45 55
257718 P174234 2009 10 8 1.9568 156.0102 2010 1 18 -5.0624 188.7775 44 39
257910 Z88655 2009 10 8 1.9568 156.0102 2010 1 28 -2.1578 158.5801 35 50
258070 P173543 2009 10 8 1.9568 156.0102 2010 1 24 -1.4411 143.3278 41 NA
258199 P174744 2009 10 9 -0.0108 155.9743 2010 1 1 -6.8228 148.2712 47 54
258284 P173898 2009 10 9 -0.0108 155.9743 2010 1 6 -4.7747 161.33 43 52
258461 P175240 2009 10 11 -2.8309 150.6783 2010 1 22 -6.5212 152.5294 54 NA
258506 P174049 2009 10 11 -2.8309 150.6783 2010 1 22 -5.8587 158.7301 55 62
258614 P175344 2009 10 11 -2.8309 150.6783 2010 1 23 -8.378 166.167 54 60.5
258808 P175140 2009 10 11 -2.8309 150.6783 2010 1 15 -2.9462 145.4002 50 56
258842 P175161 2009 10 11 -2.8309 150.6783 2010 1 29 -4.8359 160.4296 51 59
258864 P175182 2009 10 11 -2.8309 150.6783 2010 1 3 -5.5248 177.9874 52 56
258876 P175191 2009 10 11 -2.8309 150.6783 2010 1 15 -2.5777 154.0496 56 50
258934 P175924 2009 10 11 -2.8309 150.6783 2010 1 19 -1.3259 158.2719 55 61
259008 P174766 2009 10 11 -2.8309 150.6783 2010 1 19 -7.05 151.7833 56 56
259335 P175057 2009 10 11 -2.8309 150.6783 2010 1 8 -4.3867 161.326 59 64
259484 P174957 2009 10 11 -2.8309 150.6783 2010 1 25 -8.198 154.379 54 NA
270284 P175879 2009 10 11 -2.8309 150.6783 2010 1 10 -1.4846 148.3433 53 45
259795 P176059 2009 10 13 -5.1764 153.6656 2010 1 22 -5.4257 159.9187 44 45
259816 P176080 2009 10 13 -5.1764 153.6656 2010 1 22 -7.2017 165.3326 46 53
259828 P176092 2009 10 13 -5.1764 153.6656 2010 1 3 -7.684 160.271 46 47.5
259910 P176109 2009 10 13 -5.1764 153.6656 2010 1 3 -8.2078 158.7992 48 54
259911 P176466 2009 10 13 -5.1764 153.6656 2010 1 28 -9.798 155.987 43 49.8
259919 P176470 2009 10 13 -5.1764 153.6656 2010 1 12 -10.2282 156.6854 48 52
259937 P176480 2009 10 13 -5.1764 153.6656 2010 1 27 -8.5234 159.351 49 46
259944 P176484 2009 10 13 -5.1764 153.6656 2010 1 4 -8.8597 159.2397 47 46
259951 P176488 2009 10 13 -5.1764 153.6656 2010 1 12 -9.033 156.6586 47 52
259962 P176134 2009 10 13 -5.1764 153.6656 2010 1 29 -10.689 156.703 46 51
259968 P176504 2009 10 13 -5.1764 153.6656 2010 1 19 -1.5173 157.3353 45 32
260110 P176596 2009 10 13 -5.1764 153.6656 2010 1 13 -8.444 158.592 46 55
260164 P175981 2009 10 13 -5.1764 153.6656 2010 1 18 -5.0624 188.7775 49 47
260237 P175741 2009 10 13 -5.1764 153.6656 2010 1 25 -1.8867 168.5587 43 49
260248 P175751 2009 10 13 -5.1764 153.6656 2010 1 22 -3.4725 159.2628 49 53
260258 P175761 2009 10 13 -5.1764 153.6656 2010 1 9 -2.166 164.3007 43 48
260263 P175766 2009 10 13 -5.1764 153.6656 2010 1 4 -8.027 158.626 47 52
260290 P175784 2009 10 13 -5.1764 153.6656 2010 1 1 -3.6333 155.3899 50 47
260346 P176219 2009 10 13 -5.1764 153.6656 2010 1 28 -2.1667 190.9667 45 48
260402 P175266 2009 10 13 -5.1764 153.6656 2010 1 19 -8.221 155.1401 49 63
260433 P176304 2009 10 13 -5.1764 153.6656 2010 1 2 -4.8692 158.0896 46 49
260439 P175296 2009 10 13 -5.1764 153.6656 2010 1 19 -2.8667 178.95 45 48
260440 P175297 2009 10 13 -5.1764 153.6656 2010 1 30 -6.7 153.615 48 51
260457 P176321 2009 10 13 -5.1764 153.6656 2010 1 28 -9.668 156.7 48 51.9
260474 P176338 2009 10 13 -5.1764 153.6656 2010 1 4 -8.027 158.626 43 50
260570 P176700 2009 10 14 -5.6126 155.5626 2010 1 17 -5.3783 161.3867 44 54
260572 P176493 2009 10 14 -5.6126 155.5626 2010 1 6 -2.7987 161.2267 43 51
260573 P176494 2009 10 14 -5.6126 155.5626 2010 1 6 -2.7987 161.2267 40 51
260613 P176287 2009 10 14 -5.6126 155.5626 2010 1 9 -5.7316 157.922 44 53
260708 P176759 2009 10 14 -5.6126 155.5626 2010 1 5 -2.74 161.672 52 59
260788 P177202 2009 10 14 -5.6126 155.5626 2010 1 8 -5.376 156.9907 47 52
260793 P177205 2009 10 14 -5.6126 155.5626 2010 1 6 -2.409 161.237 42 46.5
260964 P176968 2009 10 14 -5.6126 155.5626 2010 1 8 -8.757 163.5334 42 49
261017 P177490 2009 10 14 -5.6037 155.7663 2010 1 5 -2.8547 161.3107 41 51
261066 P177805 2009 10 14 -5.6037 155.7663 2010 1 6 -2.409 161.237 47 46.5
261092 P177831 2009 10 14 -5.6037 155.7663 2010 1 14 -2.6907 159.2093 44 53
261189 P177511 2009 10 14 -5.6037 155.7663 2010 1 15 2.9999 172.0333 46 48
261207 P177529 2009 10 14 -5.6037 155.7663 2010 1 8 -6.6023 158.7835 43 48
261313 P177290 2009 10 14 -5.6037 155.7663 2010 1 6 -4.7747 161.33 46 53
261695 P177938 2009 10 14 -5.6037 155.7663 2010 1 9 -2.291 160.3046 47 50
261758 P177331 2009 10 14 -5.6037 155.7663 2010 1 6 -2.7987 161.2267 44 56
261783 P177351 2009 10 14 -5.6037 155.7663 2010 1 13 -35.6427 175.2647 45 42
261877 P177169 2009 10 14 -5.6037 155.7663 2010 1 6 -2.7987 161.2267 41 49
261889 P177387 2009 10 14 -5.6037 155.7663 2010 1 8 -5.376 156.9907 46 54
261904 P177185 2009 10 14 -5.6037 155.7663 2010 1 5 -2.854 161.344 44 50
261937 P177711 2009 10 14 -5.6037 155.7663 2010 1 6 -2.409 161.237 45 53
261951 P177725 2009 10 14 -5.6037 155.7663 2010 1 17 -4.2708 152.224 44 51
261979 P177753 2009 10 14 -5.6037 155.7663 2010 1 12 -3.1952 171.6647 44 58
