772
id tag_no yr mo day lat lon yr_rec mo_rec day_rec lat_rec lon_rec len_rel len_rec
41232 Z23214 2007 4 8 -2.5888 148.686 2009 11 4 -4.0333 146.7833 37 40
87070 P56994 2008 3 6 -9.596 161.0079 2009 11 15 4.7 175.4833 50 65
87701 P57351 2008 3 8 -9.7311 159.3942 2009 11 3 -1.7106 173.8212 40 67
92858 Z41423 2008 3 27 -8.6534 158.627 2009 11 4 -3.75 146.8333 41 43
129539 P77986 2008 10 2 -0.4685 129.5561 2009 11 10 -1.398 171.737 41 52
136928 P82040 2008 10 12 -2.7122 125.6081 2009 11 25 -3.5 123.5 39 60
137030 P82095 2008 10 12 -2.7122 125.6081 2009 11 27 4.3905 128.2372 39 46
139863 P94871 2008 10 13 -2.7669 126.834 2009 11 18 -1 127 37 NA
140915 P93390 2008 10 17 -4.2159 128.4837 2009 11 18 -1 128 38 NA
145083 P96135 2008 10 20 -3.5979 132.3994 2009 11 5 -0.0287 144.0097 37 60
146318 P97913 2008 10 20 -2.8854 131.1309 2009 11 23 4.4209 128.3872 38 48
147694 P97772 2008 10 22 -2.2955 129.1475 2009 11 23 4.4209 128.3872 41 47
147711 P97789 2008 10 22 -2.2801 129.1323 2009 11 3 3.3333 128.5002 39 47
147764 P90222 2008 10 22 -2.2801 129.1323 2009 11 5 -1.0333 125.2833 41 44
147794 P90252 2008 10 22 -2.2801 129.1323 2009 11 16 2.5037 127.0517 45 48
148723 P102531 2008 10 22 -1.7784 129.1208 2009 11 8 -0.933 155.567 39 NA
150369 P84041 2008 10 24 -0.5079 131.4001 2009 11 18 -4.2433 170.3793 38 47
150509 P85052 2008 10 24 -0.5079 131.4001 2009 11 5 -3.6833 147.1667 42 38
151537 P102667 2008 10 26 -0.4176 131.6365 2009 11 5 -1.1473 158.858 42 61
153419 P87792 2008 10 29 -0.2883 138.2173 2009 11 11 1.5 137 45 47
162730 Z61218 2008 11 21 -5.3063 155.8433 2009 11 27 -2.9013 174.7093 36 62
169203 P104426 2009 3 17 -10.7611 153.9889 2009 11 17 -6.692 159.0807 53 72
169446 P104042 2009 3 17 -10.7611 153.9889 2009 11 15 4.7 175.4833 44 65
170894 Z62611 2009 3 18 -10.8589 153.3492 2009 11 17 -4.1587 148.4771 36 49
171816 Z62745 2009 3 18 -10.8589 153.3492 2009 11 26 -2.2255 142.2725 34 52
172170 Z64404 2009 3 18 -10.8015 153.2572 2009 11 25 0.627 156.308 35 43
172988 Z64609 2009 3 19 -10.2555 153.5225 2009 11 29 0.12 158.706 35 37
173154 Z65501 2009 3 20 -10.5194 153.5019 2009 11 15 -7.2743 160.7692 36 54
174139 Z65703 2009 3 20 -10.5194 153.5019 2009 11 3 -8.8167 158.7833 34 31
174224 Z65788 2009 3 20 -10.5194 153.5019 2009 11 18 -0.8916 187.4421 36 45
174362 Z65380 2009 3 20 -10.5194 153.5019 2009 11 15 4.7 175.4833 36 65
175060 Z65843 2009 3 20 -10.5194 153.5019 2009 11 15 5.803 173.391 35 54
176146 Z72245 2009 3 21 -10.8188 154.3479 2009 11 24 2.6693 180.0873 39 57
176297 P105737 2009 3 21 -10.8188 154.3479 2009 11 19 0.2532 187.5653 54 50
177363 P106493 2009 3 21 -10.9309 155.1577 2009 11 9 -0.9333 155.2833 48 NA
177443 P107482 2009 3 21 -10.9323 155.1699 2009 11 12 -4.2942 149.1848 38 45
179563 P108790 2009 3 27 -0.0179 155.9623 2009 11 10 0.0753 146.3925 38 NA
180373 P109649 2009 3 28 3.0671 156.0481 2009 11 21 -1.49 147.3413 57 NA
180121 P109847 2009 3 28 3.1313 156.0526 2009 11 15 4.7 175.4833 60 65
181276 P110545 2009 3 29 4.9756 156.0328 2009 11 1 -1.1338 175.741 45 54
181623 P110646 2009 3 29 4.9756 156.0328 2009 11 26 -3.7913 171.782 48 63.5
181772 P110895 2009 3 29 4.9756 156.0328 2009 11 11 5.7919 170.8085 44 53
181812 P110915 2009 3 29 4.9756 156.0328 2009 11 26 -2.558 171.1293 42 63
182076 P111339 2009 3 29 5.2514 156.295 2009 11 23 7.1013 171.3573 60 60
182319 P111472 2009 3 31 6.6368 157.6502 2009 11 19 0.128 171.9159 50 60
183285 P112372 2009 4 1 8.6006 157.9451 2009 11 3 -1.553 161.046 45 61
183361 P112060 2009 4 1 8.6006 157.9451 2009 11 16 2.5037 127.0517 50 42
183404 P111992 2009 4 1 8.6006 157.9451 2009 11 28 -3.6127 168.2867 49 61
183964 P114089 2009 4 2 6.7504 157.7837 2009 11 27 -1.6347 172.634 45 63
184215 P112551 2009 4 2 6.7504 157.7837 2009 11 25 0.726 158.353 51 40
184240 P112576 2009 4 2 6.7504 157.7837 2009 11 12 1.6833 156.3167 44 60
184268 P112904 2009 4 2 6.7504 157.7837 2009 11 21 1.0567 156.574 50 63
184365 P114401 2009 4 2 6.7504 157.7837 2009 11 6 2.4613 152.6613 48 58
185060 P115558 2009 4 7 5.0387 165.0056 2009 11 23 7.224 171.13 44 62
185106 P115416 2009 4 7 5.0387 165.0056 2009 11 18 -4.0671 169.7785 41 54
186770 P116362 2009 4 18 6.3071 169.3942 2009 11 14 1.219 189.039 46 59
186913 P116916 2009 4 19 6.1696 171.4228 2009 11 19 0.2533 187.5653 58 48
187446 P116231 2009 4 23 3.9791 172.9801 2009 11 5 -5.03 183.7939 61 68
187451 P116232 2009 4 23 3.9791 172.9801 2009 11 15 4.7 175.4833 62 65
187476 P117096 2009 4 23 3.9791 172.9801 2009 11 6 -2.592 185.2807 62 66.5
187856 P117617 2009 4 23 3.4874 173.0487 2009 11 18 -4.2433 170.3793 43 59
188178 P118020 2009 4 26 1.9499 172.7724 2009 11 21 -3.6827 177.0153 48 67
188853 P118185 2009 4 27 1.9929 172.8551 2009 11 9 1.2807 172.8899 49 64
189023 P120943 2009 4 27 1.9929 172.8551 2009 11 15 -1.3343 185.4588 46 52
189418 P118089 2009 4 27 1.9929 172.8551 2009 11 16 -2.362 170.946 48 60
189549 P119420 2009 4 27 1.9929 172.8551 2009 11 23 7.146 170.9673 49 64
189605 P119469 2009 4 27 1.9929 172.8551 2009 11 21 2.1429 163.4221 49 57
189624 P119482 2009 4 27 1.9929 172.8551 2009 11 20 -4.058 171.792 45 59
189759 P118287 2009 4 27 1.9929 172.8551 2009 11 20 -3.517 176.112 46 59
189760 P118288 2009 4 27 1.9929 172.8551 2009 11 28 -4.6217 166.3573 45 51
190289 P118511 2009 4 27 1.9929 172.8551 2009 11 15 -1.3343 185.4588 45 56
190761 P118491 2009 4 27 1.9929 172.8551 2009 11 19 0.128 171.916 46 63
190625 P119830 2009 4 27 2.0129 173.0204 2009 11 4 -3.445 184.4785 39 49
190639 P119835 2009 4 27 2.0129 173.0204 2009 11 15 4.7 175.4833 40 65
191251 P121013 2009 4 28 2.0774 173.2645 2009 11 25 -3.4827 172.8947 42 46
193020 P123206 2009 4 30 1.1627 173.0142 2009 11 2 -4.1833 184.7333 43 50
193193 P122698 2009 4 30 1.1627 173.0142 2009 11 4 -2.4045 174.8129 48 62
193276 P122985 2009 4 30 1.1627 173.0142 2009 11 11 5.7919 170.8085 45 80
193965 P123431 2009 4 30 0.5722 173.624 2009 11 15 -1.3343 185.4588 48 54
194137 P123453 2009 5 1 0.4647 173.7252 2009 11 23 7.224 171.13 46 59
194276 P124339 2009 5 1 0.4647 173.7252 2009 11 15 -1.3343 185.4588 44 47
194325 P124386 2009 5 1 0.4647 173.7252 2009 11 2 -4.1833 184.7333 46 NA
194397 P123644 2009 5 1 0.4647 173.7252 2009 11 9 2.0764 174.324 46 60
195122 P124759 2009 5 3 1.9127 172.7714 2009 11 28 -0.9173 168.524 41 56
195926 P124637 2009 5 3 1.9127 172.7714 2009 11 19 0.03 171.8933 45 58
195183 P123528 2009 5 3 1.9712 172.8395 2009 11 30 -1.9147 171.6727 44 57.5
195248 P123593 2009 5 3 1.9712 172.8395 2009 11 15 4.7 175.4833 44 65
195593 P126639 2009 5 3 1.9712 172.8395 2009 11 25 0.726 158.353 47 40
195662 P126308 2009 5 3 1.9712 172.8395 2009 11 18 -4.2327 170.3573 44 58
195670 P126316 2009 5 3 1.9712 172.8395 2009 11 30 -1.6017 171.8412 44 59
195735 P126381 2009 5 3 1.9712 172.8395 2009 11 4 -3.1019 178.7349 44 52
196125 P125636 2009 5 3 1.9712 172.8395 2009 11 10 1.386 172.9599 46 60
196423 P126734 2009 5 3 1.9712 172.8395 2009 11 30 7.101 171.357 46 65
196525 P126936 2009 5 3 1.9712 172.8395 2009 11 10 -1.398 171.737 46 60
196548 P126959 2009 5 3 1.9712 172.8395 2009 11 24 -3.1291 173.6194 47 57
196690 P127400 2009 5 3 1.9712 172.8395 2009 11 15 -1.3343 185.4588 46 46
196699 P127809 2009 5 3 1.9712 172.8395 2009 11 12 -1.8053 171.3967 47 57
196896 P124910 2009 5 3 1.9712 172.8395 2009 11 30 7.101 171.357 45 59
197377 P126843 2009 5 3 1.9712 172.8395 2009 11 19 0.128 171.916 46 61
197440 P126873 2009 5 3 1.9712 172.8395 2009 11 18 -4.1307 173.0233 44 37.5
197598 P127197 2009 5 3 1.9712 172.8395 2009 11 23 7.224 171.13 43 60
197719 P127611 2009 5 3 1.9712 172.8395 2009 11 12 -3.7253 182.1367 44 60
198094 P125225 2009 5 3 1.9712 172.8395 2009 11 27 -0.888 171.016 44 60
198577 P125551 2009 5 3 1.9712 172.8395 2009 11 15 -1.3343 185.4588 46 50
198626 P125573 2009 5 3 1.9712 172.8395 2009 11 25 0.726 158.353 47 52
198661 P125584 2009 5 3 1.9712 172.8395 2009 11 23 7.224 171.13 41 70
198890 P126230 2009 5 3 1.9712 172.8395 2009 11 25 0.726 158.353 46 54
198969 P126257 2009 5 3 1.9712 172.8395 2009 11 24 -2.1667 168.516 45 59
196859 P128472 2009 5 3 2.0061 172.8336 2009 11 2 -4.8873 170.514 45 52
197976 P128033 2009 5 3 2.0061 172.8336 2009 11 2 -4.3513 174.1727 42 55.5
200326 P129817 2009 5 6 1.9934 172.8531 2009 11 23 7.224 171.13 47 59
200515 P130143 2009 5 6 1.9934 172.8531 2009 11 23 -3.2807 169.3633 45 57
200667 P129947 2009 5 6 1.9934 172.8531 2009 11 23 7.224 171.1299 46 61
200674 P130212 2009 5 6 1.9934 172.8531 2009 11 15 -1.3343 185.4588 45 53
200961 P130534 2009 5 6 1.9624 173.3085 2009 11 9 2.0764 174.324 42 61.5
201408 P130839 2009 5 7 1.1638 173.0062 2009 11 6 -2.592 185.2807 45 56
201780 P131015 2009 5 7 1.1638 173.0062 2009 11 23 7.224 171.1301 45 65
201967 P130388 2009 5 8 1.926 172.6783 2009 11 23 7.2239 171.1302 44 49
202065 P131686 2009 5 8 1.926 172.6783 2009 11 23 7.224 171.13 45 60
202409 P132132 2009 5 8 1.926 172.6783 2009 11 15 4.7 175.4833 43 65
202969 P131273 2009 5 8 1.926 172.6783 2009 11 15 -1.3343 185.4588 45 49
203146 P131905 2009 5 8 1.926 172.6783 2009 11 25 0.726 158.353 47 40
202827 P131590 2009 5 8 1.9802 172.5483 2009 11 15 -1.3343 185.4588 44 57
202868 P132028 2009 5 8 1.6997 172.383 2009 11 23 7.2239 171.13 42 54
202935 P132438 2009 5 8 1.6997 172.383 2009 11 25 0.726 158.353 43 54
203394 P132553 2009 5 8 1.6522 172.326 2009 11 25 -3.4827 172.8947 43 46
203416 P132572 2009 5 8 1.6522 172.326 2009 11 20 -3.576 172.5193 44 53
203864 P133405 2009 5 11 -0.6198 174.1319 2009 11 5 -4.4749 182.769 44 60
203914 P132772 2009 5 11 -0.6198 174.1319 2009 11 27 -3.112 172.9607 46 60
204194 P133273 2009 5 12 -0.647 174.1386 2009 11 4 -3.4401 184.4783 43 57
206375 P135334 2009 6 2 -10.3662 160.953 2009 11 11 -8.168 158.7873 40 61
207263 Z40372 2009 6 7 -8.277 159.0111 2009 11 8 -7.6359 156.966 36 48
207506 P135738 2009 6 7 -8.277 159.0111 2009 11 3 -8.8167 158.7833 39 65
207542 P135774 2009 6 7 -8.277 159.0111 2009 11 3 -8.8167 158.7833 39 55
207630 P135398 2009 6 7 -8.277 159.0111 2009 11 14 -8.2167 157.1833 38 56
207737 P135573 2009 6 7 -8.277 159.0111 2009 11 16 -8.1177 158.5208 39 48
207833 P136024 2009 6 7 -8.277 159.0111 2009 11 19 -8.482 158.975 42 50
207927 P136461 2009 6 7 -8.277 159.0111 2009 11 3 -8.8167 158.7833 40 49
208004 P135906 2009 6 7 -8.277 159.0111 2009 11 2 -8.5 159.1833 40 53
208034 P135922 2009 6 7 -8.277 159.0111 2009 11 2 -8.5 159.1833 40 50
208145 P135985 2009 6 7 -8.277 159.0111 2009 11 8 -7.9087 158.4033 41 54
208179 P136111 2009 6 7 -8.277 159.0111 2009 11 8 -8.3833 158.8666 44 50
208184 P136113 2009 6 7 -8.277 159.0111 2009 11 10 -7.6 157.3 40 53
208255 P136225 2009 6 7 -8.277 159.0111 2009 11 12 -8.257 158.459 39 40
208274 P135639 2009 6 7 -8.277 159.0111 2009 11 14 -8.2167 157.1833 41 60
208284 P136141 2009 6 7 -8.277 159.0111 2009 11 8 -7.91 158.4027 41 56
208291 P136143 2009 6 7 -8.277 159.0111 2009 11 7 -8.3333 159.0167 40 53
208351 P135672 2009 6 7 -8.277 159.0111 2009 11 11 -8.505 158.813 47 40
208379 P136171 2009 6 7 -8.277 159.0111 2009 11 8 -7.636 156.966 41 51
208398 P135692 2009 6 7 -8.277 159.0111 2009 11 15 -6.8033 159.1313 38 53
208448 P136300 2009 6 7 -8.277 159.0111 2009 11 19 -8.482 158.975 43 51
208462 P136912 2009 6 7 -8.277 159.0111 2009 11 7 -8.3333 159.0167 44 45
210434 P136365 2009 6 7 -8.277 159.0111 2009 11 10 -8.2013 158.7653 45 57
210453 P135882 2009 6 7 -8.277 159.0111 2009 11 25 -9.7992 159.4242 43 56
210458 P135885 2009 6 7 -8.277 159.0111 2009 11 10 -7.6 157.2999 39 49
210459 P135886 2009 6 7 -8.277 159.0111 2009 11 14 -7.4167 160.5166 42 50
207336 P138231 2009 6 7 -8.3406 158.8847 2009 11 7 -8.3333 159.0167 38 52
208806 P137401 2009 6 7 -8.3406 158.8847 2009 11 7 -8.3463 159.0313 41 48
208915 P137449 2009 6 7 -8.3406 158.8847 2009 11 19 -8.482 158.975 41 52
209163 P137106 2009 6 7 -8.3406 158.8847 2009 11 11 -8.152 158.7967 44 63
209207 P137659 2009 6 7 -8.3406 158.8847 2009 11 3 -8.8318 158.7846 43 48
209272 P137688 2009 6 7 -8.3406 158.8847 2009 11 29 -8.093 158.407 41 39
209387 P137196 2009 6 7 -8.3406 158.8847 2009 11 11 -8.505 158.813 38 35
209418 P137711 2009 6 7 -8.3406 158.8847 2009 11 19 -8.482 158.975 40 40
209436 P137515 2009 6 7 -8.3406 158.8847 2009 11 16 -8.1177 158.5208 42 50
209600 P137565 2009 6 7 -8.3406 158.8847 2009 11 9 -8.1833 158.6667 42 45
209637 P137578 2009 6 7 -8.3406 158.8847 2009 11 16 -8.1177 158.5208 37 88
209649 P137590 2009 6 7 -8.3406 158.8847 2009 11 19 -8.482 158.975 41 50
210356 P137937 2009 6 7 -8.3406 158.8847 2009 11 19 -8.482 158.975 39 60
210532 Z73324 2009 6 7 -8.3406 158.8847 2009 11 7 -8.3333 159.0167 37 47
210573 Z73365 2009 6 7 -8.3406 158.8847 2009 11 7 -8.3333 159.0166 37 65
209909 Z40554 2009 6 7 -8.1106 158.7029 2009 11 15 -8.326 158.817 35 35
210735 P138625 2009 6 8 -8.0158 158.409 2009 11 2 -8.4999 159.1834 39 43
210853 P138159 2009 6 8 -8.0158 158.409 2009 11 10 -8.2013 158.7653 39 59
210878 P138179 2009 6 8 -8.0158 158.409 2009 11 10 -8.2013 158.7653 38 62
211877 P139016 2009 6 10 -8.6391 158.4551 2009 11 10 -8.2013 158.7653 42 61
212301 P138587 2009 6 10 -8.6391 158.4551 2009 11 11 -8.505 158.813 37 54
212406 P138724 2009 6 10 -8.6391 158.4551 2009 11 25 -9.7992 159.4242 38 56
212428 P138734 2009 6 10 -8.6391 158.4551 2009 11 11 -8.168 158.7873 40 45
212429 P139265 2009 6 10 -8.8185 158.5662 2009 11 25 -9.459 159.123 39 40
212539 P139605 2009 6 10 -8.8185 158.5662 2009 11 11 -8.152 158.7967 41 65
211720 P138859 2009 6 10 -8.7663 158.612 2009 11 7 -8.3333 159.0167 40 48
213267 Z75201 2009 6 10 -8.7663 158.612 2009 11 25 -9.7992 159.4242 37 35
213464 P139733 2009 6 10 -8.7663 158.612 2009 11 7 -8.3333 159.0167 39 55
214561 P140287 2009 6 11 -9.2481 157.6559 2009 11 19 -2.1667 168.516 53 62
214562 P140288 2009 6 11 -9.2481 157.6559 2009 11 30 3.7772 158.9329 44 52
214337 P139378 2009 6 11 -9.2092 157.5513 2009 11 27 -2.3133 172.6753 47 57
214791 P140537 2009 6 11 -8.9978 157.6588 2009 11 10 0.535 158.809 49 57.7
214913 Z76034 2009 6 12 -7.9123 157.8057 2009 11 11 -8.152 158.7967 33 58
215590 P142142 2009 6 13 -7.3999 156.6107 2009 11 7 -8.3333 159.0167 50 52
215884 P139924 2009 6 13 -7.3999 156.6107 2009 11 2 -8.5 159.1833 46 51
216313 P141391 2009 6 13 -7.3999 156.6107 2009 11 3 -8.8167 158.7834 48 39
216626 P140448 2009 6 13 -7.3999 156.6107 2009 11 17 -6.692 159.0807 42 48
216818 P141690 2009 6 13 -7.3999 156.6107 2009 11 7 -8.3332 159.0166 50 42
216904 P141902 2009 6 13 -7.3999 156.6107 2009 11 7 -8.3333 159.0167 52 54
216932 Z76667 2009 6 13 -7.3999 156.6107 2009 11 25 -2.6691 143.0115 33 37
217218 Z75878 2009 6 13 -7.3999 156.6107 2009 11 1 -7.8167 157.6 37 58
217268 P141202 2009 6 13 -7.3999 156.6107 2009 11 7 -8.3334 159.0166 38 47
217666 P140698 2009 6 13 -7.3999 156.6107 2009 11 3 -8.8167 158.7833 38 45
217814 P141474 2009 6 13 -7.3999 156.6107 2009 11 10 -8.2013 158.7653 49 62
218013 P141889 2009 6 13 -7.3999 156.6107 2009 11 14 -7.4166 160.5165 48 90
218167 Z75930 2009 6 13 -7.3999 156.6107 2009 11 16 -8.1177 158.5208 36 48
218412 Z77097 2009 6 13 -7.3999 156.6107 2009 11 8 -7.6361 156.9659 38 52
218635 P140758 2009 6 13 -7.3999 156.6107 2009 11 15 -8.326 158.817 39 30
218861 P142058 2009 6 13 -7.3999 156.6107 2009 11 10 -7.6 157.3002 49 52
218987 P141162 2009 6 13 -7.3999 156.6107 2009 11 10 -8.186 158.7813 38 56
218993 P141168 2009 6 13 -7.3999 156.6107 2009 11 2 -8.5 159.1833 49 65
219010 P141181 2009 6 13 -7.3999 156.6107 2009 11 11 -6.2165 158.4499 48 51
219145 Z76736 2009 6 13 -7.3999 156.6107 2009 11 2 -8.5 159.1833 36 43
217224 P142214 2009 6 13 -7.3473 156.4429 2009 11 10 -8.2013 158.7653 52 60
217234 P142219 2009 6 13 -7.3473 156.4429 2009 11 14 -7.4167 160.5167 50 53
217252 P142228 2009 6 13 -7.3473 156.4429 2009 11 25 -9.7992 159.4242 49 45
217254 P142229 2009 6 13 -7.3473 156.4429 2009 11 7 -8.3333 159.0167 53 53
215307 Z77594 2009 6 13 -7.3397 156.3453 2009 11 25 -2.6685 143.0117 33 35
218061 Z77393 2009 6 13 -7.3397 156.3453 2009 11 14 -1.9078 145.2755 33 43
219295 Z77785 2009 6 13 -7.3397 156.3453 2009 11 15 4.7 175.4833 34 65
219843 Z77677 2009 6 13 -7.3397 156.3453 2009 11 8 -7.6361 156.966 36 45
219876 Z77810 2009 6 13 -7.3397 156.3453 2009 11 18 -3.1763 148.6242 36 60
219930 Z77864 2009 6 13 -7.3397 156.3453 2009 11 29 0.12 158.706 35 45
220178 P142917 2009 6 13 -7.3364 156.2231 2009 11 19 -8.482 158.975 40 40
221017 P63795 2009 5 23 0.0133 205.0267 2009 11 8 -0.3333 205.9167 48 NA
223073 Z78549 2009 7 20 1.9999 165.0147 2009 11 27 -0.888 171.016 36 51
223137 P142448 2009 7 22 6.6825 158.2465 2009 11 1 -1.1416 175.7375 64 66
223266 P143208 2009 7 22 6.9757 158.0874 2009 11 12 1.6833 156.3167 53 56.8
223371 P142690 2009 7 22 6.9757 158.0874 2009 11 12 1.6833 156.3167 55 57.6
223444 P145862 2009 7 22 6.9757 158.0874 2009 11 30 -1.6873 172.66 54 60
223582 P145950 2009 7 22 6.9757 158.0874 2009 11 30 2.363 158.335 54 59.5
224065 P143710 2009 7 26 1.9566 156.0128 2009 11 18 1.65 157.4333 39 50
224714 Z79388 2009 7 26 1.9564 156.012 2009 11 27 -2.3133 172.6753 33 39
224803 P143670 2009 7 27 0.0155 155.97 2009 11 17 -6.692 159.0807 50 60
225134 Z79658 2009 7 31 -0.7469 148.1824 2009 11 4 -2.32 143.406 37 40
225141 Z79665 2009 7 31 -0.7469 148.1824 2009 11 13 -2.692 148.0307 37 44
225150 Z79674 2009 7 31 -0.7469 148.1824 2009 11 4 -6.9457 148.4981 37 45
225156 Z79680 2009 7 31 -0.7469 148.1824 2009 11 14 -0.9507 144.203 37 36
225300 P144089 2009 7 31 -0.7469 148.1824 2009 11 13 -2.692 148.0307 38 52
225326 P144149 2009 7 31 -0.7469 148.1824 2009 11 25 0.726 158.353 40 56
225344 P144301 2009 7 31 -0.7469 148.1824 2009 11 3 1.41 162.2967 39 NA
225523 P143397 2009 7 31 -0.7469 148.1824 2009 11 5 -3.9275 146.1072 38 47
225528 Z79730 2009 7 31 -0.7469 148.1824 2009 11 28 -2.5748 144.2295 35 38
225717 P143976 2009 7 31 -0.7469 148.1824 2009 11 25 -1.521 145.694 39 49
226194 Z79527 2009 8 2 -0.025 147.0098 2009 11 11 -4.308 149.1979 35 46
226210 Z79563 2009 8 2 -0.025 147.0098 2009 11 25 0.399 143.2721 34 46
226425 Z79912 2009 8 2 -0.025 147.0098 2009 11 11 3 118 36 NA
226484 Z79960 2009 8 2 -0.025 147.0098 2009 11 26 -2.2255 142.2725 35 60
226640 Z80364 2009 8 2 -0.025 147.0098 2009 11 4 -4 146.8167 37 40
226782 Z80462 2009 8 2 -0.025 147.0098 2009 11 13 -2.692 148.0307 33 44
226797 Z80477 2009 8 2 -0.025 147.0098 2009 11 3 -1.3853 151.328 36 44
226815 Z80495 2009 8 2 -0.025 147.0098 2009 11 27 -3.148 172.9513 37 45
226889 P144503 2009 8 2 -0.025 147.0098 2009 11 27 4.3905 128.2372 38 47
227338 P144573 2009 8 3 -2.1687 148.715 2009 11 11 -4.314 149.1979 38 46
227398 P145114 2009 8 3 -2.1687 148.715 2009 11 7 -2.8153 142.6356 38 48
227457 P145172 2009 8 3 -2.2113 148.7926 2009 11 4 -5.067 149.133 40 47
227514 P144609 2009 8 4 -2.36 148.666 2009 11 17 -2.4667 142.6333 38 46.5
227533 P144628 2009 8 4 -2.36 148.666 2009 11 20 -2.8867 145.1324 38 NA
227596 P144691 2009 8 4 -2.36 148.666 2009 11 16 -3.5333 145.35 38 48
227717 P145459 2009 8 4 -2.36 148.666 2009 11 20 -1.076 146.6597 38 38
227807 P144997 2009 8 4 -2.36 148.666 2009 11 18 -3.1764 148.5393 39 NA
227821 P145513 2009 8 4 -2.36 148.666 2009 11 25 -3.7803 147.2253 61 55
227968 P145271 2009 8 4 -2.6728 148.7198 2009 11 13 -2.692 148.0307 52 50
228015 P145537 2009 8 4 -2.6728 148.7198 2009 11 6 2.4613 152.6613 53 55.6
228489 P147122 2009 8 5 -2.8316 150.6789 2009 11 7 -0.5273 156.4953 55 60
228557 P146819 2009 8 5 -2.8316 150.6789 2009 11 18 -4.14 147.5883 51 NA
228728 P146590 2009 8 5 -2.8316 150.6789 2009 11 18 -3.1764 148.6239 56 50
228735 P146597 2009 8 5 -2.8316 150.6789 2009 11 18 -3.1764 148.5393 51 NA
228849 P147523 2009 8 5 -2.8316 150.6789 2009 11 17 -4.1613 148.4607 48 28
229436 P147272 2009 8 5 -2.8316 150.6789 2009 11 6 -2.5 150.9793 50 75
229458 P147294 2009 8 5 -2.8316 150.6789 2009 11 3 -1.3853 151.328 50 55.9
229802 P147587 2009 8 8 -3.2446 150.8874 2009 11 5 -3.8023 149.4638 49 46
229811 P147596 2009 8 8 -3.2446 150.8874 2009 11 3 -1.3853 151.328 49 52.6
229856 P147741 2009 8 8 -3.2446 150.8874 2009 11 27 -2.207 143.3805 52 NA
229927 P148312 2009 8 8 -3.2446 150.8874 2009 11 25 -2.6685 143.0117 52 51
229992 P148377 2009 8 8 -3.2446 150.8874 2009 11 12 -3.4743 147.2057 50 52
229998 P148383 2009 8 8 -3.2446 150.8874 2009 11 25 -2.961 148.44 49 51
230025 P147376 2009 8 8 -3.2446 150.8874 2009 11 14 -4.14 147.5883 50 NA
230064 P147396 2009 8 8 -3.2446 150.8874 2009 11 21 -2.6377 148.6981 54 NA
230220 P148149 2009 8 8 -3.2446 150.8874 2009 11 7 -4.0333 149.8167 49 52
230222 P148151 2009 8 8 -3.2446 150.8874 2009 11 3 -1.3853 151.328 51 52
230239 P148168 2009 8 8 -3.2446 150.8874 2009 11 12 -4.2946 149.1969 52 52
230315 P148227 2009 8 8 -3.2446 150.8874 2009 11 10 -4.9678 149.4646 53 53
230331 P148533 2009 8 8 -3.2446 150.8874 2009 11 22 -1.579 145.645 50 56
230341 P148540 2009 8 8 -3.2446 150.8874 2009 11 15 -6.9104 148.5464 47 NA
230390 P148576 2009 8 8 -3.2446 150.8874 2009 11 27 -1.945 145.508 49 NA
230410 P148590 2009 8 8 -3.2446 150.8874 2009 11 13 -3.7805 147.981 48 48
230544 P147613 2009 8 8 -3.2446 150.8874 2009 11 18 -3.1763 148.6242 45 60
230640 P147874 2009 8 8 -3.2446 150.8874 2009 11 7 -0.5273 156.4953 57 50
230649 P147677 2009 8 8 -3.2446 150.8874 2009 11 1 -7.1933 149.482 50 43
230725 P147199 2009 8 8 -3.2446 150.8874 2009 11 18 -3.1764 148.5393 50 NA
230790 P148764 2009 8 8 -3.2446 150.8874 2009 11 7 -4.015 149.856 50 52
230827 P148801 2009 8 8 -3.2446 150.8874 2009 11 3 -1.3853 151.328 51 53
230857 P148023 2009 8 8 -3.2446 150.8874 2009 11 7 -4.015 149.856 53 54
231012 P147978 2009 8 8 -3.2446 150.8874 2009 11 4 -3.75 146.8333 51 40
231179 P148833 2009 8 10 -4.63 150.8064 2009 11 15 -5.0139 147.9868 41 68
231391 P149101 2009 8 11 -5.0524 149.4018 2009 11 24 -1.2414 143.3175 42 48
231802 P149516 2009 8 11 -5.2518 149.1974 2009 11 25 -2.6486 145.287 46 30
231834 P149543 2009 8 11 -5.2518 149.1974 2009 11 26 -2.183 141.917 44 44
232195 P149485 2009 8 12 -4.3136 150.1233 2009 11 20 -4.05 150.1833 46 55
232285 P148983 2009 8 12 -4.3136 150.1233 2009 11 25 -2.6685 143.0117 47 51
232231 P149597 2009 8 12 -4.3333 150.1441 2009 11 27 -1.945 145.508 51 NA
232271 P148993 2009 8 12 -4.3333 150.1441 2009 11 17 -0.9001 145.2467 50 47
232358 P150046 2009 8 12 -4.3333 150.1441 2009 11 3 -3 150 43 42
232415 P150100 2009 8 12 -4.2397 150.1962 2009 11 25 -1.712 145.637 44 NA
232416 P149623 2009 8 12 -4.2397 150.1962 2009 11 13 -2.6833 148.0333 51 44
232558 P149368 2009 8 12 -4.2397 150.1962 2009 11 27 -1.945 145.508 43 NA
232644 P150134 2009 8 12 -4.2397 150.1962 2009 11 3 -5.167 149.25 41 47
232708 P150199 2009 8 12 -4.2397 150.1962 2009 11 13 -2.692 148.0307 48 52
232731 P150318 2009 8 12 -4.2397 150.1962 2009 11 24 -1.9969 143.3269 50 48
232816 P150399 2009 8 12 -4.2397 150.1962 2009 11 27 -2.207 143.3805 49 NA
232849 P150622 2009 8 12 -4.2397 150.1962 2009 11 3 -1.3853 151.328 46 50
232911 P150808 2009 8 12 -4.1825 149.5474 2009 11 27 -2.207 143.3805 41 NA
232931 P150253 2009 8 12 -4.1825 149.5474 2009 11 25 -1.712 145.637 40 NA
232946 P150268 2009 8 12 -4.1825 149.5474 2009 11 3 -7.3761 148.6769 51 28
233055 P150653 2009 8 12 -4.1825 149.5474 2009 11 9 -7.338 149.0833 52 45
233110 P150817 2009 8 13 -3.3104 148.5956 2009 11 12 -4.2946 149.1969 39 54
233227 P150887 2009 8 14 -2.8931 147.9715 2009 11 3 -1.3853 151.328 49 51.9
233412 P151164 2009 8 14 -2.8931 147.9715 2009 11 5 -3.6833 147.1833 39 35
233571 P151007 2009 8 14 -2.7262 147.9566 2009 11 22 -1.579 145.645 39 48
233582 Z80780 2009 8 16 -1.7674 145.3322 2009 11 5 -3.6833 147.1833 36 30
233660 P151263 2009 8 16 -1.7674 145.3322 2009 11 7 -4.0333 149.8167 38 47
233732 Z81320 2009 8 16 -1.7674 145.3322 2009 11 26 -2.2255 142.2725 38 45
233760 Z80880 2009 8 16 -1.7674 145.3322 2009 11 10 -1.8443 151.4226 37 30
233771 Z81108 2009 8 16 -1.7674 145.3322 2009 11 20 -2.6348 145.67 36 43
233791 Z81128 2009 8 16 -1.7674 145.3322 2009 11 12 -2.8596 148.4536 37 45
233860 Z81197 2009 8 16 -1.7674 145.3322 2009 11 7 -4.0869 149.6911 36 45
233867 Z81011 2009 8 16 -2.0275 144.974 2009 11 4 -3.1918 148.4446 38 40
233952 Z81353 2009 8 16 -2.0888 144.606 2009 11 7 -4.0333 149.8167 37 47
233985 Z81511 2009 8 16 -2.0888 144.606 2009 11 7 -4.0869 149.6911 37 48
233990 Z81516 2009 8 16 -2.0888 144.606 2009 11 25 -2.8596 148.4536 37 45
234126 P151077 2009 8 17 -2.3984 141.7955 2009 11 20 -2.8927 145.1301 40 NA
234168 P150776 2009 8 17 -2.3984 141.7955 2009 11 16 2.5037 127.0517 45 46
234514 P151520 2009 8 23 -0.534 134.3473 2009 11 28 0.4018 142.2718 39 47
234541 P151547 2009 8 23 -0.534 134.3473 2009 11 15 2 136 39 NA
234576 Z81420 2009 8 23 -0.534 134.3473 2009 11 15 2 136 38 NA
234825 Z81673 2009 8 23 -0.534 134.3473 2009 11 15 9.3083 117.7833 37 NA
234863 P151968 2009 8 23 -0.534 134.3473 2009 11 15 8.8917 117.7667 38 NA
234881 P151809 2009 8 23 -0.534 134.3473 2009 11 2 1.6833 156.3167 38 46
234903 P151824 2009 8 23 -0.534 134.3473 2009 11 25 -2.2925 143.4183 40 50.5
234945 P151850 2009 8 23 -0.534 134.3473 2009 11 28 0 139 43 NA
235126 P151688 2009 8 23 -0.534 134.3473 2009 11 20 -2.8927 145.1301 40 NA
235128 P151744 2009 8 23 -0.534 134.3473 2009 11 15 9.7167 117.3517 37 NA
235215 P152104 2009 8 23 -0.534 134.3473 2009 11 15 10.37 117.75 38 NA
235220 P152017 2009 8 23 -0.534 134.3473 2009 11 15 9.3083 117.7833 40 NA
234584 Z81428 2009 8 23 -0.5184 134.2475 2009 11 20 -0.138 145.11 38 28
235292 P152134 2009 8 23 -0.5184 134.2475 2009 11 15 2 136 38 NA
235371 P152095 2009 8 23 -0.5184 134.2475 2009 11 12 -4.991 147.9682 41 40
234669 P151411 2009 8 23 -0.4697 134.151 2009 11 15 10.37 117.75 39 NA
234686 P151427 2009 8 23 -0.4697 134.151 2009 11 15 10.37 117.75 39 NA
234734 P152636 2009 8 23 -0.4697 134.151 2009 11 15 2 136 39 NA
234755 Z81454 2009 8 23 -0.4697 134.151 2009 11 27 4.3905 128.2372 38 48
235642 P151375 2009 8 23 -0.4697 134.151 2009 11 15 9.3083 117.7833 39 NA
235703 Z81480 2009 8 24 0.5634 131.5582 2009 11 27 -4.3905 128.2372 36 45
235713 P151447 2009 8 24 0.5634 131.5582 2009 11 18 -1.636 145.456 40 52
235723 P151457 2009 8 24 0.5634 131.5582 2009 11 25 -3.3095 146.553 41 51
236665 P152345 2009 8 24 0.5634 131.5582 2009 11 29 -6.2333 127.5833 41 43
235752 Z81821 2009 8 24 0.6148 131.4894 2009 11 13 -1.488 145.3953 34 36
235798 P153102 2009 8 24 0.6148 131.4894 2009 11 15 9.3083 117.7833 42 NA
235805 P153109 2009 8 24 0.6148 131.4894 2009 11 20 -2.8871 145.1319 41 51
235841 P151484 2009 8 24 0.6148 131.4894 2009 11 17 -0.9001 145.2467 43 47
235855 P151498 2009 8 24 0.6148 131.4894 2009 11 17 0.2407 143.5791 42 48
235875 P152509 2009 8 24 0.6148 131.4894 2009 11 20 -2.8838 145.133 39 NA
235988 P152588 2009 8 24 0.6148 131.4894 2009 11 24 -1.9971 143.3268 39 47
236243 P152794 2009 8 24 0.6148 131.4894 2009 11 20 -2.8927 145.1301 41 NA
236272 P152923 2009 8 24 0.6148 131.4894 2009 11 15 -4.824 147.3609 37 NA
236345 P152992 2009 8 24 0.6148 131.4894 2009 11 20 -0.7172 143.3895 40 NA
236379 Z81724 2009 8 24 0.6148 131.4894 2009 11 15 8.8917 117.7667 35 NA
236701 P153066 2009 8 24 0.6148 131.4894 2009 11 30 4.3905 128.2372 44 46
236852 P152835 2009 8 24 0.6148 131.4894 2009 11 15 10.37 117.75 41 NA
236897 P152880 2009 8 24 0.6148 131.4894 2009 11 30 3.4285 128.2588 42 48
236979 P153262 2009 8 24 0.6148 131.4894 2009 11 15 -5.0139 147.9868 40 59
236987 P153270 2009 8 24 0.6148 131.4894 2009 11 11 3 118 45 NA
237162 P153407 2009 8 29 -3.2099 123.6614 2009 11 3 3.3333 128.5002 44 47
237186 P153143 2009 8 29 -3.2099 123.6614 2009 11 7 -2.5 125.1667 39 NA
237230 P153828 2009 8 29 -3.2099 123.6614 2009 11 23 4.4209 128.3872 38 46
237330 P153711 2009 8 29 -3.2099 123.6614 2009 11 27 4.3905 128.2372 38 46
237338 P153719 2009 8 29 -3.2099 123.6614 2009 11 7 -2.5 125.1667 40 NA
237344 P153725 2009 8 29 -3.2099 123.6614 2009 11 11 -3.3333 122.6667 43 40
237365 P153743 2009 8 29 -3.2099 123.6614 2009 11 11 -3.3333 122.6667 41 48
237526 P153925 2009 8 29 -3.2099 123.6614 2009 11 11 -3.3333 122.6667 44 46
237531 P153930 2009 8 29 -3.2099 123.6614 2009 11 3 1.6 137.0833 41 50
237568 Z82331 2009 8 30 -5.0563 123.2896 2009 11 7 -2.5 125.1667 38 NA
237580 P153602 2009 8 30 -5.0563 123.2896 2009 11 16 2.5037 127.0517 38 44
238305 Z82638 2009 9 2 -7.5302 123.8868 2009 11 28 4.3905 128.2372 36 48
239558 P154154 2009 9 4 -2.8139 126.2661 2009 11 7 -2.5 125.1667 43 NA
239582 P154176 2009 9 4 -2.8139 126.2661 2009 11 9 -2.25 125.5 40 NA
239641 P154833 2009 9 4 -2.8139 126.2661 2009 11 9 -2.25 125.5 42 NA
239644 P154836 2009 9 4 -2.8139 126.2661 2009 11 9 -2.25 125.5 39 NA
239647 P154839 2009 9 4 -2.8139 126.2661 2009 11 9 -2.25 125.5 42 NA
239653 P154845 2009 9 4 -2.8139 126.2661 2009 11 9 -2.25 125.5 43 NA
239657 P154849 2009 9 4 -2.8139 126.2661 2009 11 9 -2.25 125.5 39 NA
239663 P154855 2009 9 4 -2.8139 126.2661 2009 11 9 -2.25 125.5 39 NA
239766 P154523 2009 9 4 -2.8139 126.2661 2009 11 7 -2.5 125.1667 40 NA
239812 P154569 2009 9 4 -2.8139 126.2661 2009 11 16 2.5037 127.0517 39 45
239826 P154583 2009 9 4 -2.8139 126.2661 2009 11 17 1.6707 126.0533 43 48
240014 P155033 2009 9 4 -2.8139 126.2661 2009 11 9 -2.25 125.5 40 NA
240034 P155043 2009 9 4 -2.8139 126.2661 2009 11 9 -2.25 125.5 44 NA
240206 P155343 2009 9 4 -2.8139 126.2661 2009 11 9 -2.25 125.5 43 NA
240246 P155361 2009 9 4 -2.8139 126.2661 2009 11 9 -2.25 125.5 39 NA
240296 P155382 2009 9 4 -2.8139 126.2661 2009 11 9 -2.25 125.5 40 NA
240319 P155394 2009 9 4 -2.8139 126.2661 2009 11 9 -2.25 125.5 42 NA
240334 P113467 2009 9 4 -2.8139 126.2661 2009 11 9 -2.25 125.5 41 NA
240342 P155207 2009 9 4 -2.8139 126.2661 2009 11 18 -1 128 40 NA
240394 P155704 2009 9 4 -2.8139 126.2661 2009 11 7 -2.5 125.1667 40 NA
240403 P113491 2009 9 4 -2.8139 126.2661 2009 11 9 -2.25 125.5 40 NA
240433 P155258 2009 9 4 -2.8139 126.2661 2009 11 9 -2.25 125.5 37 NA
240438 P155263 2009 9 4 -2.8139 126.2661 2009 11 9 -2.25 125.5 42 NA
240531 Z83061 2009 9 4 -2.8139 126.2661 2009 11 9 -2.25 125.5 38 NA
240534 Z83063 2009 9 4 -2.8139 126.2661 2009 11 7 -2.5 125.1667 38 NA
240597 P155122 2009 9 4 -2.8139 126.2661 2009 11 12 0 129 39 NA
240612 Z69403 2009 9 4 -2.8139 126.2661 2009 11 9 -2.25 125.5 38 NA
240620 P155136 2009 9 4 -2.8139 126.2661 2009 11 17 1.6707 126.0533 41 48
240721 P113309 2009 9 4 -2.8139 126.2661 2009 11 7 -2.5 125.1667 39 NA
240726 P113224 2009 9 4 -2.8139 126.2661 2009 11 9 -2.25 125.5 39 NA
240751 P113322 2009 9 4 -2.8139 126.2661 2009 11 3 1.6 137.0833 43 49
240753 P113234 2009 9 4 -2.8139 126.2661 2009 11 9 -2.25 125.5 39 NA
240811 P113256 2009 9 4 -2.8139 126.2661 2009 11 16 2.5037 127.0517 40 47
240822 P113355 2009 9 4 -2.8139 126.2661 2009 11 7 -2.5 125.1667 39 NA
240844 P113364 2009 9 4 -2.8139 126.2661 2009 11 15 2.1833 126.5167 40 50
240847 Z69314 2009 9 4 -2.8139 126.2661 2009 11 9 -2.25 125.5 34 NA
240862 P113372 2009 9 4 -2.8139 126.2661 2009 11 9 -2.25 125.5 39 NA
240872 P113276 2009 9 4 -2.8139 126.2661 2009 11 9 -2.25 125.5 38 NA
240895 P155402 2009 9 4 -2.8139 126.2661 2009 11 16 2.5037 127.0517 40 42
240930 P113293 2009 9 4 -2.8139 126.2661 2009 11 9 -2.25 125.5 38 NA
240982 P155446 2009 9 4 -2.8139 126.2661 2009 11 7 -2.5 125.1667 40 NA
241087 Z69286 2009 9 4 -2.8139 126.2661 2009 11 9 -2.25 125.5 38 NA
241259 P155494 2009 9 7 3.8596 127.7471 2009 11 15 2.1833 126.5167 39 46
241260 P155495 2009 9 7 3.8596 127.7471 2009 11 15 4.6159 132.2236 39 42
241273 P155808 2009 9 7 3.8596 127.7471 2009 11 15 4.6159 132.2236 40 44
241286 Z69323 2009 9 7 3.8596 127.7471 2009 11 3 3.3333 128.5002 35 39
241302 Z69339 2009 9 7 3.8596 127.7471 2009 11 5 -1.0333 125.2833 34 42
241437 Z83649 2009 9 7 3.8596 127.7471 2009 11 15 4.5089 131.514 37 33
241602 P155629 2009 9 7 3.8596 127.7471 2009 11 3 1.6 137.0833 43 56
241603 P155630 2009 9 7 3.8596 127.7471 2009 11 15 2.1833 126.5167 42 47
241605 P155632 2009 9 7 3.8596 127.7471 2009 11 15 2.1833 126.5167 42 54
241913 Z69448 2009 9 7 3.8596 127.7471 2009 11 15 4.5089 131.514 36 33
242056 P155558 2009 9 7 3.8596 127.7471 2009 11 15 4.6159 132.2236 39 45
262179 P155542 2009 9 7 3.8596 127.7471 2009 11 15 4.6159 132.2236 38 43
241785 Z84273 2009 9 7 3.9123 128.0136 2009 11 15 4.5089 131.514 37 34
241804 Z84140 2009 9 7 3.9123 128.0136 2009 11 15 9.7167 117.3517 33 NA
241806 Z84142 2009 9 7 3.9123 128.0136 2009 11 15 4.5089 131.514 35 37
241808 Z84144 2009 9 7 3.9123 128.0136 2009 11 20 -2.8852 145.1339 33 NA
241817 Z84154 2009 9 7 3.9123 128.0136 2009 11 15 4.5089 131.514 35 36
241852 Z84186 2009 9 7 3.9123 128.0136 2009 11 3 3.3333 128.5002 33 40
241857 Z83677 2009 9 7 3.9123 128.0136 2009 11 15 2.1833 126.5167 31 44
241866 Z83682 2009 9 7 3.9123 128.0136 2009 11 15 2.1833 126.5167 34 42
241877 Z83687 2009 9 7 3.9123 128.0136 2009 11 15 2.1833 126.5167 32 44
241993 Z83929 2009 9 7 3.9123 128.0136 2009 11 15 2.1833 126.5167 35 42
242022 Z83958 2009 9 7 3.9123 128.0136 2009 11 15 2.1833 126.5167 34 41
242024 Z83960 2009 9 7 3.9123 128.0136 2009 11 28 4.3905 128.2372 34 46
242040 P155819 2009 9 7 3.9123 128.0136 2009 11 15 2.1833 126.5167 44 48
242041 P155820 2009 9 7 3.9123 128.0136 2009 11 15 2.1833 126.5167 39 50
242108 Z83520 2009 9 7 3.9123 128.0136 2009 11 5 -1.0333 125.2833 35 42
242176 Z84502 2009 9 8 2.3575 128.8662 2009 11 5 -1.0333 125.2833 32 39
242207 Z84525 2009 9 8 2.3575 128.8662 2009 11 30 4.3905 128.2372 31 46
242210 Z84528 2009 9 8 2.3575 128.8662 2009 11 5 -0.9887 125.2697 33 39
242238 Z84304 2009 9 8 2.3575 128.8662 2009 11 5 -1.0333 125.2833 33 42
242286 Z83574 2009 9 8 2.3575 128.8662 2009 11 5 -1.0333 125.2833 34 45
242316 P155599 2009 9 8 1.8533 128.638 2009 11 17 1.6707 126.0533 44 45
242446 P155757 2009 9 9 1.06 130.0695 2009 11 28 4.3905 128.2372 38 48
242536 Z84466 2009 9 9 1.06 130.0695 2009 11 9 4.6378 128.2628 36 48
242549 Z84479 2009 9 9 1.06 130.0695 2009 11 16 2.5037 127.0517 38 40
242646 P156074 2009 9 9 1.06 130.0695 2009 11 23 4.4209 128.3872 40 47
242649 P156077 2009 9 9 1.06 130.0695 2009 11 28 4.3905 128.2372 40 47
242695 P156602 2009 9 9 1.06 130.0695 2009 11 23 9 129 40 NA
242738 P155942 2009 9 9 1.06 130.0695 2009 11 30 4.3905 128.2372 40 48
242740 P155943 2009 9 9 1.06 130.0695 2009 11 10 1 131 42 NA
242767 P155948 2009 9 9 1.06 130.0695 2009 11 15 2 136 40 NA
242846 P156711 2009 9 9 1.06 130.0695 2009 11 15 2 136 41 NA
242851 P156712 2009 9 9 1.06 130.0695 2009 11 5 -1.0333 125.2833 44 45
242930 P156757 2009 9 9 1.06 130.0695 2009 11 5 -1.0333 125.2833 44 40
243053 Z84059 2009 9 9 1.06 130.0695 2009 11 16 2.5037 127.0517 37 49
243069 Z84067 2009 9 9 1.06 130.0695 2009 11 20 -2.8927 145.1301 35 NA
243073 Z84070 2009 9 9 1.06 130.0695 2009 11 18 2.2333 129.8 37 49
243141 P155829 2009 9 9 1.06 130.0695 2009 11 5 -2.1667 130.6667 39 42
243157 P155845 2009 9 9 1.06 130.0695 2009 11 24 0.0255 137.905 42 56
243160 P155848 2009 9 9 1.06 130.0695 2009 11 5 -1.0333 125.2833 41 44
243191 P155878 2009 9 9 1.06 130.0695 2009 11 24 2.5873 129.1907 39 46
243192 P155879 2009 9 9 1.06 130.0695 2009 11 15 2 136 39 NA
243216 P155642 2009 9 9 1.06 130.0695 2009 11 9 -3.795 144.747 39 40
243223 P155648 2009 9 9 1.06 130.0695 2009 11 30 4.3905 128.2372 41 47
243230 P156905 2009 9 9 1.06 130.0695 2009 11 27 4.3905 128.2372 41 47
243257 P155656 2009 9 9 1.06 130.0695 2009 11 5 -1.0333 125.2833 39 42
243331 P156987 2009 9 9 1.06 130.0695 2009 11 15 2.1833 126.5167 40 50
243477 P156156 2009 9 9 1.06 130.0695 2009 11 13 -0.0232 130.425 38 NA
243498 P156177 2009 9 9 1.06 130.0695 2009 11 28 -2.5022 141.9324 42 52
243553 P156532 2009 9 9 1.06 130.0695 2009 11 15 2.1833 126.5167 39 45
243584 P156563 2009 9 9 1.06 130.0695 2009 11 5 -1.0333 125.2833 43 44
243637 P156597 2009 9 9 1.06 130.0695 2009 11 5 -1.0333 125.2833 42 44
243687 P156411 2009 9 9 1.06 130.0695 2009 11 5 -1.0333 125.2833 43 42
243697 P156421 2009 9 9 1.06 130.0695 2009 11 15 2.1833 126.5167 37 45
243719 P156442 2009 9 9 1.06 130.0695 2009 11 23 4.4209 128.3872 40 46
244277 P156225 2009 9 9 1.06 130.0695 2009 11 5 -1.0333 125.2833 40 44
244294 P156242 2009 9 9 1.06 130.0695 2009 11 5 -1.0333 125.2833 41 42
244411 Z84378 2009 9 9 1.06 130.0695 2009 11 28 4.3905 128.2372 37 47
243664 P156688 2009 9 9 1.0498 130.3672 2009 11 15 2.1833 126.5167 45 49
243773 P157126 2009 9 9 1.0498 130.3672 2009 11 23 4.4209 128.3872 46 46
243846 P157169 2009 9 9 1.0498 130.3672 2009 11 15 2 136 39 NA
243860 Z84937 2009 9 9 1.0498 130.3672 2009 11 15 2.1833 126.5167 36 40
243899 P157009 2009 9 9 1.0498 130.3672 2009 11 3 1.6 137.0833 42 50
243992 P157502 2009 9 9 1.0498 130.3672 2009 11 23 4.4209 128.3872 46 46
244089 P157592 2009 9 9 1.0498 130.3672 2009 11 18 2.2333 129.8 43 47
244140 P157444 2009 9 9 1.0498 130.3672 2009 11 17 1.6707 126.0533 42 46
244472 P157303 2009 9 9 1.0498 130.3672 2009 11 25 -2.6685 143.0117 48 52
244501 P157332 2009 9 9 1.0498 130.3672 2009 11 5 -1.0333 125.2833 42 42
244533 P157364 2009 9 9 1.0498 130.3672 2009 11 5 -1.0333 125.2833 41 45
244542 P157373 2009 9 9 1.0498 130.3672 2009 11 15 2 136 43 NA
244754 P156834 2009 9 9 1.0498 130.3672 2009 11 16 2.5037 127.0517 38 44
244762 P156842 2009 9 9 1.0498 130.3672 2009 11 23 4.4209 128.3872 44 48
244807 P157869 2009 9 10 1.0188 130.5126 2009 11 24 2.5873 129.1907 41 44
244843 P158705 2009 9 10 1.0188 130.5126 2009 11 5 -1.0333 125.2833 41 42
244881 P158433 2009 9 10 1.0188 130.5126 2009 11 23 9 129 40 NA
244945 P158481 2009 9 10 1.0188 130.5126 2009 11 15 0 131 40 NA
245111 P157931 2009 9 10 1.0188 130.5126 2009 11 13 -0.0232 130.425 41 NA
245112 P158590 2009 9 10 1.0188 130.5126 2009 11 15 8.8917 117.7667 40 NA
245122 P158597 2009 9 10 1.0188 130.5126 2009 11 5 -1.0333 125.2833 44 42
245161 P157714 2009 9 10 1.0188 130.5126 2009 11 5 -2.1667 130.6667 40 48
245224 P157757 2009 9 10 1.0188 130.5126 2009 11 27 -4.3905 128.2372 41 48
245242 P157983 2009 9 10 1.0188 130.5126 2009 11 16 2.5243 127.0439 40 42
245248 P157985 2009 9 10 1.0188 130.5126 2009 11 16 2.5243 127.0439 42 49
245291 P157177 2009 9 10 1.0188 130.5126 2009 11 15 2.1833 126.5167 41 44
245339 P158225 2009 9 10 1.0188 130.5126 2009 11 5 -1.0333 125.2833 40 45
245372 P158258 2009 9 10 1.0188 130.5126 2009 11 23 4.4209 128.3872 40 47
245912 P158167 2009 9 10 1.0188 130.5126 2009 11 27 4.3722 128.226 41 50
246334 Z85033 2009 9 10 1.0188 130.5126 2009 11 16 2.5037 127.0517 37 45
246335 Z85034 2009 9 10 1.0188 130.5126 2009 11 15 2 136 36 NA
246338 Z85037 2009 9 10 1.0188 130.5126 2009 11 23 4.4209 128.3872 33 45
246018 P159037 2009 9 10 0.9912 130.4622 2009 11 15 3 142 38 NA
246138 P159338 2009 9 10 0.9912 130.4622 2009 11 15 10.37 117.75 41 NA
246173 P159372 2009 9 10 0.9912 130.4622 2009 11 18 2.2333 129.8 43 49
246438 P158780 2009 9 10 0.9912 130.4622 2009 11 5 -1.0333 125.2833 40 42
246467 Z85075 2009 9 10 0.9912 130.4622 2009 11 16 2.5243 127.0439 36 42
246553 P159184 2009 9 10 0.9912 130.4622 2009 11 15 -6.9121 148.5506 39 NA
246569 P159200 2009 9 10 0.9912 130.4622 2009 11 24 2.5873 129.1907 37 42
246852 P159264 2009 9 12 0.3417 133.2019 2009 11 16 2.5037 127.0517 39 42
246866 P159458 2009 9 12 0.3417 133.2019 2009 11 15 2 136 42 NA
247002 P159500 2009 9 13 -0.4715 134.1496 2009 11 15 8.8917 117.7667 41 NA
247833 Z85453 2009 9 13 -0.6741 134.3813 2009 11 4 -5.067 149.133 36 52
248287 Z86282 2009 9 14 -0.8689 134.3707 2009 11 15 2 136 37 NA
248358 Z86017 2009 9 14 -0.8689 134.3707 2009 11 20 -2.8867 145.1324 33 NA
248569 P160427 2009 9 14 -0.8689 134.3707 2009 11 10 0.0753 146.3924 43 NA
249329 Z86427 2009 9 16 -0.9686 138.9701 2009 11 6 -0.1641 145.6492 32 45
248783 Z85322 2009 9 16 -0.9529 138.9943 2009 11 20 -0.7172 143.3895 33 46
248969 Z86551 2009 9 16 -0.9529 138.9943 2009 11 27 4.3905 128.2372 34 45
248992 Z86574 2009 9 16 -0.9529 138.9943 2009 11 25 0.627 156.308 35 45.7
249138 Z86804 2009 9 16 -0.9529 138.9943 2009 11 15 -2.2188 144.5967 35 47
248916 P160202 2009 9 16 -1.0006 139.0842 2009 11 21 1.0567 156.574 45 53
248919 P160205 2009 9 16 -1.0006 139.0842 2009 11 24 -1.1101 143.2869 45 65
249053 P160208 2009 9 16 -1.0395 139.1699 2009 11 11 -2.65 143 44 46.5
249262 P160529 2009 9 16 -1.0872 139.1379 2009 11 5 -0.0287 144.0097 51 54
249470 P160249 2009 9 22 -4.8008 147.3673 2009 11 20 -4.2853 149.6205 38 48
249499 P159597 2009 9 22 -4.8008 147.3673 2009 11 12 -4.155 147.1512 42 44
249504 P160279 2009 9 22 -4.8008 147.3673 2009 11 15 -6.9173 151.7797 40 47
249528 P160802 2009 9 22 -4.8008 147.3673 2009 11 6 -3.9179 146.8763 44 48
249530 P160804 2009 9 22 -4.8008 147.3673 2009 11 1 -7.266 149.4267 43 NA
249552 P160826 2009 9 22 -4.8008 147.3673 2009 11 1 -4.2718 147.1753 40 46
249607 P160881 2009 9 22 -4.8008 147.3673 2009 11 6 -3.9467 147.9593 41 38
249611 P160885 2009 9 22 -4.8008 147.3673 2009 11 26 -2.2255 142.2725 42 55
249613 P160887 2009 9 22 -4.8008 147.3673 2009 11 15 -3.883 147.317 42 59
249622 P160896 2009 9 22 -4.8008 147.3673 2009 11 4 -3.75 146.8333 46 37
249657 P161323 2009 9 22 -4.8008 147.3673 2009 11 21 -1.077 146.6357 44 52
249658 P161324 2009 9 22 -4.8008 147.3673 2009 11 16 -3.5333 145.35 42 45
249665 P161331 2009 9 22 -4.8008 147.3673 2009 11 12 -4.155 147.1512 41 48
249692 P161358 2009 9 22 -4.8008 147.3673 2009 11 17 -3.3167 146.4338 37 NA
249714 P161380 2009 9 22 -4.8008 147.3673 2009 11 20 -6.369 150.8027 47 NA
249795 P160160 2009 9 22 -4.8008 147.3673 2009 11 4 -2.4469 142.6901 43 48
249840 P168905 2009 9 22 -4.8008 147.3673 2009 11 13 -1.5463 145.3275 43 45
249867 P168932 2009 9 22 -4.8008 147.3673 2009 11 1 -7.266 149.4267 48 NA
249929 P161407 2009 9 22 -4.8008 147.3673 2009 11 5 -3.799 149.3767 42 44
250008 P161463 2009 9 22 -4.8008 147.3673 2009 11 24 -2.9876 148.8973 47 45
250013 P169513 2009 9 22 -4.8008 147.3673 2009 11 13 -1.5463 145.3275 48 44
250031 P161471 2009 9 22 -4.8008 147.3673 2009 11 15 -2.35 141.9333 49 NA
250068 P161108 2009 9 22 -4.8008 147.3673 2009 11 4 -4 146.8167 40 40
250071 P161111 2009 9 22 -4.8008 147.3673 2009 11 18 -3.1764 148.5393 43 46
250079 P161119 2009 9 22 -4.8008 147.3673 2009 11 25 -2.6685 143.0117 42 42
250090 P161130 2009 9 22 -4.8008 147.3673 2009 11 15 -4.376 147.3392 43 48
250144 P161184 2009 9 22 -4.8008 147.3673 2009 11 16 -3.5333 145.35 42 48
250165 P169005 2009 9 22 -4.8008 147.3673 2009 11 14 -0.9507 144.203 42 45
250231 P169071 2009 9 22 -4.8008 147.3673 2009 11 26 -2.2255 142.2725 50 62
250253 P169090 2009 9 22 -4.8008 147.3673 2009 11 15 -2.35 141.9333 51 NA
250255 P169404 2009 9 22 -4.8008 147.3673 2009 11 13 -3.6562 147.1113 46 48
250311 P169445 2009 9 22 -4.8008 147.3673 2009 11 7 -2.6333 142.7833 45 70
250319 P169451 2009 9 22 -4.8008 147.3673 2009 11 1 -7.266 149.4267 46 NA
250389 P160578 2009 9 22 -4.8008 147.3673 2009 11 3 -3 150 45 47
250433 P168823 2009 9 22 -4.8008 147.3673 2009 11 13 -2.692 148.0307 43 45
250450 P168839 2009 9 22 -4.8008 147.3673 2009 11 25 -1.712 145.637 44 NA
250657 P161229 2009 9 22 -4.8008 147.3673 2009 11 18 -3.1764 148.5393 45 52
250693 P168729 2009 9 22 -4.8008 147.3673 2009 11 15 -0.9542 145.9515 49 36
250702 P168732 2009 9 22 -4.8008 147.3673 2009 11 20 -2.6348 145.67 41 43
250726 P161274 2009 9 22 -4.8008 147.3673 2009 11 1 -7.266 149.4267 41 NA
250736 P168747 2009 9 22 -4.8008 147.3673 2009 11 13 -2.692 148.0307 41 43
250766 P168761 2009 9 22 -4.8008 147.3673 2009 11 9 -4.209 149.846 46 50
250790 P168781 2009 9 22 -4.8008 147.3673 2009 11 16 -3.5333 145.35 43 48
250921 P169281 2009 9 22 -4.8008 147.3673 2009 11 5 -3.6833 147.1833 47 38
250964 P160963 2009 9 22 -4.8008 147.3673 2009 11 10 -6.3243 151.5755 63 68
250981 P160979 2009 9 22 -4.8008 147.3673 2009 11 18 -3.1763 148.6248 42 44
251003 P161001 2009 9 22 -4.8008 147.3673 2009 11 12 -4.2942 149.1848 39 53
251043 P161041 2009 9 22 -4.8008 147.3673 2009 11 4 -4 146.8167 41 37
251049 P161047 2009 9 22 -4.8008 147.3673 2009 11 18 -3.1857 148.6187 41 52
251060 P161058 2009 9 22 -4.8008 147.3673 2009 11 5 -3.6833 147.1833 41 35
251103 P160601 2009 9 22 -4.8008 147.3673 2009 11 21 -4.2457 150.0258 41 44
251125 P160623 2009 9 22 -4.8008 147.3673 2009 11 25 -2.6685 143.0117 43 51
251188 P160684 2009 9 22 -4.8008 147.3673 2009 11 9 -2.681 143.247 40 43
251191 P160687 2009 9 22 -4.8008 147.3673 2009 11 1 -7.266 149.4267 41 NA
251353 P170246 2009 9 24 -4.641 150.0014 2009 11 8 -4.513 150.49 41 48
251357 P170250 2009 9 24 -4.641 150.0014 2009 11 27 -2.207 143.3805 47 NA
251388 P170281 2009 9 24 -4.641 150.0014 2009 11 9 -4.07 149.2968 44 46
251516 P169995 2009 9 24 -4.641 150.0014 2009 11 25 -2.6685 143.0117 45 41
251573 P169657 2009 9 24 -4.641 150.0014 2009 11 1 -7.3103 149.3835 42 44
251647 P169691 2009 9 24 -4.641 150.0014 2009 11 6 -4.2457 150.0258 40 47
251658 P169696 2009 9 24 -4.641 150.0014 2009 11 14 -2.867 147.931 44 47
251676 P169382 2009 9 24 -4.641 150.0014 2009 11 25 -2.961 148.44 44 51
251790 P169523 2009 9 24 -4.641 150.0014 2009 11 27 -2.207 143.3805 50 NA
251871 P170405 2009 9 24 -4.641 150.0014 2009 11 5 -3.8023 149.4638 44 47
252092 P170381 2009 9 24 -4.641 150.0014 2009 11 27 -3.9273 147.1557 50 54
252400 P170192 2009 9 24 -4.5395 150.2157 2009 11 1 -2.7188 143.4708 40 42
252486 P170027 2009 9 24 -4.5395 150.2157 2009 11 23 -1.3467 145.6275 42 46
252729 P170859 2009 9 24 -4.4039 150.2626 2009 11 7 -4.0333 149.8167 49 50
252738 P170919 2009 9 24 -4.4039 150.2626 2009 11 25 -2.6685 143.0117 44 51
252766 P170933 2009 9 24 -4.3335 150.2237 2009 11 7 -4.0333 149.8167 47 51
252783 P170868 2009 9 24 -4.3335 150.2237 2009 11 5 -2.7188 143.4708 43 45
252786 P170870 2009 9 24 -4.3335 150.2237 2009 11 7 -4.0869 149.6911 42 45
252820 P170897 2009 9 24 -4.3335 150.2237 2009 11 25 -1.712 145.637 45 NA
252985 P171306 2009 9 24 -4.3348 150.1048 2009 11 3 -1.3833 151.3167 48 NA
253214 P171451 2009 9 24 -4.2723 150.1989 2009 11 7 -2.5 125.1667 45 NA
253225 P171505 2009 9 24 -4.2723 150.1989 2009 11 6 -4.317 149.533 43 45
253283 P170991 2009 9 24 -4.2723 150.1989 2009 11 7 -4.0833 149.6833 47 48
253304 P171330 2009 9 24 -4.2723 150.1989 2009 11 8 -4.607 150.425 44 48
253319 P171207 2009 9 24 -4.2723 150.1989 2009 11 18 -5.183 149.25 46 46
253617 P171844 2009 9 24 -4.2048 150.3206 2009 11 7 -4.0203 149.7402 47 51
253696 P171717 2009 9 24 -4.2048 150.3206 2009 11 9 -2.681 143.247 49 51
253703 P171722 2009 9 24 -4.2048 150.3206 2009 11 18 -5.183 149.25 46 48
253690 P172051 2009 9 24 -4.2142 150.3398 2009 11 12 -4.0833 147.1333 47 49
253720 P171738 2009 9 24 -4.2142 150.3398 2009 11 14 -2.867 147.931 48 50
253738 P171746 2009 9 24 -4.2142 150.3398 2009 11 25 -2.6685 143.0117 50 50
253751 P172318 2009 9 24 -4.2142 150.3398 2009 11 9 -3.947 147.111 47 55
253753 P171754 2009 9 24 -4.2142 150.3398 2009 11 9 -2.813 143.617 47 46
253764 P172324 2009 9 24 -4.2142 150.3398 2009 11 20 -4.05 150.1833 45 52
253811 P171871 2009 9 24 -4.2142 150.3398 2009 11 14 -0.9507 144.203 44 44
253830 P171885 2009 9 24 -4.2142 150.3398 2009 11 7 -4.0869 149.6911 44 45
253838 P171260 2009 9 24 -4.2142 150.3398 2009 11 7 -4.0869 149.6911 46 47
253854 P171268 2009 9 24 -4.2142 150.3398 2009 11 12 -2.7167 147.95 48 54
253896 P171290 2009 9 24 -4.2142 150.3398 2009 11 21 -1.1167 146.0393 46 51
253972 P172609 2009 9 24 -4.1257 150.5097 2009 11 10 -6.8633 149.372 48 NA
253989 P172618 2009 9 24 -4.1257 150.5097 2009 11 30 -4.6167 150.0167 48 50.5
254062 P172214 2009 9 24 -4.1257 150.5097 2009 11 17 -3.935 150.723 45 45
254089 P172115 2009 9 24 -4.1257 150.5097 2009 11 10 -6.8633 149.372 51 NA
254094 P172120 2009 9 24 -4.1257 150.5097 2009 11 6 -4.317 149.533 46 48
254106 P172405 2009 9 24 -4.1257 150.5097 2009 11 12 -2.7167 147.95 45 55
254107 P172406 2009 9 24 -4.1257 150.5097 2009 11 20 -4.2853 149.6205 47 48
254144 P172353 2009 9 24 -4.1257 150.5097 2009 11 18 -3.1764 148.5393 47 62
254240 P171700 2009 9 25 -3.7464 150.7715 2009 11 29 -3.63 150.2851 45 52
254313 P172430 2009 9 25 -3.446 150.7982 2009 11 17 -4.626 150.156 49 54
254404 P172691 2009 9 25 -3.446 150.7982 2009 11 12 -4.0833 147.1333 52 54
254416 P172696 2009 9 25 -3.339 150.909 2009 11 25 -2.6685 143.0117 52 38
254586 P172475 2009 9 25 -3.1123 150.8496 2009 11 18 -3.1857 148.6187 50 52
254611 P172156 2009 9 25 -3.1123 150.8496 2009 11 21 -4.2457 150.0258 52 49
254660 P172879 2009 9 27 -1.4102 150.8047 2009 11 23 -3.6875 147.0701 53 38
254696 P172299 2009 9 27 -2.2051 150.7834 2009 11 21 -4.2457 150.0258 43 57
254733 P173107 2009 9 27 -2.2051 150.7834 2009 11 3 -1.3853 151.328 41 44
254875 P172751 2009 10 1 1.9578 156.0085 2009 11 3 -2.4812 161.0207 43 29
254934 P172979 2009 10 1 1.9578 156.0085 2009 11 2 1.164 162.5893 40 43
254957 Z87206 2009 10 1 1.9578 156.0085 2009 11 2 1.164 162.5893 34 35.5
255000 Z87247 2009 10 1 1.9578 156.0085 2009 11 8 -1.856 160.6713 36 44
255009 Z87303 2009 10 1 1.9578 156.0085 2009 11 2 1.164 162.5893 37 37
255027 Z87313 2009 10 1 1.9578 156.0085 2009 11 19 -0.196 157.6393 35 42
255082 Z87351 2009 10 1 1.9578 156.0085 2009 11 3 -1.553 161.046 35 33
255107 Z86758 2009 10 1 1.9578 156.0085 2009 11 2 1.164 162.5893 36 41
255144 Z86781 2009 10 1 1.9578 156.0085 2009 11 5 0.926 162.309 33 42.3
255169 P173117 2009 10 1 1.9578 156.0085 2009 11 3 0.0587 161.094 43 43
255199 Z86970 2009 10 1 1.9578 156.0085 2009 11 2 1.164 162.5893 37 41.8
255288 P173154 2009 10 1 1.9578 156.0085 2009 11 8 1.2587 161.5433 45 NA
255293 P173157 2009 10 1 1.9578 156.0085 2009 11 3 1.41 162.2967 38 42
255327 Z87156 2009 10 1 1.9578 156.0085 2009 11 2 1.164 162.5893 35 39
255347 P173186 2009 10 1 1.9578 156.0085 2009 11 12 1.6833 156.3167 41 44.5
255358 P173191 2009 10 1 1.9578 156.0085 2009 11 2 1.164 162.5893 39 41.6
255374 Z87178 2009 10 1 1.9578 156.0085 2009 11 3 0.0587 161.094 36 38.3
255460 Z87567 2009 10 1 1.9578 156.0085 2009 11 2 1.164 162.5893 36 39.2
255513 Z87593 2009 10 1 1.9578 156.0085 2009 11 25 0.7333 156.1333 38 45.5
255550 Z87601 2009 10 1 1.9578 156.0085 2009 11 8 1.2688 161.5627 35 45
255600 P173070 2009 10 1 1.9578 156.0085 2009 11 8 0.829 161.7749 40 46
255626 Z87646 2009 10 1 1.9578 156.0085 2009 11 30 1.731 156.855 35 42
255658 Z87678 2009 10 1 1.9578 156.0085 2009 11 8 0.829 161.7749 35 42
255681 P173078 2009 10 1 1.9578 156.0085 2009 11 9 -1.3227 159.0532 40 36
255721 Z86614 2009 10 1 1.9578 156.0085 2009 11 8 0.829 161.7749 36 45
255730 Z87406 2009 10 1 1.9578 156.0085 2009 11 2 1.164 162.5893 35 41
255739 Z86623 2009 10 1 1.9578 156.0085 2009 11 8 -1.7887 159.9787 35 42
255747 Z87415 2009 10 1 1.9578 156.0085 2009 11 27 -0.4173 157.416 35 41
255813 Z86663 2009 10 1 1.9578 156.0085 2009 11 19 -0.196 157.6393 36 46
255890 Z86692 2009 10 1 1.9578 156.0085 2009 11 2 1.164 162.5893 36 41.7
407477 P173052 2009 10 1 1.9578 156.0085 2009 11 5 0.926 162.309 41 46.5
256109 P173212 2009 10 1 2.4867 156.0054 2009 11 2 1.1333 162.6167 40 44
256114 P173217 2009 10 1 2.4867 156.0054 2009 11 8 -1.3607 159.36 45 49
256408 Z87820 2009 10 7 4.9707 156.0312 2009 11 27 -3.148 172.9513 38 49
256871 P173706 2009 10 7 4.7494 155.8499 2009 11 2 1.164 162.5893 44 46
257115 Z88192 2009 10 8 1.9568 156.009 2009 11 2 1.164 162.5893 34 40.7
257166 P173903 2009 10 8 1.9568 156.009 2009 11 12 1.6833 156.3167 55 56.6
257253 P173955 2009 10 8 1.9568 156.009 2009 11 24 0.7333 156.1333 53 63.5
257325 P173823 2009 10 8 1.9568 156.0102 2009 11 3 1.4287 162.3247 37 40
257326 P173824 2009 10 8 1.9568 156.0102 2009 11 2 1.164 162.5893 37 40
257329 P173827 2009 10 8 1.9568 156.0102 2009 11 2 1.164 162.5893 37 38.6
257344 P173842 2009 10 8 1.9568 156.0102 2009 11 27 1.468 156.973 38 44
257377 P173875 2009 10 8 1.9568 156.0102 2009 11 2 1.164 162.5893 38 41.4
257392 Z88705 2009 10 8 1.9568 156.0102 2009 11 8 1.2687 161.5627 37 41
257399 Z88712 2009 10 8 1.9568 156.0102 2009 11 2 1.164 162.5893 37 39.8
257401 Z88714 2009 10 8 1.9568 156.0102 2009 11 10 0.554 158.813 38 40
257412 Z88725 2009 10 8 1.9568 156.0102 2009 11 2 1.1333 162.6167 37 NA
257431 Z88419 2009 10 8 1.9568 156.0102 2009 11 2 1.164 162.5893 34 38.8
257440 Z88427 2009 10 8 1.9568 156.0102 2009 11 2 1.164 162.5893 33 35
257464 Z88362 2009 10 8 1.9568 156.0102 2009 11 2 1.164 162.5893 36 37.7
257589 Z88843 2009 10 8 1.9568 156.0102 2009 11 2 1.164 162.5893 36 39.5
257595 Z88849 2009 10 8 1.9568 156.0102 2009 11 3 1.41 162.2967 36 NA
257603 Z88857 2009 10 8 1.9568 156.0102 2009 11 2 1.164 162.5893 37 39.6
257627 P173970 2009 10 8 1.9568 156.0102 2009 11 10 -1.2367 158.2727 40 40
257655 P173998 2009 10 8 1.9568 156.0102 2009 11 2 1.164 162.5893 40 42
257681 P174133 2009 10 8 1.9568 156.0102 2009 11 3 1.41 162.2967 39 NA
257687 P174136 2009 10 8 1.9568 156.0102 2009 11 8 0.868 161.442 38 43
257714 P174232 2009 10 8 1.9568 156.0102 2009 11 5 0.926 162.309 48 53
257780 P174271 2009 10 8 1.9568 156.0102 2009 11 5 0.926 162.309 40 44.6
257790 P174281 2009 10 8 1.9568 156.0102 2009 11 3 0.0587 161.094 38 41
257791 P174282 2009 10 8 1.9568 156.0102 2009 11 3 0.0587 161.094 41 43.6
257793 P174284 2009 10 8 1.9568 156.0102 2009 11 18 1.65 157.4333 44 48.5
257813 P174304 2009 10 8 1.9568 156.0102 2009 11 8 0.6834 161.102 39 30
257818 P174309 2009 10 8 1.9568 156.0102 2009 11 2 1.164 162.5893 40 41.8
257846 P174337 2009 10 8 1.9568 156.0102 2009 11 18 -2.6153 160.9073 45 52
257848 P174339 2009 10 8 1.9568 156.0102 2009 11 2 1.164 162.5893 43 44
257860 P174351 2009 10 8 1.9568 156.0102 2009 11 27 1.468 156.973 44 48
257998 P173671 2009 10 8 1.9568 156.0102 2009 11 2 1.164 162.5893 38 40.8
258023 P173696 2009 10 8 1.9568 156.0102 2009 11 12 1.6833 156.3167 42 46
258026 P173699 2009 10 8 1.9568 156.0102 2009 11 2 1.164 162.5893 42 42
258062 P173535 2009 10 8 1.9568 156.0102 2009 11 2 1.164 162.5893 43 46.6
258063 P173536 2009 10 8 1.9568 156.0102 2009 11 8 1.2687 161.5627 41 46
258067 P173540 2009 10 8 1.9568 156.0102 2009 11 8 2.8933 162.4 45 49
258074 P173547 2009 10 8 1.9568 156.0102 2009 11 3 -1.3833 151.3167 40 NA
258078 P173551 2009 10 8 1.9568 156.0102 2009 11 8 1.2687 161.5627 40 45
258118 P173591 2009 10 8 1.9568 156.0102 2009 11 22 1.25 156.4833 46 50
258175 P174025 2009 10 9 -0.0108 155.9743 2009 11 8 -1.782 160.7027 51 50
258245 P174396 2009 10 9 -0.0108 155.9743 2009 11 10 0.536 158.8083 42 46.5
258290 P174501 2009 10 9 -0.0108 155.9743 2009 11 5 -1.1453 158.938 40 45
258309 P174512 2009 10 9 -0.0108 155.9743 2009 11 8 2.8933 162.4 56 61
258380 P174461 2009 10 9 -0.0108 155.9743 2009 11 22 14.453 149.294 50 55
258607 P175337 2009 10 11 -2.8309 150.6783 2009 11 21 -2.6377 148.6981 56 NA
258857 P175176 2009 10 11 -2.8309 150.6783 2009 11 21 -2.6377 148.6981 53 NA
259253 P175676 2009 10 11 -2.8309 150.6783 2009 11 20 -1.9462 174.3652 55 NA
259352 P175074 2009 10 11 -2.8309 150.6783 2009 11 30 -0.3884 160.8941 57 60
259363 P175085 2009 10 11 -2.8309 150.6783 2009 11 15 -4.824 147.3609 55 53
259447 P174936 2009 10 11 -2.8309 150.6783 2009 11 25 -2.6685 143.0117 55 39
259733 P176016 2009 10 12 -3.2597 150.9115 2009 11 15 -4.8228 147.3621 49 45
259734 P176017 2009 10 12 -3.2597 150.9115 2009 11 15 -6.9104 148.5464 54 NA
259752 P175381 2009 10 12 -3.2597 150.9115 2009 11 12 -2.15 142.8833 51 43
259819 P176083 2009 10 13 -5.1764 153.6656 2009 11 25 -2.6685 143.0117 44 49
259923 P176473 2009 10 13 -5.1764 153.6656 2009 11 29 0.12 158.706 48 48
260183 P176627 2009 10 13 -5.1764 153.6656 2009 11 9 -8.1833 158.6667 46 52
260192 P175995 2009 10 13 -5.1764 153.6656 2009 11 13 -2.9833 147.6833 49 49
260264 P175767 2009 10 13 -5.1764 153.6656 2009 11 28 -4.6217 166.3573 46 45
260294 P175786 2009 10 13 -5.1764 153.6656 2009 11 15 4.7 175.4833 45 65
260302 P175792 2009 10 13 -5.1764 153.6656 2009 11 19 -8.7615 156.9838 45 47
260397 P175397 2009 10 13 -5.1764 153.6656 2009 11 15 4.7 175.4833 52 65
260527 P176815 2009 10 13 -5.1764 153.6656 2009 11 30 -8.931 156.277 46 50
260691 P177419 2009 10 14 -5.6126 155.5626 2009 11 17 -6.692 159.0807 42 56
260748 P177443 2009 10 14 -5.6126 155.5626 2009 11 22 0.66 160.078 46 49
260848 P176901 2009 10 14 -5.6126 155.5626 2009 11 25 0.627 156.308 44 NA
261194 P177516 2009 10 14 -5.6037 155.7663 2009 11 3 1.41 162.2967 40 NA
261362 P177638 2009 10 14 -5.6037 155.7663 2009 11 3 -8.8167 158.7833 44 47
261486 P177025 2009 10 14 -5.6037 155.7663 2009 11 3 -8.8166 158.7833 42 47
261497 P177036 2009 10 14 -5.6037 155.7663 2009 11 30 2.363 158.335 40 87
261524 P177051 2009 10 14 -5.6037 155.7663 2009 11 25 0.726 158.353 40 58
261549 P178024 2009 10 14 -5.6037 155.7663 2009 11 17 -6.692 159.0807 43 45
261727 P177302 2009 10 14 -5.6037 155.7663 2009 11 30 2.363 158.335 42 47.4
261815 P177125 2009 10 14 -5.6037 155.7663 2009 11 17 -6.692 159.0807 41 50
261862 P177161 2009 10 14 -5.6037 155.7663 2009 11 17 -6.692 159.0807 40 47
261864 P177162 2009 10 14 -5.6037 155.7663 2009 11 17 -6.692 159.0807 44 50
261883 P177172 2009 10 14 -5.6037 155.7663 2009 11 17 -6.692 159.0807 43 47
261897 P177181 2009 10 14 -5.6037 155.7663 2009 11 30 -1.964 170.3147 50 58
261962 P177736 2009 10 14 -5.6037 155.7663 2009 11 30 2.363 158.335 48 44.4
