538
id tag_no yr mo day lat lon yr_rec mo_rec day_rec lat_rec lon_rec len_rel len_rec
5614 P05466 2006 9 11 -2.3434 148.7872 2008 7 24 -5.0667 145.8 41 46.3
5802 P04933 2006 9 12 -1.2 146.65 2008 7 18 -3.5867 147.2015 52 57
12382 P10787 2006 10 13 -4.4196 150.9209 2008 7 5 -0.9242 141.5529 50 52
38599 Z22185 2007 3 24 -4.6067 150.5333 2008 7 19 -4.2167 152.1833 40 61
41471 P29744 2007 4 8 -2.6559 148.8709 2008 7 29 -5.092 149.6795 43 148
43177 Z24496 2007 4 11 -3.5278 148.8452 2008 7 29 -5.092 149.6795 34 57
58917 P44446 2007 5 13 -6.5675 154.3773 2008 7 4 -3.9843 160.3137 50 52.5
59087 P44048 2007 5 13 -6.5675 154.3773 2008 7 4 -3.9838 160.3134 54 60
59247 P43825 2007 5 14 -5.5516 155.4416 2008 7 4 -3.9842 160.3137 47 49
63344 P46208 2007 10 30 -8.1059 157.9123 2008 7 8 -1.5486 162.8873 44 58
63781 P47055 2007 10 31 -8.2988 158.1163 2008 7 25 -7.8114 155.9001 38 56
64219 P47152 2007 10 31 -8.2988 158.1163 2008 7 1 -8.0533 156.4173 43 68
66705 P48590 2007 11 2 -7.5337 156.8142 2008 7 17 -4.2593 149.8699 43 61
66736 P48606 2007 11 2 -7.5337 156.8142 2008 7 19 -3.0667 157.0667 45 56
66995 P49014 2007 11 2 -7.5337 156.8142 2008 7 10 -2.118 154.3853 46 47
67188 P48718 2007 11 2 -7.5337 156.8142 2008 7 15 -1.792 162.1313 47 45
67910 P49336 2007 11 3 -7.35 156.7167 2008 7 3 -8.1806 158.5893 47 43
68311 P49371 2007 11 4 -7.3635 156.7258 2008 7 26 -7.2126 156.328 48 60
68313 P49372 2007 11 4 -7.3635 156.7258 2008 7 1 -0.2333 156.45 47 56.4
68930 P50666 2007 11 8 -8.9919 157.7254 2008 7 5 -0.8859 153.272 45 57
69087 P50868 2007 11 9 -9.1088 157.5704 2008 7 29 -2.628 204.4294 47 51
69536 Z31484 2007 11 10 -9.028 158.4962 2008 7 12 -8.7086 158.5433 37 38
69760 A12850 2007 11 10 -8.6532 158.6277 2008 7 20 -3.0667 157.0667 44 57.5
69825 A12942 2007 11 10 -8.6532 158.6277 2008 7 6 -8.4259 158.9253 44 42
70175 A05944 2007 11 11 -8.7159 158.5427 2008 7 6 -8.4258 158.9251 46 45
70364 A06355 2007 11 11 -8.7159 158.5427 2008 7 1 -0.4581 171.3662 55 66
70634 A06190 2007 11 12 -8.7387 158.6688 2008 7 6 -1.5509 165.8904 50 60
71152 A05715 2007 11 12 -8.8212 158.527 2008 7 9 -1.6898 162.7709 47 47.5
71226 A06842 2007 11 13 -8.6308 158.4617 2008 7 7 -1.214 162.9696 44 51.5
71679 A09829 2007 11 13 -8.3807 158.6483 2008 7 25 -8.3873 158.6846 55 48
72163 Z32251 2007 11 14 -8.2994 158.1062 2008 7 11 -8.3146 156.7953 35 57
72326 A07441 2007 11 14 -8.2994 158.1062 2008 7 29 -8.2026 158.886 45 45
72709 Z31623 2007 11 14 -8.2994 158.1062 2008 7 7 -2.018 164.776 35 58.5
78711 Z36071 2008 2 24 -7.4323 158.9841 2008 7 27 -1.55 145.6167 36 52
80426 Z37719 2008 2 25 -7.4337 158.8068 2008 7 15 -2.5331 156.6833 35 54
80802 Z38218 2008 2 26 -8.3465 158.4874 2008 7 16 -7.21 156.211 37 50
80868 P52560 2008 2 26 -8.3465 158.4874 2008 7 3 -8.4706 158.4593 38 47
81066 Z38695 2008 2 26 -8.4722 158.5983 2008 7 16 -7.21 156.211 36 46
81198 Z39853 2008 2 26 -8.4722 158.5983 2008 7 1 -8.0133 156.4539 38 47
81590 Z38772 2008 2 26 -8.4722 158.5983 2008 7 6 -8.7466 158.4013 36 47
81540 P52159 2008 2 26 -8.5464 158.5382 2008 7 10 -8.5 156.9833 38 42
81636 P52180 2008 2 27 -8.6268 158.462 2008 7 8 -3.7206 148.748 38 47
81844 P53360 2008 2 27 -8.7394 158.6018 2008 7 25 -8.3873 158.6846 54 50
82144 P53533 2008 2 27 -8.8139 158.484 2008 7 26 -7.2126 156.328 38 47
82712 P53089 2008 2 28 -8.1016 157.8919 2008 7 4 -7.9773 158.4086 38 64
83660 P54303 2008 3 2 -8.7568 157.1727 2008 7 29 -1.9686 159.1506 56 NA
84312 P54823 2008 3 3 -9.1697 157.6141 2008 7 8 -8.8726 158.4186 39 48
84379 P54151 2008 3 3 -9.1697 157.6141 2008 7 24 -8.3253 156.792 42 50
84591 Z29157 2008 3 3 -9.1421 157.8019 2008 7 12 -8.7086 158.5433 37 45
84621 Z29187 2008 3 3 -9.1421 157.8019 2008 7 6 -8.3033 156.8386 36 46
84949 P54937 2008 3 3 -9.1421 157.8019 2008 7 16 -7.21 156.211 39 49
85084 P53439 2008 3 3 -9.1421 157.8019 2008 7 7 -8.3033 156.8373 39 48
85175 P53488 2008 3 3 -9.1421 157.8019 2008 7 4 -8.4273 157.0546 38 45
85257 P55346 2008 3 3 -9.1421 157.8019 2008 7 3 -8.564 158.3459 38 49
85540 P55414 2008 3 4 -9.625 159.4537 2008 7 10 -8.5 156.9833 42 46
85552 P55376 2008 3 4 -9.625 159.4537 2008 7 28 1.747 151.857 44 51
85645 P55667 2008 3 4 -9.625 159.4537 2008 7 1 -4.6033 149.8286 39 55
86203 P56199 2008 3 5 -9.5151 161.1342 2008 7 5 -0.8859 153.272 53 58
86270 P56644 2008 3 5 -9.5489 161.1664 2008 7 17 -1.0679 163.5546 52 59
86325 P56217 2008 3 5 -9.5766 161.1949 2008 7 8 -1.5486 162.8873 52 58
86425 P56463 2008 3 5 -9.5766 161.1949 2008 7 2 0.7487 167.6347 53 58
86622 P56373 2008 3 5 -9.584 161.2782 2008 7 5 -0.8859 153.272 51 57
86723 P57510 2008 3 6 -9.6436 161.0701 2008 7 5 -0.8859 153.272 51 58
86783 P57569 2008 3 6 -9.6436 161.0701 2008 7 19 -3.0667 157.0667 53 58
86801 P57585 2008 3 6 -9.6436 161.0701 2008 7 12 -8.7086 158.5433 58 60
86892 P56912 2008 3 6 -9.6436 161.0701 2008 7 25 -8.3873 158.6846 55 50
86699 P56805 2008 3 6 -9.7174 161.0578 2008 7 2 0.7559 167.6253 51 57
86974 P56822 2008 3 6 -9.596 161.0079 2008 7 17 -1.2466 154.6233 50 47
87140 P56744 2008 3 6 -9.596 161.0079 2008 7 25 -8.3926 158.686 49 49
87215 P57124 2008 3 6 -9.5534 160.8968 2008 7 23 -2.5946 154.9206 55 60
87287 P57166 2008 3 7 -8.7152 159.3292 2008 7 3 -8.458 158.7986 38 40
87469 P57314 2008 3 8 -9.6582 159.3704 2008 7 19 -3.7433 148.8926 39 47
87562 P56572 2008 3 8 -9.7311 159.3942 2008 7 24 -2.894 142.6313 40 NA
88008 P57414 2008 3 8 -9.9394 159.402 2008 7 16 -4.532 150.7313 41 49
88323 P57667 2008 3 8 -10.0693 159.6471 2008 7 3 -8.472 158.4626 41 49
88811 P58625 2008 3 11 -7.8928 156.2276 2008 7 7 -3.7545 166.4775 50 65.5
89609 P59203 2008 3 15 -7.1648 158.0285 2008 7 4 -2.3493 143.8193 43 53
89765 P59225 2008 3 15 -7.149 158.1835 2008 7 8 -1.5486 162.8873 37 50
89861 P59283 2008 3 15 -7.3558 158.6225 2008 7 28 1.7473 151.8567 41 53
89961 P59034 2008 3 15 -7.3558 158.6225 2008 7 19 -3.0667 157.0667 42 54.6
90567 P59662 2008 3 16 -7.4386 158.976 2008 7 29 -1.9686 159.1506 39 NA
90734 P60283 2008 3 16 -7.4386 158.976 2008 7 2 -0.2247 150.0907 37 50
90962 P60179 2008 3 16 -7.4782 159.0579 2008 7 9 -0.3613 156.08 45 52
91622 P59854 2008 3 27 -8.5664 158.5316 2008 7 24 -8.0806 156.1119 41 47
91733 A15501 2008 3 27 -8.5664 158.5316 2008 7 10 -8.2946 158.9706 42 45
91808 P60852 2008 3 27 -8.5664 158.5316 2008 7 3 -8.564 158.3459 45 50
91844 P60872 2008 3 27 -8.5664 158.5316 2008 7 12 -3.8333 149.688 40 51
91855 P60883 2008 3 27 -8.5664 158.5316 2008 7 6 -8.6113 157.0746 40 48
92262 P60918 2008 3 27 -8.5664 158.5316 2008 7 28 -8.7139 156.5046 40 52
92689 Z41137 2008 3 27 -8.5664 158.5316 2008 7 11 -8.3193 156.7986 37 50
92027 A15819 2008 3 27 -8.6534 158.627 2008 7 6 -8.4259 158.9253 44 47
92065 A15838 2008 3 27 -8.6534 158.627 2008 7 16 -7.21 156.211 41 48
92787 Z41188 2008 3 27 -8.6534 158.627 2008 7 24 -8.076 156.1206 36 49
92877 Z41433 2008 3 27 -8.6534 158.627 2008 7 16 -7.21 156.211 41 49
267663 Z41499 2008 3 27 -8.667 158.9425 2008 7 16 -7.21 156.211 36 49
93417 A15123 2008 3 27 -8.6869 159.1525 2008 7 16 -7.21 156.211 42 49
92544 A14945 2008 3 27 -8.6862 159.2175 2008 7 6 -8.6113 157.0746 43 56
92554 A14952 2008 3 27 -8.6862 159.2175 2008 7 8 -8.8726 158.4186 42 48
92590 A14977 2008 3 27 -8.6862 159.2175 2008 7 25 -7.296 156.3773 41 45
93090 Z41553 2008 3 27 -8.6862 159.2175 2008 7 7 -8.8202 158.563 36 42
93543 Z42149 2008 3 27 -8.6862 159.2175 2008 7 3 -8.508 158.8133 37 48
94051 Z42222 2008 3 28 -7.8869 160.958 2008 7 20 -3.0667 157.0667 36 46
94092 Z42100 2008 3 29 -8.413 162.7553 2008 7 20 -3.0667 157.0667 37 46
94344 Z42652 2008 3 29 -8.413 162.7553 2008 7 16 -4.2167 152.1833 36 47
94378 Z42444 2008 3 29 -8.413 162.7553 2008 7 29 -1.9667 159.15 36 NA
94412 Z42466 2008 3 29 -8.413 162.7553 2008 7 16 -1.3333 154.2167 38 45
94580 Z42502 2008 3 29 -8.413 162.7553 2008 7 8 -1.55 162.8833 36 46.6
94642 Z42565 2008 3 29 -8.413 162.7553 2008 7 16 -1.3333 154.2167 38 43
94545 A14103 2008 3 29 -8.5429 162.8658 2008 7 3 -4.9793 184.278 41 NA
94566 Z42903 2008 3 29 -8.5429 162.8658 2008 7 11 0.917 166.469 34 43
95220 A14260 2008 3 31 -9.9689 160.0491 2008 7 10 -8.5 156.9833 41 43
95265 A14305 2008 3 31 -9.9689 160.0491 2008 7 4 -3.9842 160.3141 40 49
95656 A14416 2008 3 31 -9.9689 160.0491 2008 7 7 -4.1959 149.9673 42 52
96063 Y33115 2008 4 1 -10.049 159.63 2008 7 19 -3.0667 157.0667 44 49
97053 A05592 2008 4 1 -10.049 159.63 2008 7 7 -2.029 165.155 41 47
96710 Y34062 2008 4 1 -9.9307 159.6246 2008 7 16 -7.21 156.211 44 49
98110 Y32764 2008 4 2 -8.3586 159.0436 2008 7 3 -8.4706 158.4593 41 50
98381 Z43375 2008 4 2 -8.3586 159.0436 2008 7 6 -8.1379 156.8436 38 46
100507 Z43733 2008 4 2 -8.3586 159.0436 2008 7 6 -8.6129 157.0761 36 46
100547 Z43756 2008 4 2 -8.3586 159.0436 2008 7 2 -7.8289 157.5943 37 42
99115 Y33404 2008 4 2 -8.2943 158.9952 2008 7 16 -7.21 156.211 43 49
98564 Z44461 2008 4 2 -8.158 158.695 2008 7 6 -8.1379 156.8436 35 41
98668 Y33655 2008 4 2 -8.158 158.695 2008 7 6 -8.6079 157.0733 40 48
99379 Y34521 2008 4 2 -8.158 158.695 2008 7 7 -8.3033 156.8373 41 47
99393 Y34535 2008 4 2 -8.158 158.695 2008 7 4 -8.4293 157.0566 43 48
99456 Y34598 2008 4 2 -8.158 158.695 2008 7 5 -8.7826 158.4933 40 46
99461 A10203 2008 4 2 -8.158 158.695 2008 7 6 -8.302 156.8419 41 42
99483 A10226 2008 4 2 -8.158 158.695 2008 7 1 -8.2837 156.7063 42 47
100690 A23661 2008 4 2 -8.158 158.695 2008 7 24 -8.3252 156.792 42 49
100943 Y33722 2008 4 2 -8.158 158.695 2008 7 4 -8.4293 157.0566 42 49
99805 Z44764 2008 4 2 -8.0954 158.6877 2008 7 7 -8.3067 156.7497 36 46
100456 A23582 2008 4 2 -8.0954 158.6877 2008 7 3 -8.4186 158.3906 41 47
100843 Y34743 2008 4 2 -8.0954 158.6877 2008 7 4 -8.4273 157.0546 42 46
100918 Y34798 2008 4 2 -8.0954 158.6877 2008 7 4 -8.1333 158.434 42 40
99657 Z44285 2008 4 2 -8.0399 158.5981 2008 7 14 -8.7465 158.6571 37 52
100080 A23016 2008 4 2 -7.9156 158.5033 2008 7 16 -7.21 156.211 43 60
100686 A22254 2008 4 2 -7.9156 158.5033 2008 7 11 -8.3146 156.7953 40 49
101832 Z45077 2008 4 3 -7.1682 158.2133 2008 7 8 -1.55 162.8833 36 47
102067 A23359 2008 4 4 -5.2854 160.0329 2008 7 29 -1.9667 159.15 53 NA
102416 A23416 2008 4 4 -5.2854 160.0329 2008 7 2 0.7487 167.6347 54 58.5
102120 A10922 2008 4 4 -5.3482 159.9264 2008 7 5 -0.8833 153.2667 54 57
102182 A10984 2008 4 4 -5.3014 159.9498 2008 7 29 -1.9667 159.15 58 NA
102433 A12642 2008 4 4 -5.3014 159.9498 2008 7 8 -1.5593 162.8826 58 59
102571 A23217 2008 4 5 -4.981 159.5967 2008 7 29 -1.9667 159.15 60 NA
102856 Z45099 2008 4 6 -7.3712 158.9054 2008 7 12 -0.4718 148.0691 36 49
102857 Z45100 2008 4 6 -7.3712 158.9054 2008 7 28 1.747 151.857 38 50
103243 Z45391 2008 4 6 -7.3712 158.9054 2008 7 12 2.1833 148.7167 37 47.5
104250 Z45624 2008 4 6 -7.3712 158.9054 2008 7 25 -2.6647 160.135 37 50.5
102761 Z45735 2008 4 6 -7.4225 158.8286 2008 7 8 -1.55 162.8833 37 47
102818 Z45792 2008 4 6 -7.4225 158.8286 2008 7 12 -0.5375 148.1671 37 47
106995 Z46378 2008 6 27 0.0134 156.0347 2008 7 2 -0.251 156.609 36 35.2
107011 Z46394 2008 6 27 0.0134 156.0347 2008 7 2 -0.251 156.609 37 35
107016 Z46400 2008 6 27 0.0134 156.0347 2008 7 2 -0.251 156.609 35 34.7
107031 P66502 2008 6 27 0.0134 156.0347 2008 7 1 -0.2333 156.45 40 39.5
107032 P66503 2008 6 27 0.0134 156.0347 2008 7 1 -0.2333 156.45 49 46.8
107033 P66504 2008 6 27 0.0134 156.0347 2008 7 1 -0.2333 156.45 55 54
107036 P66507 2008 6 27 0.0134 156.0347 2008 7 1 -0.2333 156.45 52 52.3
107044 P66515 2008 6 27 0.0134 156.0347 2008 7 1 -0.2333 156.45 38 38.6
107047 P66518 2008 6 27 0.0134 156.0347 2008 7 1 -0.2333 156.45 56 56
107051 P66522 2008 6 27 0.0134 156.0347 2008 7 1 -0.2333 156.45 45 44
107052 P66523 2008 6 27 0.0134 156.0347 2008 7 1 -0.2333 156.45 40 39.5
107088 P66559 2008 6 27 0.0134 156.0347 2008 7 10 3.1142 159.3729 53 52
107119 P66585 2008 6 27 0.0134 156.0347 2008 7 1 -0.2333 156.45 46 46
107121 P66586 2008 6 27 0.0134 156.0347 2008 7 1 -0.2333 156.45 57 49
107131 P66595 2008 6 27 0.0134 156.0347 2008 7 14 -1.142 161.0921 45 51
107159 P67065 2008 6 27 0.0134 156.0347 2008 7 1 -0.2333 156.45 58 58.3
107164 P67070 2008 6 27 0.0134 156.0347 2008 7 1 -0.2333 156.45 51 51.5
107184 P67090 2008 6 27 0.0134 156.0347 2008 7 1 -0.2333 156.45 50 50
107207 P66628 2008 6 27 0.0134 156.0347 2008 7 27 -2.1682 159.9801 58 60
107210 P67411 2008 6 27 0.0134 156.0347 2008 7 1 -0.2333 156.45 43 42
107246 P67435 2008 6 27 0.0134 156.0347 2008 7 1 -0.2333 156.45 47 44.4
107248 P67436 2008 6 27 0.0134 156.0347 2008 7 1 -0.2333 156.45 54 55.2
107252 P67438 2008 6 27 0.0134 156.0347 2008 7 2 -0.251 156.609 51 54.5
107258 P67442 2008 6 27 0.0134 156.0347 2008 7 1 -0.2333 156.45 44 44.5
107265 P67446 2008 6 27 0.0134 156.0347 2008 7 1 -0.2333 156.45 52 53.5
107268 P66650 2008 6 27 0.0134 156.0347 2008 7 1 -0.2333 156.45 55 52.4
107285 P66660 2008 6 27 0.0134 156.0347 2008 7 1 -0.2333 156.45 54 55.8
107286 P67456 2008 6 27 0.0134 156.0347 2008 7 1 -0.2333 156.45 51 50.6
107287 P67457 2008 6 27 0.0134 156.0347 2008 7 1 -0.2333 156.45 54 53
107292 P66662 2008 6 27 0.0134 156.0347 2008 7 1 -0.2333 156.45 50 49
107293 P67461 2008 6 27 0.0134 156.0347 2008 7 1 -0.2333 156.45 49 49.8
107299 P67464 2008 6 27 0.0134 156.0347 2008 7 1 -0.2333 156.45 54 51.3
107307 P67469 2008 6 27 0.0134 156.0347 2008 7 1 -0.2333 156.45 49 48.8
107342 P66678 2008 6 27 0.0134 156.0347 2008 7 15 3.0209 161.2889 53 57
107357 P66684 2008 6 27 0.0134 156.0347 2008 7 10 1.3303 159.9332 56 60
107376 P67492 2008 6 27 0.0134 156.0347 2008 7 22 4.9167 171.5407 54 56
107397 P67500 2008 6 27 0.0134 156.0347 2008 7 1 -0.2333 156.45 46 46
107424 P67307 2008 6 27 0.0134 156.0347 2008 7 1 -0.2333 156.45 48 47.8
107440 P67318 2008 6 27 0.0134 156.0347 2008 7 1 -0.2333 156.45 53 52.5
107450 P67328 2008 6 27 0.0134 156.0347 2008 7 1 -0.2333 156.45 49 59.5
107458 P67336 2008 6 27 0.0134 156.0347 2008 7 1 -0.2333 156.45 50 50
107462 P67340 2008 6 27 0.0134 156.0347 2008 7 1 -0.2333 156.45 51 50.6
107463 P67341 2008 6 27 0.0134 156.0347 2008 7 1 -0.2333 156.45 47 47.4
107466 P67344 2008 6 27 0.0134 156.0347 2008 7 1 -0.2333 156.45 51 52.2
107467 P67345 2008 6 27 0.0134 156.0347 2008 7 1 -0.2333 156.45 48 48.6
107469 P67347 2008 6 27 0.0134 156.0347 2008 7 1 -0.2333 156.45 57 55.9
107481 P67359 2008 6 27 0.0134 156.0347 2008 7 1 -0.2333 156.45 50 47.7
107482 P67360 2008 6 27 0.0134 156.0347 2008 7 10 1.2218 160.0689 58 59.5
107493 P67371 2008 6 27 0.0134 156.0347 2008 7 1 -0.2333 156.45 54 54
107496 P67374 2008 6 27 0.0134 156.0347 2008 7 1 -0.2333 156.45 50 50.6
107499 P67377 2008 6 27 0.0134 156.0347 2008 7 1 -0.2333 156.45 51 51.5
107501 P67379 2008 6 27 0.0134 156.0347 2008 7 1 -0.2333 156.45 57 56.4
107504 P67382 2008 6 27 0.0134 156.0347 2008 7 1 -0.2333 156.45 55 56.1
107512 P67390 2008 6 27 0.0134 156.0347 2008 7 1 -0.2333 156.45 51 51.2
107517 P67395 2008 6 27 0.0134 156.0347 2008 7 1 -0.2333 156.45 52 50
107523 Z46455 2008 6 27 0.0134 156.0347 2008 7 2 -0.251 156.609 37 36.2
107541 Z46472 2008 6 27 0.0134 156.0347 2008 7 2 -0.251 156.609 36 36
107592 Z45431 2008 6 27 0.0134 156.0347 2008 7 2 -0.251 156.609 37 38.7
107620 P67111 2008 6 27 0.0134 156.0347 2008 7 1 -0.2333 156.45 39 39
107628 P67116 2008 6 27 0.0134 156.0347 2008 7 1 -0.2333 156.45 46 46.2
107639 P67121 2008 6 27 0.0134 156.0347 2008 7 1 -0.2333 156.45 53 52.2
107642 P67123 2008 6 27 0.0134 156.0347 2008 7 1 -0.2333 156.45 42 41.2
107644 P67124 2008 6 27 0.0134 156.0347 2008 7 1 -0.2333 156.45 38 36.4
107647 P67126 2008 6 27 0.0134 156.0347 2008 7 1 -0.2333 156.45 38 36.8
107648 P67127 2008 6 27 0.0134 156.0347 2008 7 1 -0.2333 156.45 37 36.4
107649 P66724 2008 6 27 0.0134 156.0347 2008 7 7 3.3269 158.6685 55 60
107721 P67169 2008 6 27 0.0134 156.0347 2008 7 1 -0.2333 156.45 40 40.6
107749 P67195 2008 6 27 0.0134 156.0347 2008 7 1 -0.2333 156.45 49 48.5
107769 P66817 2008 6 27 0.0134 156.0347 2008 7 2 -1.5454 155.9345 50 51
107786 P67201 2008 6 27 0.0134 156.0347 2008 7 1 -0.2333 156.45 40 40
107804 P67210 2008 6 27 0.0134 156.0347 2008 7 20 -4.2167 152.1833 59 60
107816 P67216 2008 6 27 0.0134 156.0347 2008 7 1 -0.2333 156.45 49 48.7
107836 P67230 2008 6 27 0.0134 156.0347 2008 7 1 -0.2333 156.45 55 53.6
107855 P67239 2008 6 27 0.0134 156.0347 2008 7 1 -0.2333 156.45 51 51.4
107926 P67274 2008 6 27 0.0134 156.0347 2008 7 1 -0.2333 156.45 46 46.4
107943 P66903 2008 6 27 0.0134 156.0347 2008 7 1 -0.2333 156.45 38 39.6
107956 P67296 2008 6 27 0.0134 156.0347 2008 7 1 -0.2333 156.45 52 53.5
107958 P67298 2008 6 27 0.0134 156.0347 2008 7 1 -0.2333 156.45 50 49.8
107965 P66910 2008 6 27 0.0134 156.0347 2008 7 1 -0.2333 156.45 44 44
107975 P67007 2008 6 27 0.0134 156.0347 2008 7 1 -0.2333 156.45 60 60.4
108016 P67048 2008 6 27 0.0134 156.0347 2008 7 1 -0.2333 156.45 62 60.6
108437 P66929 2008 6 27 0.0134 156.0347 2008 7 1 -0.2333 156.45 41 39.5
108580 P66950 2008 6 27 0.0134 156.0347 2008 7 10 -2.809 171.523 54 45
108584 P66953 2008 6 27 0.0134 156.0347 2008 7 1 -0.2333 156.45 59 58
108627 P66985 2008 6 27 0.0134 156.0347 2008 7 29 -1.9667 159.15 56 NA
108668 Z46104 2008 6 27 0.0134 156.0347 2008 7 2 -0.251 156.609 34 35
108081 P67538 2008 6 27 0.4755 155.4296 2008 7 2 0.7487 167.6347 60 62
108134 P68215 2008 6 27 0.5466 155.4116 2008 7 29 -1.9667 159.15 51 NA
108159 P68138 2008 6 27 0.5466 155.4116 2008 7 17 -1.0667 163.55 50 50
108200 P68168 2008 6 27 0.5466 155.4116 2008 7 28 1.747 151.857 51 49
108293 P67721 2008 6 27 0.5466 155.4116 2008 7 2 -1.5098 155.9325 53 52
108469 P66895 2008 6 27 0.5466 155.4116 2008 7 22 4.9167 171.5407 54 52
108520 P68045 2008 6 27 0.5466 155.4116 2008 7 28 0.8333 155.9433 47 48
108553 P68303 2008 6 27 0.5466 155.4116 2008 7 22 4.9167 171.5407 52 51
108596 P68314 2008 6 27 0.5466 155.4116 2008 7 4 -1.3973 155.9863 52 50
108647 P68331 2008 6 27 0.5466 155.4116 2008 7 8 -1.55 162.8833 52 52
108705 P68370 2008 6 27 0.5466 155.4116 2008 7 29 -1.9667 159.15 52 NA
108727 P68392 2008 6 27 0.5466 155.4116 2008 7 28 1.747 151.857 49 55
108771 P68230 2008 6 27 0.7117 155.2007 2008 7 1 -0.2333 156.45 59 58.7
108803 P68262 2008 6 27 0.7117 155.2007 2008 7 29 -1.9667 159.15 55 NA
108822 P68281 2008 6 27 0.7117 155.2007 2008 7 1 -0.2333 156.45 59 57.3
108841 P68300 2008 6 27 0.7117 155.2007 2008 7 1 -0.2333 156.45 62 62.9
108846 P68605 2008 6 27 0.7117 155.2007 2008 7 9 0.8667 150.0667 58 NA
108852 P68506 2008 6 27 0.7117 155.2007 2008 7 19 -4.2167 152.1833 57 59
108857 P68511 2008 6 27 0.7117 155.2007 2008 7 1 -0.2333 156.45 59 59.5
108924 P68077 2008 6 27 0.7117 155.2007 2008 7 1 -0.2333 156.45 59 59.7
108958 P68465 2008 6 27 0.7117 155.2007 2008 7 6 1.0667 156.8333 58 56
108965 P68472 2008 6 27 0.7117 155.2007 2008 7 8 -0.517 159.7 59 52
108967 P68474 2008 6 27 0.7117 155.2007 2008 7 1 -0.2333 156.45 61 60
108990 P68814 2008 6 28 2.0401 156.0353 2008 7 1 -0.2333 156.45 58 58.8
108991 P68815 2008 6 28 2.0401 156.0353 2008 7 1 -0.2333 156.45 59 59.9
108993 P68817 2008 6 28 2.0401 156.0353 2008 7 1 -0.2333 156.45 59 58.6
108994 P68818 2008 6 28 2.0401 156.0353 2008 7 1 -0.2333 156.45 58 58.4
108998 P68822 2008 6 28 2.0401 156.0353 2008 7 1 -0.2333 156.45 55 55.6
108999 P68823 2008 6 28 2.0401 156.0353 2008 7 1 -0.2333 156.45 61 62
109002 P68826 2008 6 28 2.0401 156.0353 2008 7 1 -0.2333 156.45 57 56.7
109003 P68827 2008 6 28 2.0401 156.0353 2008 7 1 -0.2333 156.45 60 60
109005 P68829 2008 6 28 2.0401 156.0353 2008 7 1 -0.2333 156.45 61 61.2
109006 P68830 2008 6 28 2.0401 156.0353 2008 7 1 -0.2333 156.45 59 58.9
109008 P68832 2008 6 28 2.0401 156.0353 2008 7 1 -0.2333 156.45 57 57.2
109010 P68834 2008 6 28 2.0401 156.0353 2008 7 1 -0.2333 156.45 60 62.4
109012 P68836 2008 6 28 2.0401 156.0353 2008 7 1 -0.2333 156.45 58 58
109015 P68515 2008 6 28 2.0401 156.0353 2008 7 1 -0.2333 156.45 38 38
109016 P68516 2008 6 28 2.0401 156.0353 2008 7 1 -0.2333 156.45 38 38.4
109017 P68517 2008 6 28 2.0401 156.0353 2008 7 1 -0.2333 156.45 39 36.9
109018 P68518 2008 6 28 2.0401 156.0353 2008 7 1 -0.2333 156.45 39 NA
109019 P68519 2008 6 28 2.0401 156.0353 2008 7 1 -0.2333 156.45 39 38.4
109021 P68521 2008 6 28 2.0401 156.0353 2008 7 1 -0.2333 156.45 39 39.4
109025 P68525 2008 6 28 2.0401 156.0353 2008 7 1 -0.2333 156.45 59 59
109026 P68526 2008 6 28 2.0401 156.0353 2008 7 1 -0.2333 156.45 60 60.6
109027 P68527 2008 6 28 2.0401 156.0353 2008 7 1 -0.2333 156.45 55 54.5
109032 P68532 2008 6 28 2.0401 156.0353 2008 7 1 -0.2333 156.45 44 42.4
109037 P68537 2008 6 28 2.0401 156.0353 2008 7 1 -0.2333 156.45 39 39.5
109041 P68541 2008 6 28 2.0401 156.0353 2008 7 1 -0.2333 156.45 45 45.6
109042 P68542 2008 6 28 2.0401 156.0353 2008 7 1 -0.2333 156.45 44 43.3
109043 P68543 2008 6 28 2.0401 156.0353 2008 7 1 -0.2333 156.45 56 56.4
109044 P68544 2008 6 28 2.0401 156.0353 2008 7 1 -0.2333 156.45 46 45.8
109045 P68545 2008 6 28 2.0401 156.0353 2008 7 1 -0.2333 156.45 39 40.2
109048 P68548 2008 6 28 2.0401 156.0353 2008 7 1 -0.2333 156.45 58 58.2
109049 P68549 2008 6 28 2.0401 156.0353 2008 7 1 -0.2333 156.45 58 58.2
109053 P68553 2008 6 28 2.0401 156.0353 2008 7 1 -0.2333 156.45 57 56.6
109056 P68556 2008 6 28 2.0401 156.0353 2008 7 1 -0.2333 156.45 59 58.4
109058 P68558 2008 6 28 2.0401 156.0353 2008 7 1 -0.2333 156.45 63 61.9
109061 P68561 2008 6 28 2.0401 156.0353 2008 7 1 -0.2333 156.45 57 54.2
109062 P68562 2008 6 28 2.0401 156.0353 2008 7 1 -0.2333 156.45 61 60
109063 P68563 2008 6 28 2.0401 156.0353 2008 7 1 -0.2333 156.45 65 64.7
109064 P68564 2008 6 28 2.0401 156.0353 2008 7 1 -0.2333 156.45 63 63.1
109067 P68567 2008 6 28 2.0401 156.0353 2008 7 1 -0.2333 156.45 40 40.4
109068 P68568 2008 6 28 2.0401 156.0353 2008 7 1 -0.2333 156.45 39 39.7
109071 P68571 2008 6 28 2.0401 156.0353 2008 7 1 -0.2333 156.45 45 45
109072 P68572 2008 6 28 2.0401 156.0353 2008 7 1 -0.2333 156.45 39 38.1
109073 P68573 2008 6 28 2.0401 156.0353 2008 7 1 -0.2333 156.45 47 47
109075 P68575 2008 6 28 2.0401 156.0353 2008 7 1 -0.2333 156.45 44 42.5
109078 P68578 2008 6 28 2.0401 156.0353 2008 7 1 -0.2333 156.45 38 37.3
109084 P68584 2008 6 28 2.0401 156.0353 2008 7 1 -0.2333 156.45 62 61.5
109085 P68585 2008 6 28 2.0401 156.0353 2008 7 1 -0.2333 156.45 62 62
109094 Z46126 2008 6 28 2.0401 156.0353 2008 7 2 -0.251 156.609 37 35.8
109111 Z46143 2008 6 28 2.0401 156.0353 2008 7 2 -0.251 156.609 37 37.6
109115 Z46147 2008 6 28 2.0401 156.0353 2008 7 5 -0.2333 156.45 35 NA
109121 Z46153 2008 6 28 2.0401 156.0353 2008 7 2 -0.251 156.609 37 36.8
109123 Z46155 2008 6 28 2.0401 156.0353 2008 7 2 -0.251 156.609 37 35.7
109124 Z46156 2008 6 28 2.0401 156.0353 2008 7 2 -0.251 156.609 36 35
109127 Z46159 2008 6 28 2.0401 156.0353 2008 7 2 -0.251 156.609 36 35.8
109145 Z46616 2008 6 28 2.0401 156.0353 2008 7 2 -0.251 156.609 36 35.4
109154 Z46625 2008 6 28 2.0401 156.0353 2008 7 2 -0.251 156.609 37 37.2
109161 Z46632 2008 6 28 2.0401 156.0353 2008 7 2 -0.251 156.609 37 38.5
109183 Z46080 2008 6 28 2.0401 156.0353 2008 7 2 -0.251 156.609 37 36.5
109191 Z46088 2008 6 28 2.0401 156.0353 2008 7 2 -0.251 156.609 35 34.4
109192 Z46089 2008 6 28 2.0401 156.0353 2008 7 2 -0.251 156.609 35 36.1
109195 Z46092 2008 6 28 2.0401 156.0353 2008 7 2 -0.251 156.609 37 37.3
109198 Z46095 2008 6 28 2.0401 156.0353 2008 7 2 -0.251 156.609 36 36.6
109199 Z46096 2008 6 28 2.0401 156.0353 2008 7 2 -0.251 156.609 38 39
109211 P68613 2008 6 28 2.0401 156.0353 2008 7 1 -0.2333 156.45 40 40
109212 P68614 2008 6 28 2.0401 156.0353 2008 7 1 -0.2333 156.45 39 38.2
109216 P68618 2008 6 28 2.0401 156.0353 2008 7 1 -0.2333 156.45 40 37.2
109217 P68619 2008 6 28 2.0401 156.0353 2008 7 1 -0.2333 156.45 39 39.6
109219 P68621 2008 6 28 2.0401 156.0353 2008 7 1 -0.2333 156.45 41 41.1
109222 P68624 2008 6 28 2.0401 156.0353 2008 7 1 -0.2333 156.45 39 39.6
109223 P68625 2008 6 28 2.0401 156.0353 2008 7 1 -0.2333 156.45 47 47.7
109229 P68631 2008 6 28 2.0401 156.0353 2008 7 1 -0.2333 156.45 38 37.2
109230 P68632 2008 6 28 2.0401 156.0353 2008 7 1 -0.2333 156.45 40 39.2
109232 P68634 2008 6 28 2.0401 156.0353 2008 7 1 -0.2333 156.45 59 59.4
109233 P68635 2008 6 28 2.0401 156.0353 2008 7 1 -0.2333 156.45 57 58.6
109235 P68637 2008 6 28 2.0401 156.0353 2008 7 1 -0.2333 156.45 59 59.6
109237 P68639 2008 6 28 2.0401 156.0353 2008 7 1 -0.2333 156.45 60 60
109238 P68640 2008 6 28 2.0401 156.0353 2008 7 1 -0.2333 156.45 54 54.4
109242 P68644 2008 6 28 2.0401 156.0353 2008 7 1 -0.2333 156.45 43 43.3
109245 P68647 2008 6 28 2.0401 156.0353 2008 7 1 -0.2333 156.45 39 39.4
109246 P68648 2008 6 28 2.0401 156.0353 2008 7 1 -0.2333 156.45 42 43
109251 P68653 2008 6 28 2.0401 156.0353 2008 7 1 -0.2333 156.45 44 44.9
109253 P68655 2008 6 28 2.0401 156.0353 2008 7 1 -0.2333 156.45 41 40.8
109254 P68656 2008 6 28 2.0401 156.0353 2008 7 1 -0.2333 156.45 39 38.8
109262 P68664 2008 6 28 2.0401 156.0353 2008 7 1 -0.2333 156.45 44 44.2
109264 P68666 2008 6 28 2.0401 156.0353 2008 7 1 -0.2333 156.45 39 38.6
109267 P68669 2008 6 28 2.0401 156.0353 2008 7 1 -0.2333 156.45 41 41.3
109272 P68674 2008 6 28 2.0401 156.0353 2008 7 1 -0.2333 156.45 38 38.8
109273 P68675 2008 6 28 2.0401 156.0353 2008 7 1 -0.2333 156.45 47 45.4
109280 P68682 2008 6 28 2.0401 156.0353 2008 7 1 -0.2333 156.45 42 42.5
109282 P68684 2008 6 28 2.0401 156.0353 2008 7 1 -0.2333 156.45 44 44.2
109283 P68685 2008 6 28 2.0401 156.0353 2008 7 1 -0.2333 156.45 42 42.7
109284 P68686 2008 6 28 2.0401 156.0353 2008 7 1 -0.2333 156.45 44 44.6
109285 P68687 2008 6 28 2.0401 156.0353 2008 7 1 -0.2333 156.45 46 47.4
109288 P68690 2008 6 28 2.0401 156.0353 2008 7 1 -0.2333 156.45 46 45.1
109289 P68691 2008 6 28 2.0401 156.0353 2008 7 1 -0.2333 156.45 43 43.5
109292 P68694 2008 6 28 2.0401 156.0353 2008 7 1 -0.2333 156.45 55 55.6
109294 P68696 2008 6 28 2.0401 156.0353 2008 7 1 -0.2333 156.45 58 59
109295 P68697 2008 6 28 2.0401 156.0353 2008 7 1 -0.2333 156.45 41 38.6
109299 P67801 2008 6 28 2.0401 156.0353 2008 7 1 -0.2333 156.45 55 55.5
109300 P67802 2008 6 28 2.0401 156.0353 2008 7 1 -0.2333 156.45 62 62.3
109301 P67803 2008 6 28 2.0401 156.0353 2008 7 1 -0.2333 156.45 57 58.6
109304 P67806 2008 6 28 2.0401 156.0353 2008 7 1 -0.2333 156.45 59 59.2
109305 P67807 2008 6 28 2.0401 156.0353 2008 7 1 -0.2333 156.45 60 60.4
109306 P67808 2008 6 28 2.0401 156.0353 2008 7 1 -0.2333 156.45 61 59
109308 P67810 2008 6 28 2.0401 156.0353 2008 7 1 -0.2333 156.45 60 60.3
109312 P67814 2008 6 28 2.0401 156.0353 2008 7 1 -0.2333 156.45 64 64.2
109314 P67816 2008 6 28 2.0401 156.0353 2008 7 1 -0.2333 156.45 63 62
109320 P67822 2008 6 28 2.0401 156.0353 2008 7 1 -0.2333 156.45 61 62
109322 P67824 2008 6 28 2.0401 156.0353 2008 7 1 -0.2333 156.45 61 61.8
109323 P67825 2008 6 28 2.0401 156.0353 2008 7 1 -0.2333 156.45 60 59.4
109324 P67826 2008 6 28 2.0401 156.0353 2008 7 1 -0.2333 156.45 61 60.8
109325 P67827 2008 6 28 2.0401 156.0353 2008 7 1 -0.2333 156.45 62 62.4
109326 P67828 2008 6 28 2.0401 156.0353 2008 7 1 -0.2333 156.45 61 62.6
109327 P67829 2008 6 28 2.0401 156.0353 2008 7 1 -0.2333 156.45 61 60.6
109328 P67830 2008 6 28 2.0401 156.0353 2008 7 1 -0.2333 156.45 62 63
109332 P67834 2008 6 28 2.0401 156.0353 2008 7 1 -0.2333 156.45 62 62
109337 P67839 2008 6 28 2.0401 156.0353 2008 7 1 -0.2333 156.45 64 64
109339 P67841 2008 6 28 2.0401 156.0353 2008 7 1 -0.2333 156.45 59 60.3
109342 P67844 2008 6 28 2.0401 156.0353 2008 7 1 -0.2333 156.45 61 61.4
109343 P67845 2008 6 28 2.0401 156.0353 2008 7 1 -0.2333 156.45 63 65.4
109344 P67846 2008 6 28 2.0401 156.0353 2008 7 1 -0.2333 156.45 58 58.3
109345 P67847 2008 6 28 2.0401 156.0353 2008 7 1 -0.2333 156.45 60 60
109346 P67848 2008 6 28 2.0401 156.0353 2008 7 1 -0.2333 156.45 58 63.6
109347 P67849 2008 6 28 2.0401 156.0353 2008 7 1 -0.2333 156.45 41 39.6
109348 P67850 2008 6 28 2.0401 156.0353 2008 7 1 -0.2333 156.45 42 42
109349 P67851 2008 6 28 2.0401 156.0353 2008 7 1 -0.2333 156.45 50 51
109351 P67853 2008 6 28 2.0401 156.0353 2008 7 1 -0.2333 156.45 43 40.8
109352 P67854 2008 6 28 2.0401 156.0353 2008 7 1 -0.2333 156.45 46 46.4
109353 P67855 2008 6 28 2.0401 156.0353 2008 7 1 -0.2333 156.45 43 42.2
109354 P67856 2008 6 28 2.0401 156.0353 2008 7 1 -0.2333 156.45 41 41.1
109355 P67857 2008 6 28 2.0401 156.0353 2008 7 1 -0.2333 156.45 41 41.4
109356 P67858 2008 6 28 2.0401 156.0353 2008 7 1 -0.2333 156.45 40 40.7
109359 P67861 2008 6 28 2.0401 156.0353 2008 7 1 -0.2333 156.45 41 40
109361 P67863 2008 6 28 2.0401 156.0353 2008 7 1 -0.2333 156.45 39 38
109363 P67865 2008 6 28 2.0401 156.0353 2008 7 1 -0.2333 156.45 45 45.8
109364 P67866 2008 6 28 2.0401 156.0353 2008 7 1 -0.2333 156.45 39 37.9
109365 P67867 2008 6 28 2.0401 156.0353 2008 7 1 -0.2333 156.45 38 37.7
109369 P67871 2008 6 28 2.0401 156.0353 2008 7 1 -0.2333 156.45 40 39.3
109370 P67872 2008 6 28 2.0401 156.0353 2008 7 1 -0.2333 156.45 38 38.4
109371 P67873 2008 6 28 2.0401 156.0353 2008 7 1 -0.2333 156.45 39 39.7
109372 P67874 2008 6 28 2.0401 156.0353 2008 7 1 -0.2333 156.45 43 43
109373 P67875 2008 6 28 2.0401 156.0353 2008 7 1 -0.2333 156.45 56 54
109377 P67879 2008 6 28 2.0401 156.0353 2008 7 1 -0.2333 156.45 44 44.2
109380 P67882 2008 6 28 2.0401 156.0353 2008 7 1 -0.2333 156.45 41 40.6
109382 P67884 2008 6 28 2.0401 156.0353 2008 7 1 -0.2333 156.45 46 46.2
109383 P67885 2008 6 28 2.0401 156.0353 2008 7 1 -0.2333 156.45 43 43.2
109384 P67886 2008 6 28 2.0401 156.0353 2008 7 1 -0.2333 156.45 59 60.6
109388 P67890 2008 6 28 2.0401 156.0353 2008 7 1 -0.2333 156.45 47 47.2
109389 P67891 2008 6 28 2.0401 156.0353 2008 7 1 -0.2333 156.45 40 40.5
109390 P67892 2008 6 28 2.0401 156.0353 2008 7 1 -0.2333 156.45 38 37.7
109391 P67893 2008 6 28 2.0401 156.0353 2008 7 1 -0.2333 156.45 57 58
109392 P67894 2008 6 28 2.0401 156.0353 2008 7 1 -0.2333 156.45 60 60.4
109396 P67898 2008 6 28 2.0401 156.0353 2008 7 1 -0.2333 156.45 58 57.8
109398 P67900 2008 6 28 2.0401 156.0353 2008 7 1 -0.2333 156.45 58 58.6
109437 P68701 2008 6 28 2.0401 156.0353 2008 7 1 -0.2333 156.45 40 40.7
109444 P68708 2008 6 28 2.0401 156.0353 2008 7 1 -0.2333 156.45 38 37.7
109446 P68710 2008 6 28 2.0401 156.0353 2008 7 1 -0.2333 156.45 60 60.8
109458 P68722 2008 6 28 2.0401 156.0353 2008 7 1 -0.2333 156.45 43 43.8
109459 P68723 2008 6 28 2.0401 156.0353 2008 7 1 -0.2333 156.45 42 42
109460 P68724 2008 6 28 2.0401 156.0353 2008 7 1 -0.2333 156.45 55 56
109462 P68726 2008 6 28 2.0401 156.0353 2008 7 1 -0.2333 156.45 41 42.2
109464 P68728 2008 6 28 2.0401 156.0353 2008 7 1 -0.2333 156.45 43 43.2
109467 P68731 2008 6 28 2.0401 156.0353 2008 7 1 -0.2333 156.45 60 60.7
109469 P68733 2008 6 28 2.0401 156.0353 2008 7 1 -0.2333 156.45 58 58.4
109475 P68739 2008 6 28 2.0401 156.0353 2008 7 1 -0.2333 156.45 59 59.3
109476 P68740 2008 6 28 2.0401 156.0353 2008 7 1 -0.2333 156.45 60 59
109477 P68741 2008 6 28 2.0401 156.0353 2008 7 1 -0.2333 156.45 45 45
109481 P68744 2008 6 28 2.0401 156.0353 2008 7 1 -0.2333 156.45 40 40.6
109484 P67670 2008 6 28 2.0401 156.0353 2008 7 1 -0.2333 156.45 39 39
109486 P67671 2008 6 28 2.0401 156.0353 2008 7 1 -0.2333 156.45 38 38
109487 P67672 2008 6 28 2.0401 156.0353 2008 7 1 -0.2333 156.45 39 39.5
109489 P67674 2008 6 28 2.0401 156.0353 2008 7 1 -0.2333 156.45 53 53
109491 P67675 2008 6 28 2.0401 156.0353 2008 7 1 -0.2333 156.45 41 41
109494 P68747 2008 6 28 2.0401 156.0353 2008 7 1 -0.2333 156.45 38 37.6
109496 P67679 2008 6 28 2.0401 156.0353 2008 7 1 -0.2333 156.45 40 38.6
109498 P68748 2008 6 28 2.0401 156.0353 2008 7 1 -0.2333 156.45 38 37.6
109499 P67681 2008 6 28 2.0401 156.0353 2008 7 1 -0.2333 156.45 38 38.3
109503 P67684 2008 6 28 2.0401 156.0353 2008 7 1 -0.2333 156.45 58 58.2
109504 P68750 2008 6 28 2.0401 156.0353 2008 7 1 -0.2333 156.45 41 42.2
109506 P67686 2008 6 28 2.0401 156.0353 2008 7 1 -0.2333 156.45 59 58
109507 P67687 2008 6 28 2.0401 156.0353 2008 7 1 -0.2333 156.45 60 57.4
109508 P68751 2008 6 28 2.0401 156.0353 2008 7 1 -0.2333 156.45 57 56.4
109509 P67688 2008 6 28 2.0401 156.0353 2008 7 1 -0.2333 156.45 58 58.9
109517 P67692 2008 6 28 2.0401 156.0353 2008 7 1 -0.2333 156.45 44 43.6
109521 P67696 2008 6 28 2.0401 156.0353 2008 7 1 -0.2333 156.45 44 44
109523 P67697 2008 6 28 2.0401 156.0353 2008 7 1 -0.2333 156.45 43 44
109526 P67699 2008 6 28 2.0401 156.0353 2008 7 1 -0.2333 156.45 39 39.5
109527 P67700 2008 6 28 2.0401 156.0353 2008 7 1 -0.2333 156.45 46 43.8
109534 P67903 2008 6 28 2.0401 156.0353 2008 7 1 -0.2333 156.45 44 44.4
109540 P67907 2008 6 28 2.0401 156.0353 2008 7 1 -0.2333 156.45 45 45.2
109545 P67911 2008 6 28 2.0401 156.0353 2008 7 1 -0.2333 156.45 39 39.2
109546 Z46207 2008 6 28 2.0401 156.0353 2008 7 2 -0.251 156.609 37 37.5
109548 P67913 2008 6 28 2.0401 156.0353 2008 7 1 -0.2333 156.45 39 38.2
109553 P67916 2008 6 28 2.0401 156.0353 2008 7 1 -0.2333 156.45 39 38.1
109554 P67917 2008 6 28 2.0401 156.0353 2008 7 1 -0.2333 156.45 40 40.4
109555 P67918 2008 6 28 2.0401 156.0353 2008 7 1 -0.2333 156.45 42 41.7
109563 P67924 2008 6 28 2.0401 156.0353 2008 7 1 -0.2333 156.45 43 43.1
109564 P67925 2008 6 28 2.0401 156.0353 2008 7 1 -0.2333 156.45 60 60
109569 P67929 2008 6 28 2.0401 156.0353 2008 7 1 -0.2333 156.45 58 57.4
109571 P67931 2008 6 28 2.0401 156.0353 2008 7 1 -0.2333 156.45 59 57.7
109574 P67933 2008 6 28 2.0401 156.0353 2008 7 1 -0.2333 156.45 61 60.8
109575 P67934 2008 6 28 2.0401 156.0353 2008 7 1 -0.2333 156.45 58 56.8
109581 P67937 2008 6 28 2.0401 156.0353 2008 7 1 -0.2333 156.45 60 58.8
109582 P67938 2008 6 28 2.0401 156.0353 2008 7 1 -0.2333 156.45 61 61.5
109585 P67941 2008 6 28 2.0401 156.0353 2008 7 1 -0.2333 156.45 60 60
109588 P67943 2008 6 28 2.0401 156.0353 2008 7 1 -0.2333 156.45 60 59.7
109589 P67944 2008 6 28 2.0401 156.0353 2008 7 1 -0.2333 156.45 64 63.9
109590 P67945 2008 6 28 2.0401 156.0353 2008 7 1 -0.2333 156.45 60 58.9
109591 P67946 2008 6 28 2.0401 156.0353 2008 7 1 -0.2333 156.45 60 58.8
109592 P67947 2008 6 28 2.0401 156.0353 2008 7 1 -0.2333 156.45 60 58.9
109598 P67951 2008 6 28 2.0401 156.0353 2008 7 1 -0.2333 156.45 63 63
109602 P67954 2008 6 28 2.0401 156.0353 2008 7 1 -0.2333 156.45 59 59.6
109606 P67958 2008 6 28 2.0401 156.0353 2008 7 1 -0.2333 156.45 60 60.7
109609 P67960 2008 6 28 2.0401 156.0353 2008 7 1 -0.2333 156.45 65 63.8
109614 P67965 2008 6 28 2.0401 156.0353 2008 7 1 -0.2333 156.45 38 39.9
109618 P67968 2008 6 28 2.0401 156.0353 2008 7 1 -0.2333 156.45 43 42.4
109619 P67969 2008 6 28 2.0401 156.0353 2008 7 1 -0.2333 156.45 40 40.8
109620 P67970 2008 6 28 2.0401 156.0353 2008 7 1 -0.2333 156.45 40 40.3
109623 Z46223 2008 6 28 2.0401 156.0353 2008 7 2 -0.251 156.609 35 34.4
109624 P67973 2008 6 28 2.0401 156.0353 2008 7 1 -0.2333 156.45 44 43.2
109625 P67974 2008 6 28 2.0401 156.0353 2008 7 1 -0.2333 156.45 51 50.4
109627 P67975 2008 6 28 2.0401 156.0353 2008 7 1 -0.2333 156.45 40 39.8
109628 P67976 2008 6 28 2.0401 156.0353 2008 7 1 -0.2333 156.45 40 40
109629 P67977 2008 6 28 2.0401 156.0353 2008 7 1 -0.2333 156.45 41 41.5
109634 P67981 2008 6 28 2.0401 156.0353 2008 7 1 -0.2333 156.45 40 40.6
109636 P67983 2008 6 28 2.0401 156.0353 2008 7 1 -0.2333 156.45 40 39.6
109638 P67984 2008 6 28 2.0401 156.0353 2008 7 1 -0.2333 156.45 39 40.3
109639 Z46227 2008 6 28 2.0401 156.0353 2008 7 2 -0.251 156.609 36 36.5
109640 P67985 2008 6 28 2.0401 156.0353 2008 7 1 -0.2333 156.45 42 42.7
109641 P67986 2008 6 28 2.0401 156.0353 2008 7 1 -0.2333 156.45 51 51.8
109642 Z46228 2008 6 28 2.0401 156.0353 2008 7 2 -0.251 156.609 36 36.4
109644 P67988 2008 6 28 2.0401 156.0353 2008 7 1 -0.2333 156.45 60 62
109647 P67991 2008 6 28 2.0401 156.0353 2008 7 1 -0.2333 156.45 40 40.3
109649 P67993 2008 6 28 2.0401 156.0353 2008 7 1 -0.2333 156.45 39 37.6
109672 Z46008 2008 6 28 2.0401 156.0353 2008 7 2 -0.251 156.609 35 35
109676 Z46012 2008 6 28 2.0401 156.0353 2008 7 2 -0.251 156.609 37 37.4
109681 Z46017 2008 6 28 2.0401 156.0353 2008 7 2 -0.251 156.609 36 35.5
109685 Z46021 2008 6 28 2.0401 156.0353 2008 7 2 -0.251 156.609 36 35.2
109694 Z46030 2008 6 28 2.0401 156.0353 2008 7 2 -0.251 156.609 37 38.8
109695 Z46031 2008 6 28 2.0401 156.0353 2008 7 2 -0.251 156.609 36 37.3
109705 Z46041 2008 6 28 2.0401 156.0353 2008 7 2 -0.251 156.609 37 35.9
109712 Z46048 2008 6 28 2.0401 156.0353 2008 7 2 -0.251 156.609 36 35.3
109713 Z46049 2008 6 28 2.0401 156.0353 2008 7 1 -0.2333 156.45 36 36.7
109721 Z46501 2008 6 28 2.0401 156.0353 2008 7 2 -0.251 156.609 37 36.8
109722 Z46502 2008 6 28 2.0401 156.0353 2008 7 1 -0.2333 156.45 37 37.8
109727 Z46507 2008 6 28 2.0401 156.0353 2008 7 2 -0.251 156.609 37 37
109728 Z46508 2008 6 28 2.0401 156.0353 2008 7 2 -0.251 156.609 37 35.5
109733 P68901 2008 6 28 2.0401 156.0353 2008 7 1 -0.2333 156.45 60 58.7
109737 P68905 2008 6 28 2.0401 156.0353 2008 7 1 -0.2333 156.45 57 56.5
109738 P68906 2008 6 28 2.0401 156.0353 2008 7 1 -0.2333 156.45 59 59
109744 P68912 2008 6 28 2.0401 156.0353 2008 7 1 -0.2333 156.45 60 60.6
109746 P68914 2008 6 28 2.0401 156.0353 2008 7 1 -0.2333 156.45 60 60.4
109752 P68920 2008 6 28 2.0401 156.0353 2008 7 1 -0.2333 156.45 56 56.2
109754 P68922 2008 6 28 2.0401 156.0353 2008 7 1 -0.2333 156.45 57 57.7
109756 P68924 2008 6 28 2.0401 156.0353 2008 7 1 -0.2333 156.45 56 56.3
109759 P68927 2008 6 28 2.0401 156.0353 2008 7 1 -0.2333 156.45 62 62
109761 P68929 2008 6 28 2.0401 156.0353 2008 7 1 -0.2333 156.45 58 57.9
109762 P68930 2008 6 28 2.0401 156.0353 2008 7 1 -0.2333 156.45 61 59.6
109765 P68933 2008 6 28 2.0401 156.0353 2008 7 1 -0.2333 156.45 61 60.4
109768 P68936 2008 6 28 2.0401 156.0353 2008 7 1 -0.2333 156.45 60 61.6
109770 P68938 2008 6 28 2.0401 156.0353 2008 7 31 -2.95 218.45 61 NA
109413 P68852 2008 6 28 2.4325 156.038 2008 7 22 0.361 159.235 60 55
109779 P68947 2008 6 28 2.4325 156.038 2008 7 27 -1.876 146.0026 61 61
110974 P69189 2008 7 8 5.0609 153.4989 2008 7 29 -1.9667 159.15 51 NA
111282 P69595 2008 7 9 5.4433 153.2967 2008 7 25 2.0659 147.1266 53 51
112227 P69830 2008 7 12 4.0945 155.2857 2008 7 22 -3.6893 155.496 41 45
113757 P70165 2008 7 21 2.5138 156.1913 2008 7 22 -3.6893 155.496 47 45
114353 P72024 2008 7 22 2.0462 156.0406 2008 7 31 -4.1167 161.766 44 40
114626 P71759 2008 7 22 2.4122 156.1661 2008 7 29 -1.9667 159.15 58 NA
H7838 1748 2008 6 7 34.0667 146.2333 2008 7 5 35.6667 146 48 46
H7863 1749 2008 6 8 34.35 146.6333 2008 7 9 35.5 145.25 47 53
H7822 1750 2008 6 7 34.0667 146.2333 2008 7 9 35 145.25 50 48
H7815 1751 2008 6 7 34.0667 146.2333 2008 7 24 36.8333 143.8333 52 54
J9375 1752 2008 6 16 35.6 145.9833 2008 7 5 37.5 146 47 48
H7919 1753 2008 6 8 34.5333 146.8833 2008 7 11 36 145.7833 50 48
H7833 1754 2008 6 7 34.0667 146.2333 2008 7 14 37.5 148.5 47 48
H7741 1755 2008 5 10 31.65 138.5167 2008 7 31 34.2333 144.0167 46 47.5
H7913 1756 2008 6 8 34.5333 146.8833 2008 7 26 39.2333 146.8833 45 49
J9372 1757 2008 6 16 35.6 145.9833 2008 7 18 36.1667 144.5 48 50
