537
id tag_no yr mo day lat lon yr_rec mo_rec day_rec lat_rec lon_rec len_rel len_rec
1564 P01465 2006 8 21 -2.8114 150.6755 2007 5 1 1.045 144.7285 55 60
4559 P04031 2006 9 3 -4.9441 148.7067 2007 5 2 -1.8667 151.4333 41 NA
4949 P04387 2006 9 5 -3.7283 148.9027 2007 5 10 2.733 147.6268 38 NA
5183 P05010 2006 9 5 -3.6706 149.48 2007 5 2 2.1719 143.1959 51 57.5
5695 Z15167 2006 9 11 -2.3434 148.7872 2007 5 29 -5.2333 149.1833 35 45
6753 P06003 2006 9 16 -1.157 143.8717 2007 5 14 -2.7167 160 51 NA
10623 P08418 2006 9 26 -3.8517 145.6333 2007 5 7 -1.1651 148.9859 50 65
10069 P08216 2006 9 26 -3.8356 145.694 2007 5 26 -3.6583 146.5452 48 46
10071 P08218 2006 9 26 -3.8356 145.694 2007 5 17 5.35 146.8333 52 63
10856 P08129 2006 9 26 -3.8356 145.694 2007 5 23 5.8667 150.7167 48 59.8
10859 P08723 2006 9 26 -3.8356 145.694 2007 5 10 2.8998 147.5737 53 62.1
12624 P10816 2006 10 13 -4.4196 150.9209 2007 5 21 -0.6125 156.2515 46 60
12720 P10312 2006 10 13 -4.4196 150.9209 2007 5 5 -2.4189 157.8478 50 65
12740 P10332 2006 10 13 -4.4196 150.9209 2007 5 25 -3.645 149.574 45 48
12946 P10976 2006 10 13 -4.4196 150.9209 2007 5 3 1.3499 145.3688 46 59.6
12963 P10993 2006 10 13 -4.4196 150.9209 2007 5 12 -0.2511 154.7886 44 NA
13070 P10515 2006 10 13 -4.4196 150.9209 2007 5 26 -3.778 149.4958 44 80
13097 P10542 2006 10 13 -4.4196 150.9209 2007 5 29 -3.9833 146.8833 44 47
13333 P11155 2006 10 14 -4.9582 148.7382 2007 5 22 -0.6547 156.4658 40 56
15047 P12715 2006 10 19 -3.8432 145.639 2007 5 4 -2.2222 144.5573 53 52
16011 P13495 2006 10 20 -3.7589 145.3288 2007 5 13 -3.5517 145.9033 45 89
19100 P15275 2006 10 25 -3.0532 143.7164 2007 5 12 2.198 146.4683 52 51
20622 P17036 2006 10 30 -1.1755 146.5172 2007 5 8 3.7975 170.5274 45 51
20736 P16963 2006 10 31 -2.4383 148.7818 2007 5 13 -1.25 153.4667 54 60
22832 P18336 2007 2 20 -5.7776 155.8412 2007 5 25 -7.4909 158.8977 42 NA
22964 P18831 2007 2 20 -5.7776 155.8412 2007 5 2 -1.7765 154.3738 41 38
23025 P18873 2007 2 20 -5.7776 155.8412 2007 5 8 -1.6309 154.024 42 44
23323 P18762 2007 2 20 -5.7776 155.8412 2007 5 13 -7.1705 158.0616 42 48
23371 P19010 2007 2 20 -5.7776 155.8412 2007 5 29 -9.0794 157.6974 42 49
23799 P19330 2007 2 21 -5.737 155.6952 2007 5 24 0.4346 154.558 47 52.4
24420 P19709 2007 2 23 -6.5117 154.52 2007 5 12 -7.1698 158.0615 40 NA
24139 P18698 2007 2 23 -6.7017 154.4708 2007 5 25 -7.4909 158.8977 41 45
24810 P19442 2007 2 25 -6.715 150.1262 2007 5 27 1.5086 151.1655 48 54.2
25118 P20677 2007 2 25 -6.4765 150.4049 2007 5 11 -4.8069 154.7343 52 NA
25270 P20571 2007 2 26 -6.489 150.4272 2007 5 23 -3.0059 155.066 50 47
25364 P21165 2007 2 26 -6.489 150.4272 2007 5 15 -6.25 154.9167 47 42
25434 P20126 2007 2 26 -6.489 150.4272 2007 5 27 -4.1177 155.4778 51 58
25624 P20732 2007 2 26 -6.489 150.4272 2007 5 25 -7.3707 149.1177 47 50
25709 P21062 2007 2 26 -6.489 150.4272 2007 5 20 -1.6546 151.7746 50 55.8
25717 P21065 2007 2 26 -6.489 150.4272 2007 5 15 0.8199 148.8998 53 56
25718 P20770 2007 2 26 -6.489 150.4272 2007 5 18 -6.7392 149.9555 47 41.5
25739 P20779 2007 2 26 -6.489 150.4272 2007 5 22 -7.4238 149.2898 48 51
25758 P20784 2007 2 26 -6.489 150.4272 2007 5 13 0.0419 157.9475 52 53
25999 P20407 2007 2 26 -6.489 150.4272 2007 5 14 -0.6232 155.6016 46 54
26634 P21645 2007 2 27 -6.451 150.417 2007 5 19 -9.1894 158.7413 55 55
26827 P22354 2007 2 28 -6.3912 150.398 2007 5 7 0.551 145.472 52 36
27060 P21311 2007 2 28 -6.3912 150.398 2007 5 25 0.6736 151.7552 52 53
27152 P21291 2007 2 28 -6.3912 150.398 2007 5 13 -1.25 153.4667 51 53
27216 P21820 2007 2 28 -6.3912 150.398 2007 5 7 -3.1501 158.3419 45 49
27608 P22638 2007 2 28 -6.3912 150.398 2007 5 18 -2.6316 154.7763 50 51
28028 P22674 2007 2 28 -6.485 150.4759 2007 5 25 -7.4909 158.8977 55 55
28616 P24506 2007 2 28 -6.485 150.4759 2007 5 28 -2.0043 141.9013 48 40
28333 P22993 2007 2 28 -6.3715 150.4878 2007 5 22 -0.7257 149.5756 52 NA
28458 P24977 2007 2 28 -6.3715 150.4878 2007 5 27 -4.1167 155.4588 53 45
28460 P24978 2007 2 28 -6.3715 150.4878 2007 5 7 -1.8391 151.8583 55 59.7
28477 P24985 2007 2 28 -6.3715 150.4878 2007 5 25 0.024 148.4126 53 60
28539 P24624 2007 2 28 -6.3715 150.4878 2007 5 25 -7.3707 149.1177 50 55.5
29037 P24471 2007 3 1 -6.46 150.3667 2007 5 29 -3.503 148.3055 45 48
29072 P24487 2007 3 1 -6.46 150.3667 2007 5 5 -0.9724 150.2903 47 43
29269 P22900 2007 3 1 -6.4567 150.3423 2007 5 13 -1.25 153.4667 53 55.6
29387 P24273 2007 3 2 -6.3767 150.3915 2007 5 29 -9.7224 158.8931 48 51
29389 P24274 2007 3 2 -6.3767 150.3915 2007 5 15 3.0036 151.4856 48 51
29505 P23893 2007 3 2 -6.3767 150.3915 2007 5 7 -0.9677 148.2238 52 57
29743 P24380 2007 3 2 -6.3767 150.3915 2007 5 22 6.9913 158.16 51 50
29759 P24396 2007 3 2 -6.3767 150.3915 2007 5 13 -1.25 153.4667 49 53
29829 P31454 2007 3 2 -6.3767 150.3915 2007 5 3 -2.0833 141.9167 49 40
30277 P23609 2007 3 2 -6.3767 150.3915 2007 5 22 -7.4478 149.2653 44 49
30370 P23638 2007 3 2 -6.3767 150.3915 2007 5 19 -6.7772 150.1505 40 50
30520 P31242 2007 3 2 -6.3767 150.3915 2007 5 13 3.0054 151.4898 50 54.8
30748 P23208 2007 3 2 -6.3767 150.3915 2007 5 13 -0.1949 151.6857 49 55
30790 P23390 2007 3 2 -6.3767 150.3915 2007 5 28 3.6004 146.2386 50 51
31417 P33823 2007 3 6 -6.903 147.823 2007 5 24 0.4348 154.558 54 60.5
31477 P31193 2007 3 6 -6.903 147.823 2007 5 13 -3.5517 145.9033 54 62
31987 P33653 2007 3 8 -6.68 150.3612 2007 5 19 5.5333 156.2 53 55.6
31998 P33664 2007 3 8 -6.68 150.3612 2007 5 9 -1.3991 150.5129 55 33
32963 P26617 2007 3 9 -6.5286 150.2167 2007 5 14 0.8046 147.755 55 57
33228 P27744 2007 3 9 -6.5286 150.2167 2007 5 22 -0.6167 144.4 51 54.2
33246 P27755 2007 3 9 -6.5286 150.2167 2007 5 25 -7.3707 149.1177 51 56
33669 P26530 2007 3 11 -4.005 151.4623 2007 5 25 -3.645 149.574 45 48
33684 P25972 2007 3 11 -4.005 151.4623 2007 5 21 -2.64 145.2632 44 45
33730 P26563 2007 3 11 -4.312 151.0708 2007 5 5 -3.5435 145.916 46 46
33852 P26583 2007 3 12 -3.1302 150.6739 2007 5 23 5.8667 150.7167 48 NA
34084 P27641 2007 3 13 -1.6397 150.6832 2007 5 12 4.0333 149.4167 48 49
33940 P25677 2007 3 13 -1.538 150.5963 2007 5 6 -1.9667 145.2833 42 100
34093 P27025 2007 3 13 -1.5031 150.5924 2007 5 10 -1.3201 139.5024 44 49
34096 P27028 2007 3 13 -1.5031 150.5924 2007 5 3 1.2932 145.2622 44 47
34186 P26044 2007 3 13 -1.5031 150.5924 2007 5 28 -0.63 152.505 42 49.5
34450 P26782 2007 3 13 -1.5031 150.5924 2007 5 12 -0.8868 142.1946 47 48
34264 P26872 2007 3 13 -1.5567 150.7337 2007 5 3 2.6167 146.1333 44 46
34284 P27053 2007 3 13 -1.5567 150.7337 2007 5 13 3.0085 151.4907 45 48
34333 P27088 2007 3 13 -1.5567 150.7337 2007 5 7 -0.2761 142.6928 44 47.1
34499 P25797 2007 3 13 -1.5567 150.7337 2007 5 5 1.9333 146.4167 42 NA
34544 P27678 2007 3 13 -1.5567 150.7337 2007 5 11 4.0393 149.4173 45 48
34554 P25325 2007 3 13 -1.5567 150.7337 2007 5 27 1.4984 151.1663 45 50
34573 P25335 2007 3 13 -1.5567 150.7337 2007 5 20 -1.1295 157.188 45 42
34578 P25340 2007 3 13 -1.5567 150.7337 2007 5 20 -1.1186 157.1826 44 49
34581 P25343 2007 3 13 -1.5567 150.7337 2007 5 22 -0.6167 144.4 44 48.8
34690 P26893 2007 3 15 -1.4834 150.6484 2007 5 25 -3.7707 149.513 43 46
34726 P28414 2007 3 15 -1.4834 150.6484 2007 5 7 5.65 144.5167 45 48
34922 P28532 2007 3 16 -2.4136 148.8579 2007 5 27 1.5031 151.1649 45 50
34964 P26407 2007 3 17 -3.313 150.8965 2007 5 28 -0.7716 150.0147 47 49.5
35013 P28537 2007 3 17 -3.313 150.8965 2007 5 27 6.3788 154.7139 44 48
35021 P26452 2007 3 17 -3.313 150.8965 2007 5 7 -3.6 145.8333 46 50
35077 P28575 2007 3 17 -3.313 150.8965 2007 5 6 -2.8333 148.5333 42 44
35094 P26482 2007 3 17 -3.313 150.8965 2007 5 31 1.6003 147.7938 45 51
35096 P28586 2007 3 17 -3.313 150.8965 2007 5 31 -0.5407 147.0338 44 46
35294 P28110 2007 3 17 -3.313 150.8965 2007 5 18 -2.8692 148.4607 43 48
35300 P26391 2007 3 17 -3.313 150.8965 2007 5 14 -3.0058 145.386 45 47
35355 P27503 2007 3 17 -3.313 150.8965 2007 5 31 5.0252 171.6772 47 52.5
35367 P26287 2007 3 17 -3.313 150.8965 2007 5 6 7.4833 141.45 44 47.2
35440 P25123 2007 3 17 -3.313 150.8965 2007 5 29 1.6333 151.0833 58 62
35457 P25140 2007 3 17 -3.313 150.8965 2007 5 23 -2.9003 149.395 55 43
35459 P26896 2007 3 17 -3.313 150.8965 2007 5 29 -3.65 149.4 46 42
35461 P26898 2007 3 17 -3.313 150.8965 2007 5 21 -2.6483 145.1633 48 41
35470 P26107 2007 3 17 -3.313 150.8965 2007 5 27 6.385 154.7186 45 57
36192 P28048 2007 3 20 -3.2333 150.796 2007 5 28 -0.6327 152.4913 44 50
36504 Z21242 2007 3 21 -3.2333 150.796 2007 5 8 -2.8667 148.3667 33 28
36554 Z21266 2007 3 21 -3.2333 150.796 2007 5 7 -2.9003 149.395 38 44
36687 P28917 2007 3 21 -3.2333 150.796 2007 5 5 1.9333 146.4167 50 53.7
36754 Z21283 2007 3 21 -3.2333 150.796 2007 5 8 -2.8667 148.3667 35 28
36871 P28244 2007 3 21 -4.4271 150.9442 2007 5 31 -3.7838 149.3662 42 43
37317 P25184 2007 3 23 -4.3833 150.9833 2007 5 11 -4.5 150.75 42 34
37662 Z22045 2007 3 23 -4.3833 150.9833 2007 5 10 -1.9495 144.7326 36 40.2
37716 P28689 2007 3 23 -4.3833 150.9833 2007 5 10 -1.6534 139.5024 45 45
37548 P29179 2007 3 23 -4.4117 151.09 2007 5 12 -0.9088 142.1274 44 36
37806 P29013 2007 3 23 -4.4117 151.09 2007 5 30 -3.55 149.3667 44 51
37978 P27119 2007 3 24 -4.5375 150.7333 2007 5 22 -3.4 148.5 40 45
38227 P27206 2007 3 24 -4.4267 150.65 2007 5 13 -3.5517 145.9033 39 46
38471 Z21590 2007 3 24 -4.4267 150.65 2007 5 26 -3.778 149.4958 40 44
38585 P29081 2007 3 24 -4.4267 150.65 2007 5 31 -2.7348 148.4835 45 37
38345 P26960 2007 3 24 -4.6067 150.5333 2007 5 2 -2.0667 144.4333 43 49
39539 Z22336 2007 3 26 -5.2133 149.29 2007 5 16 -3.104 148.5252 40 42
39568 Z22363 2007 3 26 -5.2133 149.29 2007 5 7 -2.9003 149.395 41 35
40217 Z22914 2007 3 27 -5.03 149.6333 2007 5 10 -4.5 150.6 35 41
40377 Z22895 2007 3 29 -4.4099 150.6498 2007 5 29 -2.3692 142.5926 35 42
40597 P27468 2007 4 1 -1.7364 150.6712 2007 5 8 1.2304 147.7481 48 52.4
40748 Z23118 2007 4 3 -2.9791 150.6379 2007 5 13 -3.55 145.9 39 30
40953 P31554 2007 4 8 -2.4278 148.8591 2007 5 5 -3.5167 145.8667 45 49
40966 P31567 2007 4 8 -2.4278 148.8591 2007 5 21 -2.6483 145.1633 37 43
40973 P31574 2007 4 8 -2.4278 148.8591 2007 5 6 -3.2365 146.8736 41 51
40974 P31575 2007 4 8 -2.4278 148.8591 2007 5 13 -3.5517 145.9033 39 46
41003 Z23321 2007 4 8 -2.4278 148.8591 2007 5 18 -2.8667 148.45 36 46
41116 P32212 2007 4 8 -2.4278 148.8591 2007 5 31 0 149.0333 40 42.6
41039 P31583 2007 4 8 -2.4516 148.7745 2007 5 25 -3.7707 149.513 41 45
41178 P32090 2007 4 8 -2.5791 148.7711 2007 5 21 -2.64 145.2632 45 42
41181 P32093 2007 4 8 -2.5791 148.7711 2007 5 7 -1.6482 145.641 41 43
41319 P29434 2007 4 8 -2.6559 148.8709 2007 5 22 -3.75 147.1 44 34
41367 P31941 2007 4 8 -2.6559 148.8709 2007 5 11 -4.5118 150.7638 42 45
41473 P29746 2007 4 8 -2.6559 148.8709 2007 5 5 -2.35 148.4167 42 42
41477 P29750 2007 4 8 -2.6559 148.8709 2007 5 13 -3.5517 145.9033 44 56
41415 P31983 2007 4 8 -2.7963 148.7766 2007 5 30 -3.55 149.3667 42 49
41488 P31987 2007 4 9 -2.3788 148.4305 2007 5 23 -2.7 148.6 39 43
42147 Z23961 2007 4 10 -2.7697 148.6653 2007 5 16 -2.1115 142.6452 36 48
42220 Z23815 2007 4 10 -2.7697 148.6653 2007 5 3 -2.0833 141.9167 38 28
42355 Z23443 2007 4 10 -2.7697 148.6653 2007 5 2 -2.0667 144.4333 37 45
42853 P29791 2007 4 10 -2.885 148.5286 2007 5 15 -3.65 145.15 44 40
42567 Z23881 2007 4 10 -3.0692 148.4646 2007 5 26 -3.6583 146.5452 39 48
43058 Z24948 2007 4 11 -3.5278 148.8452 2007 5 3 -2.0833 141.9167 38 35
43064 Z24954 2007 4 11 -3.5278 148.8452 2007 5 23 -2.7729 145.8803 37 39
43130 Z24449 2007 4 11 -3.5278 148.8452 2007 5 2 -2.0667 144.4333 37 38
43134 Z24453 2007 4 11 -3.5278 148.8452 2007 5 8 -3.6727 148.5045 38 37
43346 Z24377 2007 4 11 -3.5278 148.8452 2007 5 31 -2.7 148.6 37 36
43374 Z24605 2007 4 11 -3.5278 148.8452 2007 5 8 -1.7 145.75 34 38
43402 Z24633 2007 4 11 -3.5278 148.8452 2007 5 23 -2.3833 145.4333 36 43
43728 P32684 2007 4 11 -3.5278 148.8452 2007 5 29 -3.65 149.4 41 45
44020 Z25080 2007 4 12 -3.8383 148.0667 2007 5 7 -2.6175 148.7465 38 37
44099 Z24975 2007 4 12 -3.7278 148.3417 2007 5 18 -2.1667 144.0333 36 NA
44184 Z25764 2007 4 12 -3.6837 148.5381 2007 5 18 -2.1667 144.0333 38 NA
44220 Z25768 2007 4 12 -3.7199 148.5515 2007 5 2 -2.0667 144.4333 36 46
44224 Z25772 2007 4 12 -3.7199 148.5515 2007 5 20 -3.1591 148.6948 33 39
44316 Z27564 2007 4 12 -3.7199 148.5515 2007 5 18 -2.1667 144.0333 36 NA
45175 Z25865 2007 4 12 -3.7199 148.5515 2007 5 6 -1.9667 145.2833 37 100
45831 P32496 2007 4 13 -3.8228 149.0631 2007 5 23 -2.9 149.3962 42 51
45834 P32499 2007 4 13 -3.8228 149.0631 2007 5 31 -3.7838 149.3662 44 42
45848 Z26213 2007 4 13 -3.8228 149.0631 2007 5 29 -3.65 149.4 37 43
46055 Z25623 2007 4 13 -3.8228 149.0631 2007 5 10 -3.9513 148.2958 38 37
46111 Z25938 2007 4 13 -3.8228 149.0631 2007 5 26 -3.778 149.4958 38 42
46189 P34686 2007 4 13 -3.8228 149.0631 2007 5 14 -0.6251 155.6021 39 45
45534 P33022 2007 4 13 -3.8575 149.1967 2007 5 15 -2.5333 148.0333 40 53
45562 P33033 2007 4 13 -3.8575 149.1967 2007 5 31 -3.7833 149.3 40 50
46293 Z25964 2007 4 13 -3.8575 149.1967 2007 5 28 -5.0255 149.6171 35 40
45973 Z26531 2007 4 13 -3.97 149.2283 2007 5 8 -4.199 148.8037 37 53.4
46013 P34750 2007 4 13 -3.97 149.2283 2007 5 29 -3.65 149.4 42 47
46255 Z26449 2007 4 13 -3.97 149.2283 2007 5 18 -3.9667 148.0167 39 43
46280 Z26458 2007 4 13 -3.97 149.2283 2007 5 29 -3.9833 146.8833 39 48
46640 P34793 2007 4 13 -3.989 149.5109 2007 5 5 -2.612 144.8734 41 46
46708 P35431 2007 4 13 -3.989 149.5109 2007 5 20 -1.1133 145.6399 42 46
46993 Z26766 2007 4 13 -4.3225 149.5217 2007 5 17 -3.55 148.4833 36 41
47316 P33389 2007 4 16 -1.5774 150.8157 2007 5 29 -3.65 149.4 44 49
47324 P33397 2007 4 16 -1.5774 150.8157 2007 5 11 9.4 134.8667 40 41.5
47333 P31804 2007 4 16 -1.5774 150.8157 2007 5 8 -1.4987 145.4788 40 30
47335 P31806 2007 4 16 -1.5774 150.8157 2007 5 15 -3.6875 146.5419 40 45
47336 P31807 2007 4 16 -1.5774 150.8157 2007 5 22 -0.6167 144.4 40 42.8
47361 Z26861 2007 4 16 -1.5774 150.8157 2007 5 30 5.6658 148.0446 35 35
47383 Z26883 2007 4 16 -1.5774 150.8157 2007 5 31 0 149.0333 39 41.4
47554 P35494 2007 4 16 -1.5774 150.8157 2007 5 4 -4.5845 146.3568 38 32
47563 Z27303 2007 4 16 -1.5774 150.8157 2007 5 8 -1.487 145.4288 37 46
47596 Z27336 2007 4 16 -1.5774 150.8157 2007 5 22 -0.6167 144.4 37 39.4
47614 P35570 2007 4 16 -1.5774 150.8157 2007 5 14 -2.6333 147.8333 39 40
47657 P35583 2007 4 16 -1.5774 150.8157 2007 5 28 -0.6314 152.5068 48 49.8
47689 Z27390 2007 4 16 -1.5774 150.8157 2007 5 10 -1.3201 139.5024 38 40
47779 P35241 2007 4 16 -1.5774 150.8157 2007 5 29 -3.9833 146.8833 40 46.2
47889 P35190 2007 4 16 -1.5774 150.8157 2007 5 9 -1.5025 145.4433 39 33
47915 P35716 2007 4 16 -1.5774 150.8157 2007 5 3 -3.65 149.4 42 45
47960 P35315 2007 4 16 -1.5774 150.8157 2007 5 28 -0.6171 152.478 45 46
47995 P35767 2007 4 16 -1.5774 150.8157 2007 5 31 -2.1667 144.0333 44 47
48203 Z27116 2007 4 16 -1.5774 150.8157 2007 5 31 0 149.0333 38 43.4
48251 Z27164 2007 4 16 -1.5774 150.8157 2007 5 7 -0.1846 145.0667 38 44
48256 Z27169 2007 4 16 -1.5774 150.8157 2007 5 2 -2.0667 144.4333 35 40
48313 Z27245 2007 4 16 -1.6042 150.8283 2007 5 14 -2.6333 147.8333 37 39
48346 P34916 2007 4 16 -1.6042 150.8283 2007 5 7 -3.2267 145.8333 40 40
48399 Z27712 2007 4 16 -1.6042 150.8283 2007 5 10 -3.9513 148.2958 39 44
48425 P35396 2007 4 16 -1.6042 150.8283 2007 5 31 0 149.0333 40 41.8
48433 P35881 2007 4 16 -1.6042 150.8283 2007 5 27 1.5002 151.1664 46 47.8
48645 P34992 2007 4 19 -2.6827 149.557 2007 5 28 -0.6118 152.4952 46 49.5
48718 P36093 2007 4 19 -2.6827 149.557 2007 5 13 1.4466 154.0948 47 49
48815 P36135 2007 4 19 -2.6827 149.557 2007 5 25 -3.645 149.574 48 48
48828 P36148 2007 4 19 -2.6827 149.557 2007 5 20 -0.5758 150.6846 48 55
48951 P36298 2007 4 19 -2.3492 148.6888 2007 5 18 -2.8692 148.4607 42 44.5
49266 P36583 2007 4 19 -2.3655 148.444 2007 5 2 -2.0667 144.4333 41 42
49367 P36339 2007 4 19 -2.3655 148.444 2007 5 30 -3.55 149.3667 41 43
49634 Z27765 2007 4 23 -2.1693 144.8544 2007 5 3 -2.0833 141.9167 35 35
49648 P34826 2007 4 23 -2.1693 144.8544 2007 5 16 -1.85 145.1333 43 44
49663 P35616 2007 4 23 -2.1693 144.8544 2007 5 7 -0.2752 142.6931 46 46.6
49676 Z27804 2007 4 23 -2.1693 144.8544 2007 5 4 -2.2222 144.5573 37 38
49777 Z27924 2007 4 23 -2.1693 144.8544 2007 5 2 -2.0667 144.4333 37 38
49708 P34844 2007 4 23 -2.2296 144.7042 2007 5 4 -2.2167 144.55 38 39
49720 Z27788 2007 4 23 -2.2296 144.7042 2007 5 23 -2.7729 145.8803 37 39
49728 Z27796 2007 4 23 -2.2296 144.7042 2007 5 7 -2.9003 149.395 36 44
50039 Z27942 2007 4 23 -2.2296 144.7042 2007 5 2 -2.0667 144.4333 38 39
50061 Z27964 2007 4 23 -2.2296 144.7042 2007 5 4 -2.2167 144.55 37 37
50062 Z27965 2007 4 23 -2.2296 144.7042 2007 5 2 -2.0667 144.4333 37 36
49792 P33415 2007 4 23 -2.2174 144.5852 2007 5 4 -2.2167 144.55 38 39
49795 P33418 2007 4 23 -2.2174 144.5852 2007 5 4 -2.2225 144.5581 39 40
49802 P35636 2007 4 23 -2.2174 144.5852 2007 5 1 -2.162 144.2902 38 39
49805 P35639 2007 4 23 -2.2174 144.5852 2007 5 18 -2.6847 154.6265 38 41
49814 P35648 2007 4 23 -2.2174 144.5852 2007 5 4 -2.2167 144.55 38 38
49820 P35653 2007 4 23 -2.2174 144.5852 2007 5 4 -2.2167 144.55 37 39
49821 P35654 2007 4 23 -2.2174 144.5852 2007 5 20 -2.1622 144.2907 37 39.5
49834 P35666 2007 4 23 -2.2174 144.5852 2007 5 4 -2.2167 144.55 37 38
49839 P35671 2007 4 23 -2.2174 144.5852 2007 5 4 -2.2167 144.55 37 38
49840 P35672 2007 4 23 -2.2174 144.5852 2007 5 4 -2.2167 144.55 37 38
49852 Z27863 2007 4 23 -2.2174 144.5852 2007 5 6 -2.5833 145.25 36 28
49853 Z27864 2007 4 23 -2.2174 144.5852 2007 5 14 -2.6333 147.8333 35 39
49864 Z27875 2007 4 23 -2.2174 144.5852 2007 5 4 -2.2225 144.5581 35 38
49868 Z27879 2007 4 23 -2.2174 144.5852 2007 5 26 -3.6583 146.5452 34 47
49879 Z27890 2007 4 23 -2.2174 144.5852 2007 5 4 -2.2167 143.55 35 37
49892 P34846 2007 4 23 -2.2174 144.5852 2007 5 4 -2.2167 144.55 39 40
49894 P34848 2007 4 23 -2.2174 144.5852 2007 5 19 -5.8357 148.6692 39 52
49903 P34856 2007 4 23 -2.2174 144.5852 2007 5 4 -2.2167 144.55 37 38
49909 P34861 2007 4 23 -2.2174 144.5852 2007 5 16 -2.6855 145.21 40 41
50006 P34877 2007 4 23 -2.2174 144.5852 2007 5 4 -2.2167 144.55 37 38
50021 P34892 2007 4 23 -2.2174 144.5852 2007 5 2 -2.0667 144.4333 38 37
50022 P34893 2007 4 23 -2.2174 144.5852 2007 5 4 -2.2167 144.55 37 38
50023 P34894 2007 4 23 -2.2174 144.5852 2007 5 4 -2.2167 144.55 37 36
50072 P37074 2007 4 23 -2.2174 144.5852 2007 5 22 -0.6167 144.4 39 42.7
50077 P37079 2007 4 23 -2.2174 144.5852 2007 5 4 -2.2167 144.55 40 38
50082 P37084 2007 4 23 -2.2174 144.5852 2007 5 13 -2.9697 145.4541 38 41
50083 P37085 2007 4 23 -2.2174 144.5852 2007 5 4 -2.2167 144.55 39 39
50085 Z27973 2007 4 23 -2.2174 144.5852 2007 5 5 -2.2225 144.5581 37 38
50101 Z27989 2007 4 23 -2.2174 144.5852 2007 5 4 -2.2167 144.55 37 38
50102 Z27990 2007 4 23 -2.2174 144.5852 2007 5 4 -2.2167 143.55 38 40
50120 P33423 2007 4 23 -1.9722 144.6561 2007 5 2 -2.0667 144.4333 37 37
50155 P34900 2007 4 23 -1.9722 144.6561 2007 5 7 -0.0917 151.5287 37 38
50162 P37706 2007 4 23 -1.9722 144.6561 2007 5 8 -2.8667 148.3667 38 28
50192 P37736 2007 4 23 -1.9722 144.6561 2007 5 2 -2.0667 144.4333 38 38
50196 P37740 2007 4 23 -1.9722 144.6561 2007 5 2 -2.0667 144.4333 36 40
50206 P38801 2007 4 24 -2.0732 144.4468 2007 5 2 -2.0667 144.4333 39 39
50207 P38802 2007 4 24 -2.0732 144.4468 2007 5 2 -2.0667 144.4333 39 40
50208 P38803 2007 4 24 -2.0732 144.4468 2007 5 2 -2.0667 144.4333 39 40
50213 P38808 2007 4 24 -2.0732 144.4468 2007 5 2 -2.0667 144.4333 37 38
50220 P38815 2007 4 24 -2.0732 144.4468 2007 5 2 -2.0667 144.4333 40 40
50221 P38816 2007 4 24 -2.0732 144.4468 2007 5 2 -2.0667 144.4333 37 37
50222 P38817 2007 4 24 -2.0732 144.4468 2007 5 2 -2.0667 144.4333 38 38
50223 P38818 2007 4 24 -2.0732 144.4468 2007 5 2 -2.0667 144.4333 39 39
50225 P38820 2007 4 24 -2.0732 144.4468 2007 5 2 -2.0667 144.4333 40 40
50227 P38822 2007 4 24 -2.0732 144.4468 2007 5 1 -2.064 144.454 37 37
50228 P38823 2007 4 24 -2.0732 144.4468 2007 5 2 -2.0667 144.4333 39 39
50229 P38824 2007 4 24 -2.0732 144.4468 2007 5 2 -2.0667 144.4333 39 39
50230 P38825 2007 4 24 -2.0732 144.4468 2007 5 2 -2.0667 144.4333 38 38
50235 P38830 2007 4 24 -2.0732 144.4468 2007 5 2 -2.0667 144.4333 38 38
50236 P38831 2007 4 24 -2.0732 144.4468 2007 5 2 -2.0667 144.4333 38 39
50238 P38833 2007 4 24 -2.0732 144.4468 2007 5 2 -2.0667 144.4333 37 36
50239 P38834 2007 4 24 -2.0732 144.4468 2007 5 2 -2.0667 144.4333 38 38
50241 P38836 2007 4 24 -2.0732 144.4468 2007 5 2 -2.0667 144.4333 37 37
50243 P38838 2007 4 24 -2.0732 144.4468 2007 5 2 -2.0667 144.4333 39 39
50247 P38842 2007 4 24 -2.0732 144.4468 2007 5 2 -2.0667 144.4333 39 39
50248 P38843 2007 4 24 -2.0732 144.4468 2007 5 2 -2.0667 144.4333 39 39
50250 P38845 2007 4 24 -2.0732 144.4468 2007 5 2 -2.0667 144.4333 38 38
50252 P38847 2007 4 24 -2.0732 144.4468 2007 5 2 -2.0667 144.4333 38 39
50253 P38848 2007 4 24 -2.0732 144.4468 2007 5 2 -2.0667 144.4333 38 38
50258 P38853 2007 4 24 -2.0732 144.4468 2007 5 2 -2.0667 144.4333 38 39
50263 P38858 2007 4 24 -2.0732 144.4468 2007 5 2 -2.0667 144.4333 39 39
50264 P38859 2007 4 24 -2.0732 144.4468 2007 5 2 -2.0667 144.4333 39 37
50265 P38860 2007 4 24 -2.0732 144.4468 2007 5 2 -2.0667 144.4333 37 40
50268 P38862 2007 4 24 -2.0732 144.4468 2007 5 2 -2.0667 144.4333 39 40
50273 P38866 2007 4 24 -2.0732 144.4468 2007 5 2 -2.0667 144.4333 38 38
50281 P38870 2007 4 24 -2.0732 144.4468 2007 5 2 -2.0667 144.4333 39 39
50282 P38871 2007 4 24 -2.0732 144.4468 2007 5 2 -2.0667 144.4333 38 36
50283 P38872 2007 4 24 -2.0732 144.4468 2007 5 2 -2.0667 144.4333 38 39
50290 P38873 2007 4 24 -2.0732 144.4468 2007 5 2 -2.0667 144.4333 36 37
50293 P38875 2007 4 24 -2.0732 144.4468 2007 5 21 -2.6483 145.1633 40 43
50295 P38877 2007 4 24 -2.0732 144.4468 2007 5 2 -2.0667 144.4333 37 38
50298 P38879 2007 4 24 -2.0732 144.4468 2007 5 2 -2.0667 144.4333 38 38
50302 P38882 2007 4 24 -2.0732 144.4468 2007 5 2 -2.0667 144.4333 37 37
50309 P38887 2007 4 24 -2.0732 144.4468 2007 5 2 -2.0667 144.4333 39 40
50312 P38889 2007 4 24 -2.0732 144.4468 2007 5 2 -2.0667 144.4333 38 38
50315 P38891 2007 4 24 -2.0732 144.4468 2007 5 2 -2.0667 144.4333 39 40
50317 P33458 2007 4 24 -2.0732 144.4468 2007 5 2 -2.0667 144.4333 39 39
50321 P38895 2007 4 24 -2.0732 144.4468 2007 5 2 -2.0667 144.4333 38 37
50323 P38896 2007 4 24 -2.0732 144.4468 2007 5 2 -2.0667 144.4333 37 37
50324 P38897 2007 4 24 -2.0732 144.4468 2007 5 2 -2.0667 144.4333 40 40
50328 P33463 2007 4 24 -2.0732 144.4468 2007 5 2 -2.0667 144.4333 40 39
50333 P33466 2007 4 24 -2.0732 144.4468 2007 5 2 -2.0667 144.4333 38 37
50336 P33469 2007 4 24 -2.0732 144.4468 2007 5 2 -2.0667 144.4333 39 39
50338 P33471 2007 4 24 -2.0732 144.4468 2007 5 2 -2.0667 144.4333 39 38
50344 P33476 2007 4 24 -2.0732 144.4468 2007 5 2 -2.0667 144.4333 40 39
50346 P33477 2007 4 24 -2.0732 144.4468 2007 5 2 -2.0667 144.4333 37 37
50350 P33478 2007 4 24 -2.0732 144.4468 2007 5 2 -2.0667 144.4333 39 38
50362 P33484 2007 4 24 -2.0732 144.4468 2007 5 15 -2.5833 145.25 39 30.5
50363 P33485 2007 4 24 -2.0732 144.4468 2007 5 2 -2.0667 144.4333 40 39
50364 P33486 2007 4 24 -2.0732 144.4468 2007 5 2 -2.0667 144.4333 37 37
50365 P33487 2007 4 24 -2.0732 144.4468 2007 5 2 -2.0667 144.4333 39 38
50366 P33488 2007 4 24 -2.0732 144.4468 2007 5 2 -2.0667 144.4333 41 40
50367 P33489 2007 4 24 -2.0732 144.4468 2007 5 2 -2.0667 144.4333 39 38
50369 P33491 2007 4 24 -2.0732 144.4468 2007 5 21 -1.7363 146.8525 41 50
50383 P37304 2007 4 24 -2.0732 144.4468 2007 5 2 -2.0667 144.4333 40 39
50387 P37308 2007 4 24 -2.0732 144.4468 2007 5 2 -2.0667 144.4333 37 37
50390 P37311 2007 4 24 -2.0732 144.4468 2007 5 2 -2.0667 144.4333 39 38
50398 P37319 2007 4 24 -2.0732 144.4468 2007 5 2 -2.0667 144.4333 40 38
50405 P37326 2007 4 24 -2.0732 144.4468 2007 5 2 -2.0667 144.4333 37 37
50418 P37339 2007 4 24 -2.0732 144.4468 2007 5 2 -2.0667 144.4333 38 38
50420 P37341 2007 4 24 -2.0732 144.4468 2007 5 2 -2.0667 144.4333 39 39
50424 P37747 2007 4 24 -2.0732 144.4468 2007 5 2 -2.0667 144.4333 38 38
50425 P37748 2007 4 24 -2.0732 144.4468 2007 5 2 -2.0667 144.4333 41 41
50426 P37749 2007 4 24 -2.0732 144.4468 2007 5 2 -2.0667 144.4333 37 37
50428 P37751 2007 4 24 -2.0732 144.4468 2007 5 2 -2.0667 144.4333 40 40
50430 P37753 2007 4 24 -2.0732 144.4468 2007 5 2 -2.0667 144.4333 40 39
50431 P37754 2007 4 24 -2.0732 144.4468 2007 5 2 -2.0667 144.4333 37 37
50433 P37756 2007 4 24 -2.0732 144.4468 2007 5 16 -2.3857 147.5028 39 56
50434 P37757 2007 4 24 -2.0732 144.4468 2007 5 2 -2.0667 144.4333 38 39
50436 P37759 2007 4 24 -2.0732 144.4468 2007 5 2 -2.0667 144.4333 39 39
50448 P37771 2007 4 24 -2.0732 144.4468 2007 5 2 -2.0667 144.4333 39 40
50449 P37772 2007 4 24 -2.0732 144.4468 2007 5 2 -2.0667 144.4333 39 39
50451 P37774 2007 4 24 -2.0732 144.4468 2007 5 5 -2.3198 145.6392 38 40
50453 P37776 2007 4 24 -2.0732 144.4468 2007 5 2 -2.0667 144.4333 39 39
50454 P37777 2007 4 24 -2.0732 144.4468 2007 5 2 -2.0667 144.4333 38 38
50455 P37778 2007 4 24 -2.0732 144.4468 2007 5 2 -2.0667 144.4333 38 38
50456 P37779 2007 4 24 -2.0732 144.4468 2007 5 2 -2.0667 144.4333 39 39
50459 P37782 2007 4 24 -2.0732 144.4468 2007 5 2 -2.0667 144.4333 40 41
50463 P37786 2007 4 24 -2.0732 144.4468 2007 5 2 -2.0667 144.4333 38 39
50464 P37787 2007 4 24 -2.0732 144.4468 2007 5 2 -2.0667 144.4333 37 36
50468 P37791 2007 4 24 -2.0732 144.4468 2007 5 2 -2.0667 144.4333 38 38
50472 P37795 2007 4 24 -2.0732 144.4468 2007 5 2 -2.0667 144.4333 38 38
50476 P37799 2007 4 24 -2.0732 144.4468 2007 5 2 -2.0667 144.4333 38 38
50478 P38501 2007 4 24 -2.0732 144.4468 2007 5 2 -2.0667 144.4333 37 37
50479 P38502 2007 4 24 -2.0732 144.4468 2007 5 2 -2.0667 144.4333 41 41
50480 P38503 2007 4 24 -2.0732 144.4468 2007 5 6 -2.5833 145.25 37 28
50482 P38505 2007 4 24 -2.0732 144.4468 2007 5 2 -2.0667 144.4333 39 40
50483 P38506 2007 4 24 -2.0732 144.4468 2007 5 2 -2.0667 144.4333 40 41
50487 P37401 2007 4 24 -2.0732 144.4468 2007 5 2 -2.0667 144.4333 37 38
50489 P37403 2007 4 24 -2.0732 144.4468 2007 5 2 -2.0667 144.4333 37 36
50490 P37404 2007 4 24 -2.0732 144.4468 2007 5 2 -2.0667 144.4333 39 40
50491 P37405 2007 4 24 -2.0732 144.4468 2007 5 2 -2.0667 144.4333 38 38
50494 P37408 2007 4 24 -2.0732 144.4468 2007 5 1 -1.8615 143.0823 37 48
50495 P37409 2007 4 24 -2.0732 144.4468 2007 5 2 -2.0667 144.4333 37 38
50496 P37410 2007 4 24 -2.0732 144.4468 2007 5 2 -2.0667 144.4333 38 49
50497 P37411 2007 4 24 -2.0732 144.4468 2007 5 3 -2.0833 141.9167 39 40
50498 P37412 2007 4 24 -2.0732 144.4468 2007 5 2 -2.0667 144.4333 38 38
50503 P37417 2007 4 24 -2.0732 144.4468 2007 5 2 -2.0667 144.4333 38 38
50510 P37422 2007 4 24 -2.0732 144.4468 2007 5 2 -2.0667 144.4333 38 38
50514 P37425 2007 4 24 -2.0732 144.4468 2007 5 2 -2.0667 144.4333 39 42
50516 P37427 2007 4 24 -2.0732 144.4468 2007 5 2 -2.0667 144.4333 39 37
50520 P37431 2007 4 24 -2.0732 144.4468 2007 5 2 -2.0667 144.4333 37 37
50521 P37432 2007 4 24 -2.0732 144.4468 2007 5 2 -2.0667 144.4333 38 39
50525 P37436 2007 4 24 -2.0732 144.4468 2007 5 2 -2.0667 144.4333 40 40
50536 P37446 2007 4 24 -2.0732 144.4468 2007 5 2 -2.0667 144.4333 36 36
50539 P37449 2007 4 24 -2.0732 144.4468 2007 5 2 -2.0667 144.4333 39 40
50544 P37453 2007 4 24 -2.0732 144.4468 2007 5 2 -2.0667 144.4333 36 37
50545 P37454 2007 4 24 -2.0732 144.4468 2007 5 2 -2.0667 144.4333 39 39
50547 P37455 2007 4 24 -2.0732 144.4468 2007 5 2 -2.0667 144.4333 37 38
50551 P37458 2007 4 24 -2.0732 144.4468 2007 5 2 -2.0667 144.4333 40 40
50560 P37462 2007 4 24 -2.0732 144.4468 2007 5 2 -2.0667 144.4333 38 38
50561 P37463 2007 4 24 -2.0732 144.4468 2007 5 2 -2.0667 144.4333 38 40
50562 P37464 2007 4 24 -2.0732 144.4468 2007 5 1 -2.162 144.2902 38 38
50570 P37471 2007 4 24 -2.0732 144.4468 2007 5 2 -2.0667 144.4333 38 39
50571 P37472 2007 4 24 -2.0732 144.4468 2007 5 2 -2.0667 144.4333 38 38
50574 P37475 2007 4 24 -2.0732 144.4468 2007 5 2 -2.0667 144.4333 38 38
50576 P37476 2007 4 24 -2.0732 144.4468 2007 5 2 -2.0667 144.4333 38 38
50578 P37478 2007 4 24 -2.0732 144.4468 2007 5 2 -2.0667 144.4333 38 40
50579 P37479 2007 4 24 -2.0732 144.4468 2007 5 2 -2.0667 144.4333 39 39
50583 P37482 2007 4 24 -2.0732 144.4468 2007 5 2 -2.0667 144.4333 37 38
50592 P37487 2007 4 24 -2.0732 144.4468 2007 5 2 -2.0667 144.4333 38 39
50595 P37490 2007 4 24 -2.0732 144.4468 2007 5 2 -2.0667 144.4333 38 38
50596 P37208 2007 4 24 -2.0732 144.4468 2007 5 21 -2.64 145.2632 40 43
50599 P37492 2007 4 24 -2.0732 144.4468 2007 5 2 -2.0667 144.4333 38 38
50600 P37210 2007 4 24 -2.0732 144.4468 2007 5 18 -6.7392 149.9555 39 38
50612 P37498 2007 4 24 -2.0732 144.4468 2007 5 2 -2.0667 144.4333 39 39
50614 P37500 2007 4 24 -2.0732 144.4468 2007 5 2 -2.0667 144.4333 39 39
50617 P37219 2007 4 24 -2.0732 144.4468 2007 5 2 -2.0667 144.4333 39 37
50619 P37221 2007 4 24 -2.0732 144.4468 2007 5 2 -2.0667 144.4333 39 38
50629 P37231 2007 4 24 -2.0732 144.4468 2007 5 2 -2.0667 144.4333 39 39
50633 P37235 2007 4 24 -2.0732 144.4468 2007 5 2 -2.0667 144.4333 39 40
50635 P37237 2007 4 24 -2.0732 144.4468 2007 5 2 -2.0667 144.4333 45 44
50636 P37238 2007 4 24 -2.0732 144.4468 2007 5 2 -2.0667 144.4333 39 40
50638 P35691 2007 4 24 -2.0732 144.4468 2007 5 2 -2.0667 144.4333 38 39
50647 P37248 2007 4 24 -2.0732 144.4468 2007 5 2 -2.0667 144.4333 39 39
50649 P37250 2007 4 24 -2.0732 144.4468 2007 5 2 -2.0667 144.4333 39 40
50656 P35696 2007 4 24 -2.0732 144.4468 2007 5 2 -2.0667 144.4333 37 37
50658 P35698 2007 4 24 -2.0732 144.4468 2007 5 2 -2.0667 144.4333 37 37
50665 P36405 2007 4 24 -2.0732 144.4468 2007 5 2 -2.0667 144.4333 38 39
50670 P36410 2007 4 24 -2.0732 144.4468 2007 5 2 -2.0667 144.4333 38 40
50671 P36411 2007 4 24 -2.0732 144.4468 2007 5 2 -2.0667 144.4333 38 39
50680 P36420 2007 4 24 -2.0732 144.4468 2007 5 18 -6.7392 149.9555 38 38
50681 P36421 2007 4 24 -2.0732 144.4468 2007 5 2 -2.0667 144.4333 38 39
50682 P36422 2007 4 24 -2.0732 144.4468 2007 5 2 -2.0667 144.4333 37 37
50685 P36425 2007 4 24 -2.0732 144.4468 2007 5 2 -2.0667 144.4333 38 39
50686 P36426 2007 4 24 -2.0732 144.4468 2007 5 2 -2.0667 144.4333 39 40
50689 P36429 2007 4 24 -2.0732 144.4468 2007 5 2 -2.0667 144.4333 38 39
50691 P36431 2007 4 24 -2.0732 144.4468 2007 5 2 -2.0667 144.4333 38 38
50698 P36438 2007 4 24 -2.0732 144.4468 2007 5 2 -2.0667 144.4333 38 39
50701 P36441 2007 4 24 -2.0732 144.4468 2007 5 2 -2.0667 144.4333 37 39
50702 P36442 2007 4 24 -2.0732 144.4468 2007 5 29 -3.9833 146.8833 39 47
50707 P36447 2007 4 24 -2.0732 144.4468 2007 5 2 -2.0667 144.4333 38 39
50710 P36450 2007 4 24 -2.0732 144.4468 2007 5 2 -2.0667 144.4333 50 39
50714 P36454 2007 4 24 -2.0732 144.4468 2007 5 2 -2.0667 144.4333 39 38
50717 P36457 2007 4 24 -2.0732 144.4468 2007 5 2 -2.0667 144.4333 38 39
50718 P36458 2007 4 24 -2.0732 144.4468 2007 5 2 -2.0667 144.4333 37 38
50719 P36459 2007 4 24 -2.0732 144.4468 2007 5 2 -2.0667 144.4333 37 37
50721 P36461 2007 4 24 -2.0732 144.4468 2007 5 2 -2.0667 144.4333 37 38
50722 P36462 2007 4 24 -2.0732 144.4468 2007 5 2 -2.0667 144.4333 39 40
50732 P36472 2007 4 24 -2.0732 144.4468 2007 5 2 -2.0667 144.4333 39 39
50733 P36473 2007 4 24 -2.0732 144.4468 2007 5 2 -2.0667 144.4333 38 38
50738 P36478 2007 4 24 -2.0732 144.4468 2007 5 2 -2.0667 144.4333 39 40
50739 P36479 2007 4 24 -2.0732 144.4468 2007 5 2 -2.0667 144.4333 38 39
50741 P36481 2007 4 24 -2.0732 144.4468 2007 5 2 -2.0667 144.4333 40 41
50747 P36487 2007 4 24 -2.0732 144.4468 2007 5 2 -2.0667 144.4333 38 40
50749 P36489 2007 4 24 -2.0732 144.4468 2007 5 2 -2.0667 144.4333 39 39
50753 P36493 2007 4 24 -2.0732 144.4468 2007 5 2 -2.0667 144.4333 37 38
50755 P36495 2007 4 24 -2.0732 144.4468 2007 5 2 -2.0667 144.4333 40 41
50756 P36496 2007 4 24 -2.0732 144.4468 2007 5 2 -2.0667 144.4333 37 39
50759 P36499 2007 4 24 -2.0732 144.4468 2007 5 2 -2.0667 144.4333 39 40
50767 P35906 2007 4 24 -2.0732 144.4468 2007 5 2 -2.0667 144.4333 38 37
50775 P35912 2007 4 24 -2.0732 144.4468 2007 5 2 -2.0667 144.4333 37 38
50777 P35914 2007 4 24 -2.0732 144.4468 2007 5 2 -2.0667 144.4333 37 38
50778 P35915 2007 4 24 -2.0732 144.4468 2007 5 2 -2.0667 144.4333 37 36
50779 P35916 2007 4 24 -2.0732 144.4468 2007 5 2 -2.0667 144.4333 38 39
50781 P35918 2007 4 24 -2.0732 144.4468 2007 5 2 -2.0667 144.4333 38 38
50785 P35921 2007 4 24 -2.0732 144.4468 2007 5 2 -2.0667 144.4333 37 37
50795 P35928 2007 4 24 -2.0732 144.4468 2007 5 2 -2.0667 144.4333 38 39
50799 P35929 2007 4 24 -2.0732 144.4468 2007 5 2 -2.0667 144.4333 39 40
50809 P35936 2007 4 24 -2.0732 144.4468 2007 5 2 -2.0667 144.4333 39 40
50812 P35937 2007 4 24 -2.0732 144.4468 2007 5 2 -2.0667 144.4333 39 40
50813 P35938 2007 4 24 -2.0732 144.4468 2007 5 2 -2.0667 144.4333 38 39
50819 P35941 2007 4 24 -2.0732 144.4468 2007 5 2 -2.0667 144.4333 37 38
50820 P35942 2007 4 24 -2.0732 144.4468 2007 5 2 -2.0667 144.4333 38 39
50822 P35943 2007 4 24 -2.0732 144.4468 2007 5 2 -2.0667 144.4333 38 39
50828 P35947 2007 4 24 -2.0732 144.4468 2007 5 6 -2.4484 144.5601 37 39
50836 P35950 2007 4 24 -2.0732 144.4468 2007 5 2 -2.0667 144.4333 39 39
50840 P35952 2007 4 24 -2.0732 144.4468 2007 5 2 -2.0667 144.4333 38 39
50856 P35962 2007 4 24 -2.0732 144.4468 2007 5 2 -2.0667 144.4333 37 39
50857 P35963 2007 4 24 -2.0732 144.4468 2007 5 2 -2.0667 144.4333 38 39
50861 P35965 2007 4 24 -2.0732 144.4468 2007 5 2 -2.0667 144.4333 38 40
50863 P35966 2007 4 24 -2.0732 144.4468 2007 5 2 -2.0667 144.4333 49 50
50866 P35967 2007 4 24 -2.0732 144.4468 2007 5 2 -2.0667 144.4333 39 39
50867 P35968 2007 4 24 -2.0732 144.4468 2007 5 2 -2.0667 144.4333 38 38
50880 P35974 2007 4 24 -2.0732 144.4468 2007 5 2 -2.0667 144.4333 39 39
50889 P35979 2007 4 24 -2.0732 144.4468 2007 5 2 -2.0667 144.4333 39 40
50890 P35980 2007 4 24 -2.0732 144.4468 2007 5 2 -2.0667 144.4333 39 40
50895 P35983 2007 4 24 -2.0732 144.4468 2007 5 2 -2.0667 144.4333 37 38
50901 P35985 2007 4 24 -2.0732 144.4468 2007 5 2 -2.0667 144.4333 40 40
50908 P35988 2007 4 24 -2.0732 144.4468 2007 5 2 -2.0667 144.4333 38 38
50926 P35995 2007 4 24 -2.0732 144.4468 2007 5 2 -2.0667 144.4333 39 40
50928 P35996 2007 4 24 -2.0732 144.4468 2007 5 2 -2.0667 144.4333 40 39
50933 P35999 2007 4 24 -2.0732 144.4468 2007 5 2 -2.0667 144.4333 37 37
50934 P36000 2007 4 24 -2.0732 144.4468 2007 5 2 -2.0667 144.4333 37 38
50941 P38603 2007 4 24 -2.0732 144.4468 2007 5 2 -2.0667 144.4333 38 38
50942 P38604 2007 4 24 -2.0732 144.4468 2007 5 2 -2.0667 144.4333 38 39
50952 P38610 2007 4 24 -2.0732 144.4468 2007 5 2 -2.0667 144.4333 38 37
50953 P38611 2007 4 24 -2.0732 144.4468 2007 5 15 -2.5333 148.0333 37 43
50960 P38616 2007 4 24 -2.0732 144.4468 2007 5 2 -2.0667 144.4333 39 40
50962 P38618 2007 4 24 -2.0732 144.4468 2007 5 2 -2.0667 144.4333 37 37
50963 P38619 2007 4 24 -2.0732 144.4468 2007 5 2 -2.0667 144.4333 38 38
50965 P38621 2007 4 24 -2.0732 144.4468 2007 5 2 -2.0667 144.4333 37 38
50967 P38623 2007 4 24 -2.0732 144.4468 2007 5 2 -2.0667 144.4333 40 40
50968 P38624 2007 4 24 -2.0732 144.4468 2007 5 2 -2.0667 144.4333 39 40
50973 P38629 2007 4 24 -2.0732 144.4468 2007 5 2 -2.0667 144.4333 38 39
50975 P38631 2007 4 24 -2.0732 144.4468 2007 5 2 -2.0667 144.4333 38 39
50985 P38641 2007 4 24 -2.0732 144.4468 2007 5 2 -2.0667 144.4333 40 40
50986 P38642 2007 4 24 -2.0732 144.4468 2007 5 2 -2.0667 144.4333 37 39
50991 P38647 2007 4 24 -2.0732 144.4468 2007 5 2 -2.0667 144.4333 38 38
50999 P38655 2007 4 24 -2.0732 144.4468 2007 5 16 -3.1667 145.35 38 43
51001 P38657 2007 4 24 -2.0732 144.4468 2007 5 2 -2.0667 144.4333 38 39
51002 P38658 2007 4 24 -2.0732 144.4468 2007 5 2 -2.0667 144.4333 38 39
51003 P38659 2007 4 24 -2.0732 144.4468 2007 5 2 -2.0667 144.4333 37 38
51004 P38660 2007 4 24 -2.0732 144.4468 2007 5 2 -2.0667 144.4333 37 38
51011 P38667 2007 4 24 -2.0732 144.4468 2007 5 2 -2.0667 144.4333 38 38
51018 P38674 2007 4 24 -2.0732 144.4468 2007 5 29 -3.9833 146.8833 39 44
51022 P38678 2007 4 24 -2.0732 144.4468 2007 5 2 -2.0667 144.4333 38 39
51032 P38688 2007 4 24 -2.0732 144.4468 2007 5 2 -2.0667 144.4333 42 44
51033 P38689 2007 4 24 -2.0732 144.4468 2007 5 15 -2.5333 148.0333 37 46
51038 P38694 2007 4 24 -2.0732 144.4468 2007 5 2 -2.0667 144.4333 37 38
50832 P38519 2007 4 24 -2.1691 144.3119 2007 5 14 -2.6333 147.8333 39 39
50903 P37367 2007 4 24 -2.1691 144.3119 2007 5 4 -2.2167 144.55 40 40
50918 P38543 2007 4 24 -2.1691 144.3119 2007 5 4 -2.2167 144.55 39 39
50936 P38550 2007 4 24 -2.1691 144.3119 2007 5 4 -2.2167 144.55 38 41
50954 P38557 2007 4 24 -2.1691 144.3119 2007 5 20 -2.1622 144.2907 40 41
50956 P38558 2007 4 24 -2.1691 144.3119 2007 5 13 -2.7667 145.5333 39 35
51092 P36929 2007 4 24 -2.1691 144.3119 2007 5 4 -2.2167 143.55 40 41
51094 P36930 2007 4 24 -2.1691 144.3119 2007 5 4 -2.2167 144.55 38 39
51117 P36943 2007 4 24 -2.1691 144.3119 2007 5 4 -2.2167 143.55 38 38
51136 P36955 2007 4 24 -2.1691 144.3119 2007 5 4 -2.2167 143.55 39 38
51158 P39206 2007 4 24 -2.1691 144.3119 2007 5 4 -2.2167 144.55 40 40
51171 P39219 2007 4 24 -2.1691 144.3119 2007 5 2 -2.0667 144.4333 38 38
51281 P38578 2007 4 24 -2.3898 143.4164 2007 5 1 -1.8615 143.0823 44 52
51292 P38589 2007 4 24 -2.3898 143.4164 2007 5 8 2.9333 146.35 46 62.7
51428 P38945 2007 4 24 -2.3245 143.3158 2007 5 5 -2 140.6667 41 50
51466 P38270 2007 4 24 -2.3245 143.3158 2007 5 21 -2.6483 145.1633 40 41
51526 P38967 2007 4 25 -2.7952 142.6296 2007 5 5 -2.7953 142.2462 46 46
51735 P37162 2007 5 1 -4.9122 145.9136 2007 5 21 -1.97 143.5683 38 43
52209 P38385 2007 5 1 -4.9122 145.9136 2007 5 3 -2.0833 141.9167 37 40
52799 P39162 2007 5 1 -4.9122 145.9136 2007 5 2 -2.5424 147.8033 39 46
53911 P39378 2007 5 4 -4.7968 147.0649 2007 5 26 -3.0347 145.35 49 44
53944 P40253 2007 5 4 -4.7968 147.0649 2007 5 21 -3.35 145.9847 42 40
53389 P40165 2007 5 4 -4.8368 147.1701 2007 5 10 -2.5385 143.2887 40 48
53412 P40188 2007 5 4 -4.8368 147.1701 2007 5 13 -2.7667 145.5333 44 40
53749 P39494 2007 5 4 -4.8368 147.1701 2007 5 14 -3.44 146.1246 41 42
55896 P45685 2007 5 10 -6.7351 150.2933 2007 5 22 -7.4238 149.2898 46 47
56296 P41800 2007 5 10 -6.7351 150.2933 2007 5 18 -6.7379 149.9572 43 45
115631 P41609 2007 5 10 -6.7351 150.2933 2007 5 27 -2.6667 142.8333 42 NA
58757 P43717 2007 5 13 -6.5675 154.3773 2007 5 13 -6.5675 154.3773 48 48
62212 Y39980 2007 5 17 -5.5004 155.4604 2007 5 21 -2.64 145.2632 45 47
29169 5681 2006 4 4 2 264.67 2007 5 18 -0.02 267.45 45 NA
ME50990 1720 2007 4 22 29.9167 130.2833 2007 5 22 29.75 130.3833 44 43
ME50971 1727 2007 4 22 29.9667 130.3667 2007 5 27 29.9667 129.9167 46 45.5
ME50959 1729 2007 4 22 29.8667 130.4 2007 5 29 34.1167 138.4833 51 50
ME50931 1731 2007 4 22 29.7667 130.4 2007 5 20 30.45 130.4833 40 42
