971
id tag_no yr mo day lat lon yr_rec mo_rec day_rec lat_rec lon_rec len_rel len_rec
2457 P02288 2006 8 27 -4.4791 150.0667 2007 11 23 -6.5 182.7667 42 NA
12681 P10873 2006 10 13 -4.4196 150.9209 2007 11 14 3.3667 149.1667 42 66.6
110041 Z16680 2006 10 21 -3.5057 145.4245 2007 11 5 -3.0229 153.7117 32 NA
25191 P19992 2007 2 26 -6.489 150.4272 2007 11 4 -2.9353 153.7727 50 58
25683 P20753 2007 2 26 -6.489 150.4272 2007 11 5 2.8167 150.0333 46 57.5
26310 P20056 2007 2 27 -6.5877 150.2138 2007 11 23 -6.5 182.7667 56 NA
26950 P22053 2007 2 28 -6.3912 150.398 2007 11 17 -8.8233 159.2564 44 56
27378 P21721 2007 2 28 -6.3912 150.398 2007 11 16 -7.987 158.0304 45 57
27440 P21757 2007 2 28 -6.3912 150.398 2007 11 25 -9.0039 157.4359 48 54.5
27523 P21920 2007 2 28 -6.3912 150.398 2007 11 2 -2.4935 155.8238 51 65
28623 P24513 2007 2 28 -6.485 150.4759 2007 11 12 1.3781 146.4641 50 54.5
29041 P24473 2007 3 1 -6.46 150.3667 2007 11 1 -2.8667 162.5 46 55.5
29116 P24306 2007 3 1 -6.4567 150.3423 2007 11 16 -3.4834 157.2833 48 41
29190 P23136 2007 3 1 -6.4567 150.3423 2007 11 5 -3.0221 153.71 46 NA
29351 P24255 2007 3 2 -6.3767 150.3915 2007 11 5 -3.023 153.7116 50 NA
29356 P24259 2007 3 2 -6.3767 150.3915 2007 11 29 -10.0344 160.2489 46 NA
29854 P24172 2007 3 2 -6.3767 150.3915 2007 11 17 -7.9746 158.3511 50 68
30369 P23481 2007 3 2 -6.3767 150.3915 2007 11 22 0.6468 152.8857 48 62
30564 P23675 2007 3 2 -6.3767 150.3915 2007 11 27 -3.0192 149.0193 50 62
30921 P23289 2007 3 2 -6.3767 150.3915 2007 11 17 -7.9963 158.2537 53 76
33861 P25651 2007 3 12 -3.1302 150.6739 2007 11 5 -3.0119 153.7608 45 NA
34057 P27005 2007 3 13 -1.5031 150.5924 2007 11 9 -2.1686 164.3519 44 57
35183 P26336 2007 3 17 -3.313 150.8965 2007 11 12 -2.5 141.8667 42 48
35851 Z20885 2007 3 20 -3.2333 150.796 2007 11 5 -3.0226 153.712 33 NA
37115 P28640 2007 3 22 -4.5433 150.0667 2007 11 2 -2.4391 156.1687 46 65
37438 P29111 2007 3 23 -4.3833 150.9833 2007 11 2 -2.203 156.3786 38 58
37668 Z22052 2007 3 23 -4.3833 150.9833 2007 11 5 -3.0213 153.7112 41 NA
38012 P27313 2007 3 24 -4.4267 150.65 2007 11 5 -3.0241 153.7116 37 NA
38665 P29089 2007 3 24 -4.6067 150.5333 2007 11 13 -3.755 151.3681 49 52
40750 Z23120 2007 4 3 -2.9791 150.6379 2007 11 10 9.4741 123.6076 38 58
40957 P31558 2007 4 8 -2.4278 148.8591 2007 11 26 -2 140.0017 39 52
41235 Z23340 2007 4 8 -2.5888 148.686 2007 11 5 -3.0233 153.7121 38 NA
41496 P31995 2007 4 9 -2.3788 148.4305 2007 11 24 -2.9183 148.9185 40 50
43546 Z24715 2007 4 11 -3.4138 148.5016 2007 11 14 -3.7142 151.4695 39 NA
46798 P33095 2007 4 13 -3.989 149.5109 2007 11 25 -3.618 153.728 42 58
47288 Z26698 2007 4 16 -1.6592 150.7071 2007 11 27 -3.0192 149.0193 36 60
47708 P35109 2007 4 16 -1.5774 150.8157 2007 11 10 9.4708 123.5957 45 49
49440 P36376 2007 4 19 -2.3655 148.444 2007 11 8 -3.4834 157.2833 40 40
49721 Z27789 2007 4 23 -2.2296 144.7042 2007 11 5 -3.0228 153.7117 37 NA
52213 P39919 2007 5 1 -4.9122 145.9136 2007 11 4 -2.9353 153.7727 39 52
55807 P45881 2007 5 10 -6.7351 150.2933 2007 11 23 0.5614 152.4803 52 60
56592 P42260 2007 5 11 -6.5046 151.6675 2007 11 29 -1.7532 147.3358 50 58
56720 P45554 2007 5 11 -6.5538 152.3517 2007 11 5 -3.023 153.7116 45 NA
57262 P43303 2007 5 11 -6.4994 152.5367 2007 11 27 -8.991 157.6547 45 52
57313 P42575 2007 5 11 -6.4994 152.5367 2007 11 25 -8.923 158.795 50 54
57331 P43349 2007 5 11 -6.4994 152.5367 2007 11 25 -9.0022 157.4465 46 51
57387 P42633 2007 5 11 -6.4994 152.5367 2007 11 17 -7.9733 158.4612 45 50
57747 P43221 2007 5 12 -6.7007 154.4637 2007 11 10 -8.6532 158.6277 42 50
57806 P42454 2007 5 12 -6.7007 154.4637 2007 11 29 -10.189 160.169 48 51
58152 P45745 2007 5 12 -6.7007 154.4637 2007 11 12 -7.7859 157.5723 45 46
57951 P43007 2007 5 12 -6.5632 154.3825 2007 11 23 -6.5 182.7667 46 NA
58183 P43071 2007 5 12 -6.6508 154.3834 2007 11 17 -7.963 158.2537 48 48
58405 P43094 2007 5 12 -6.3474 154.4747 2007 11 23 -5 155 52 NA
58711 P44354 2007 5 13 -6.5675 154.3773 2007 11 2 -1.1685 152.8178 50 43.3
58962 P44491 2007 5 13 -6.5675 154.3773 2007 11 27 -9.4527 159.3305 45 55
60385 P44846 2007 5 17 -5.5438 155.4608 2007 11 5 -3.0119 153.7608 46 NA
60725 Y39637 2007 5 17 -5.5438 155.4608 2007 11 15 3.3833 149.1667 45 51.1
61401 P17686 2007 5 17 -5.5438 155.4608 2007 11 8 -4.6187 154.5558 47 NA
62978 P46010 2007 10 30 -7.8 157.8167 2007 11 4 -6.611 157.0619 48 49
62987 P46019 2007 10 30 -7.8 157.8167 2007 11 18 -8.0842 158.3728 46 48
62988 P46020 2007 10 30 -7.8 157.8167 2007 11 4 -7.9209 157.7486 51 51
62990 P46022 2007 10 30 -7.8 157.8167 2007 11 20 -8.0837 158.662 50 54
62992 P46024 2007 10 30 -7.8 157.8167 2007 11 17 -7.9963 158.2537 56 58
62994 P46026 2007 10 30 -7.8 157.8167 2007 11 25 -9.0039 157.4359 45 48
62996 P46028 2007 10 30 -7.8 157.8167 2007 11 4 -7.9209 157.7486 45 47
63001 P46302 2007 10 30 -7.8 157.8167 2007 11 12 -7.784 157.5724 49 50
63002 P46303 2007 10 30 -7.8 157.8167 2007 11 17 -7.9739 158.3507 46 49
63007 P46308 2007 10 30 -7.8 157.8167 2007 11 2 -8.6533 158.4653 50 51
63011 P46312 2007 10 30 -7.8 157.8167 2007 11 17 -7.9963 158.2537 45 47
63017 P46318 2007 10 30 -7.8 157.8167 2007 11 17 -7.9962 158.2537 46 48
63023 P46324 2007 10 30 -7.8 157.8167 2007 11 18 -8.0842 158.3727 45 46
63031 P46332 2007 10 30 -7.8 157.8167 2007 11 2 -8.6533 158.4653 51 52
63035 P46032 2007 10 30 -7.9098 157.6943 2007 11 12 -7.7861 157.5725 44 49
63038 P46035 2007 10 30 -7.9098 157.6943 2007 11 4 -7.9209 157.7486 45 47
63040 P46037 2007 10 30 -7.9098 157.6943 2007 11 17 -7.9733 158.4612 43 48
63041 P46038 2007 10 30 -7.9098 157.6943 2007 11 25 -7.8906 157.8069 43 48
63043 P46040 2007 10 30 -7.9098 157.6943 2007 11 17 -7.974 158.351 45 48
63046 P46043 2007 10 30 -7.9098 157.6943 2007 11 4 -6.6111 157.062 45 45
63048 P46045 2007 10 30 -7.9098 157.6943 2007 11 12 -7.903 157.6417 49 NA
63052 P46049 2007 10 30 -7.9098 157.6943 2007 11 4 -7.9209 157.7486 44 46
63054 P46051 2007 10 30 -7.9098 157.6943 2007 11 17 -7.9963 158.2537 42 48
63057 P46054 2007 10 30 -7.9098 157.6943 2007 11 11 -7.012 158.0681 44 45
63061 P46058 2007 10 30 -7.9098 157.6943 2007 11 20 -8.084 158.6624 45 55.1
63072 P46069 2007 10 30 -7.9098 157.6943 2007 11 12 -7.7858 157.5721 44 47
63076 P46073 2007 10 30 -7.9098 157.6943 2007 11 4 -6.611 157.0619 46 47
63078 P46075 2007 10 30 -7.9098 157.6943 2007 11 4 -7.9209 157.7486 47 NA
63091 P46088 2007 10 30 -7.9098 157.6943 2007 11 18 -7.9733 158.4612 42 46
63094 P46091 2007 10 30 -7.9098 157.6943 2007 11 12 -7.7861 157.5723 44 46
63095 P46092 2007 10 30 -7.9098 157.6943 2007 11 17 -7.9733 158.4612 41 43.5
63096 P46093 2007 10 30 -7.9098 157.6943 2007 11 17 -7.9733 158.4612 45 49
63103 P46338 2007 10 30 -7.9098 157.6943 2007 11 12 -7.7861 157.5725 44 45
63106 P46341 2007 10 30 -7.9098 157.6943 2007 11 17 -7.9963 158.2537 45 47
63125 P46360 2007 10 30 -7.9098 157.6943 2007 11 17 -7.9962 158.2536 45 48
63129 P46364 2007 10 30 -7.9098 157.6943 2007 11 4 -7.9209 157.7486 43 45
63141 P46376 2007 10 30 -7.9098 157.6943 2007 11 17 -7.9963 158.2537 45 46
63146 P46381 2007 10 30 -7.9098 157.6943 2007 11 17 -7.9964 158.2537 43 41
63151 P46386 2007 10 30 -7.9098 157.6943 2007 11 4 -6.611 157.0619 43 45
63152 P46387 2007 10 30 -7.9098 157.6943 2007 11 17 -7.974 158.351 41 44.5
63153 P46388 2007 10 30 -7.9098 157.6943 2007 11 17 -7.9952 158.2538 45 50
63196 P46531 2007 10 30 -7.9098 157.6943 2007 11 17 -7.9963 158.2537 46 47
63200 P46535 2007 10 30 -7.9098 157.6943 2007 11 4 -7.9209 157.7486 45 46
63221 P46556 2007 10 30 -7.9098 157.6943 2007 11 12 -7.7861 157.5724 44 NA
63502 P46587 2007 10 30 -8.1059 157.9123 2007 11 4 -7.9209 157.7486 46 47
63437 P46231 2007 10 30 -8.2135 158 2007 11 17 -7.9966 158.2535 43 46
63674 P46615 2007 10 31 -8.2988 158.1163 2007 11 18 -8.0841 158.3729 47 49
63689 P46623 2007 10 31 -8.2988 158.1163 2007 11 25 -9.0022 157.4465 51 48
63700 P47010 2007 10 31 -8.2988 158.1163 2007 11 12 -7.9029 157.6417 44 46
63703 P46634 2007 10 31 -8.2988 158.1163 2007 11 25 -9.0022 157.4465 46 47
63722 P47021 2007 10 31 -8.2988 158.1163 2007 11 17 -7.9741 158.3509 44 47
63726 P47023 2007 10 31 -8.2988 158.1163 2007 11 11 -7.012 158.0682 44 47
63732 P47027 2007 10 31 -8.2988 158.1163 2007 11 17 -7.9963 158.2537 44 47
63742 P47033 2007 10 31 -8.2988 158.1163 2007 11 17 -7.9963 158.2537 45 50
63743 P46652 2007 10 31 -8.2988 158.1163 2007 11 19 -8.4887 159.1087 47 NA
63754 P47039 2007 10 31 -8.2988 158.1163 2007 11 20 -8.0842 158.6629 45 49
63755 P46658 2007 10 31 -8.2988 158.1163 2007 11 18 -8.0841 158.3729 46 48
63756 P47040 2007 10 31 -8.2988 158.1163 2007 11 20 -8.084 158.6626 43 49.5
63760 P47043 2007 10 31 -8.2988 158.1163 2007 11 17 -7.9963 158.2537 44 46
63762 P46660 2007 10 31 -8.2988 158.1163 2007 11 17 -7.9963 158.2537 45 49
63778 P47054 2007 10 31 -8.2988 158.1163 2007 11 19 -8.4887 159.1087 44 NA
63779 P46667 2007 10 31 -8.2988 158.1163 2007 11 17 -7.9963 158.2537 46 49
63785 P47057 2007 10 31 -8.2988 158.1163 2007 11 10 -8.7497 158.7497 45 NA
63795 P47063 2007 10 31 -8.2988 158.1163 2007 11 19 -8.4887 159.1087 46 NA
63800 P47066 2007 10 31 -8.2988 158.1163 2007 11 17 -7.9741 158.351 46 50
63808 P46683 2007 10 31 -8.2988 158.1163 2007 11 12 -7.786 157.5725 46 50
63810 P46684 2007 10 31 -8.2988 158.1163 2007 11 17 -7.9963 158.2537 45 48
63823 P46689 2007 10 31 -8.2988 158.1163 2007 11 5 -6.5382 157.0273 44 47
63840 P46254 2007 10 31 -8.2988 158.1163 2007 11 22 -8.4127 159.3487 44 54
63849 P46260 2007 10 31 -8.2988 158.1163 2007 11 17 -7.9733 158.4612 47 51
63851 P46262 2007 10 31 -8.2988 158.1163 2007 11 22 -8.4125 159.3487 48 55
63860 P46271 2007 10 31 -8.2988 158.1163 2007 11 17 -7.9741 158.351 46 48
63862 P46273 2007 10 31 -8.2988 158.1163 2007 11 17 -7.9962 158.2537 46 49
63871 P46282 2007 10 31 -8.2988 158.1163 2007 11 12 -7.7861 157.5725 43 44
63879 P46290 2007 10 31 -8.2988 158.1163 2007 11 17 -7.974 158.3508 47 48
63966 P46182 2007 10 31 -8.2988 158.1163 2007 11 30 -7.9058 157.5973 51 NA
64012 P46928 2007 10 31 -8.2988 158.1163 2007 11 27 -9.4427 159.342 47 48.5
64024 P46940 2007 10 31 -8.2988 158.1163 2007 11 12 -7.7861 157.5725 45 47
64053 P46968 2007 10 31 -8.2988 158.1163 2007 11 17 -7.9963 158.2537 43 46
64064 P46977 2007 10 31 -8.2988 158.1163 2007 11 17 -7.9963 158.2537 48 50
64087 P47000 2007 10 31 -8.2988 158.1163 2007 11 18 -8.0841 158.3729 50 54
64098 P47311 2007 10 31 -8.2988 158.1163 2007 11 14 -8.2994 158.1062 47 49.5
64100 P47313 2007 10 31 -8.2988 158.1163 2007 11 5 -6.5382 157.0273 45 46
64113 P47325 2007 10 31 -8.2988 158.1163 2007 11 12 -7.7861 157.5724 47 47
64119 P47330 2007 10 31 -8.2988 158.1163 2007 11 17 -7.9963 158.2537 45 46
64121 P47331 2007 10 31 -8.2988 158.1163 2007 11 30 -7.9058 157.5973 45 NA
64129 P47337 2007 10 31 -8.2988 158.1163 2007 11 17 -7.9963 158.2537 52 52
64149 P47348 2007 10 31 -8.2988 158.1163 2007 11 12 -7.7859 157.5725 48 49
64169 P47127 2007 10 31 -8.2988 158.1163 2007 11 12 -8.8167 158.5167 45 48
64179 P47132 2007 10 31 -8.2988 158.1163 2007 11 12 -7.786 157.5725 48 48
64182 P47362 2007 10 31 -8.2988 158.1163 2007 11 17 -7.9963 158.2537 45 48
64184 P47363 2007 10 31 -8.2988 158.1163 2007 11 17 -7.9963 158.2537 45 51
64201 P47142 2007 10 31 -8.2988 158.1163 2007 11 17 -7.9963 158.2537 44 47
64215 P47378 2007 10 31 -8.2988 158.1163 2007 11 12 -7.9029 157.6417 54 57
64232 P47158 2007 10 31 -8.2988 158.1163 2007 11 12 -7.7862 157.5722 51 53
64242 P47393 2007 10 31 -8.2988 158.1163 2007 11 12 -7.7861 157.5725 47 46
64249 P47396 2007 10 31 -8.2988 158.1163 2007 11 16 -7.987 158.0304 47 50
64250 P47167 2007 10 31 -8.2988 158.1163 2007 11 17 -7.9963 158.2536 49 55
64258 P47171 2007 10 31 -8.2988 158.1163 2007 11 4 -7.9209 157.7486 43 46
64261 P47174 2007 10 31 -8.2988 158.1163 2007 11 12 -7.9029 157.6417 44 46
64262 P47175 2007 10 31 -8.2988 158.1163 2007 11 12 -7.786 157.5725 41 48
64267 Z30216 2007 10 31 -8.2988 158.1163 2007 11 19 -8.4886 159.1086 36 NA
64330 P46412 2007 10 31 -8.2988 158.1163 2007 11 17 -7.9963 158.2536 45 44
64334 P46416 2007 10 31 -8.2988 158.1163 2007 11 30 -7.9058 157.5973 53 NA
64335 P46417 2007 10 31 -8.2988 158.1163 2007 11 17 -7.9963 158.2537 45 50
64342 P46424 2007 10 31 -8.2988 158.1163 2007 11 12 -7.9029 157.6417 46 46
64365 P46447 2007 10 31 -8.2988 158.1163 2007 11 20 -8.0836 158.6624 44 46
64388 P46470 2007 10 31 -8.2988 158.1163 2007 11 11 -8.75 158.7499 49 49.5
64392 P46474 2007 10 31 -8.2988 158.1163 2007 11 12 -7.9029 157.5751 47 49
64406 P46488 2007 10 31 -8.2988 158.1163 2007 11 20 -8.084 158.6627 52 58.4
64453 P46704 2007 10 31 -8.2988 158.1163 2007 11 30 -7.9058 157.5973 45 NA
64835 P46806 2007 11 1 -7.9035 157.7137 2007 11 4 -7.9209 157.7486 42 45
64837 P46807 2007 11 1 -7.9035 157.7137 2007 11 12 -7.7861 157.5726 51 52
64850 P46813 2007 11 1 -7.9035 157.7137 2007 11 12 -7.9029 157.6417 46 47
64855 P46815 2007 11 1 -7.9035 157.7137 2007 11 4 -8.6533 158.4653 43 48
64856 P47213 2007 11 1 -7.9035 157.7137 2007 11 2 -8.6533 158.4653 46 47
64857 P47214 2007 11 1 -7.9035 157.7137 2007 11 4 -6.611 157.0619 45 47
64858 P47215 2007 11 1 -7.9035 157.7137 2007 11 12 -7.786 157.5724 43 46
64859 P46816 2007 11 1 -7.9035 157.7137 2007 11 17 -7.9741 158.3512 45 48
64860 P47216 2007 11 1 -7.9035 157.7137 2007 11 3 -8.6533 158.4653 45 47
64862 P46818 2007 11 1 -7.9035 157.7137 2007 11 17 -7.9963 158.2536 43 44
64864 P47218 2007 11 1 -7.9035 157.7137 2007 11 17 -7.9963 158.2537 44 45
64865 P47219 2007 11 1 -7.9035 157.7137 2007 11 12 -7.9029 157.6417 45 49
64866 P46819 2007 11 1 -7.9035 157.7137 2007 11 4 -7.9209 157.7486 43 45
64868 P46820 2007 11 1 -7.9035 157.7137 2007 11 4 -7.9209 157.7486 47 48
64869 P46821 2007 11 1 -7.9035 157.7137 2007 11 4 -7.9209 157.7486 43 42
64871 P46822 2007 11 1 -7.9035 157.7137 2007 11 12 -7.9029 157.6417 45 46
64873 P47223 2007 11 1 -7.9035 157.7137 2007 11 17 -7.9963 158.2537 45 47
64875 P46824 2007 11 1 -7.9035 157.7137 2007 11 12 -7.9028 157.6417 44 NA
64876 P47224 2007 11 1 -7.9035 157.7137 2007 11 12 -7.7861 157.5725 47 48
64879 P46826 2007 11 1 -7.9035 157.7137 2007 11 18 -8.0841 158.3729 46 48
64881 P46827 2007 11 1 -7.9035 157.7137 2007 11 17 -7.9739 158.3509 46 50
64882 P47227 2007 11 1 -7.9035 157.7137 2007 11 25 -8.923 158.795 44 57
64883 P46828 2007 11 1 -7.9035 157.7137 2007 11 4 -7.9209 157.7486 45 46
64887 P46830 2007 11 1 -7.9035 157.7137 2007 11 17 -7.9963 158.2537 42 45
64893 P46834 2007 11 1 -7.9035 157.7137 2007 11 17 -7.9963 158.2537 44 45
64896 P46835 2007 11 1 -7.9035 157.7137 2007 11 18 -8.4887 159.1086 46 NA
64900 P47236 2007 11 1 -7.9035 157.7137 2007 11 17 -7.9963 158.2537 43 51
64901 P46837 2007 11 1 -7.9035 157.7137 2007 11 17 -7.9743 158.3509 45 48
64902 P47237 2007 11 1 -7.9035 157.7137 2007 11 4 -7.9209 157.7486 44 46
64903 P46838 2007 11 1 -7.9035 157.7137 2007 11 30 -9.5465 159.3621 47 NA
64904 P46839 2007 11 1 -7.9035 157.7137 2007 11 4 -6.611 157.062 48 48
64913 P46843 2007 11 1 -7.9035 157.7137 2007 11 4 -7.9209 157.7486 43 45
64914 P47243 2007 11 1 -7.9035 157.7137 2007 11 4 -8.6533 158.4653 46 47
64917 P46845 2007 11 1 -7.9035 157.7137 2007 11 2 -8.6533 158.4653 45 47
64919 P46846 2007 11 1 -7.9035 157.7137 2007 11 2 -8.6533 158.4653 46 48
64921 P47246 2007 11 1 -7.9035 157.7137 2007 11 3 -8.6533 158.4653 45 47
64923 P47247 2007 11 1 -7.9035 157.7137 2007 11 4 -8.6533 158.4653 46 48
64924 P46849 2007 11 1 -7.9035 157.7137 2007 11 12 -7.9029 157.6417 44 48
64926 P47249 2007 11 1 -7.9035 157.7137 2007 11 4 -7.9209 157.7486 43 45
64931 P46852 2007 11 1 -7.9035 157.7137 2007 11 17 -7.9964 158.2536 42 50
64933 P46854 2007 11 1 -7.9035 157.7137 2007 11 4 -7.9209 157.7486 44 46
64935 P46855 2007 11 1 -7.9035 157.7137 2007 11 4 -8.6533 158.4653 45 47
64936 P47253 2007 11 1 -7.9035 157.7137 2007 11 12 -7.9029 157.6417 47 48
64945 P46859 2007 11 1 -7.9035 157.7137 2007 11 4 -6.611 157.0619 47 48
64947 P46860 2007 11 1 -7.9035 157.7137 2007 11 20 -8.0841 158.6626 45 56.2
64948 P47260 2007 11 1 -7.9035 157.7137 2007 11 4 -7.9209 157.7486 43 44
64950 P46862 2007 11 1 -7.9035 157.7137 2007 11 12 -7.786 157.5718 47 49
64953 P47262 2007 11 1 -7.9035 157.7137 2007 11 4 -6.611 157.062 44 46
64961 P47267 2007 11 1 -7.9035 157.7137 2007 11 4 -6.611 157.062 46 48
64962 P46867 2007 11 1 -7.9035 157.7137 2007 11 12 -7.7861 157.5725 45 46
64965 P47269 2007 11 1 -7.9035 157.7137 2007 11 18 -8.0841 158.3728 45 48
64969 P46870 2007 11 1 -7.9035 157.7137 2007 11 17 -7.9963 158.2537 50 52
64971 P46871 2007 11 1 -7.9035 157.7137 2007 11 12 -7.7861 157.5725 48 52
64974 P47274 2007 11 1 -7.9035 157.7137 2007 11 12 -7.7861 157.5725 50 51
64975 P47275 2007 11 1 -7.9035 157.7137 2007 11 4 -7.9209 157.7486 45 47
64981 P47278 2007 11 1 -7.9035 157.7137 2007 11 17 -7.9963 158.2537 45 48
64985 P46877 2007 11 1 -7.9035 157.7137 2007 11 12 -7.9029 157.5751 46 46.5
64988 P46879 2007 11 1 -7.9035 157.7137 2007 11 12 -7.7861 157.5724 46 47
64992 P46881 2007 11 1 -7.9035 157.7137 2007 11 12 -7.9029 157.6417 44 49
64998 P47287 2007 11 1 -7.9035 157.7137 2007 11 4 -7.9209 157.7486 47 48
64999 P46884 2007 11 1 -7.9035 157.7137 2007 11 25 -8.923 158.795 45 48
65000 P47288 2007 11 1 -7.9035 157.7137 2007 11 12 -7.9029 157.6417 50 62
65005 P46889 2007 11 1 -7.9035 157.7137 2007 11 4 -7.9209 157.7486 45 47
65009 P46892 2007 11 1 -7.9035 157.7137 2007 11 19 -8.4887 159.1087 47 NA
65010 P46893 2007 11 1 -7.9035 157.7137 2007 11 4 -7.9209 157.7486 45 46
65017 P47293 2007 11 1 -7.9035 157.7137 2007 11 12 -7.9029 157.6417 45 47
65019 P47294 2007 11 1 -7.9035 157.7137 2007 11 12 -7.7861 157.5724 45 48
65020 P47295 2007 11 1 -7.9035 157.7137 2007 11 12 -7.9029 157.6417 45 49
65031 P47085 2007 11 1 -7.9035 157.7137 2007 11 12 -7.7859 157.5724 43 46
65033 P47087 2007 11 1 -7.9035 157.7137 2007 11 12 -7.9029 157.6417 45 47
65034 P47088 2007 11 1 -7.9035 157.7137 2007 11 4 -7.9209 157.7486 50 52
65036 P47090 2007 11 1 -7.9035 157.7137 2007 11 12 -7.7861 157.5724 42 54
65037 P47091 2007 11 1 -7.9035 157.7137 2007 11 4 -7.9209 157.7486 51 53
65042 P47095 2007 11 1 -7.9035 157.7137 2007 11 4 -7.9209 157.7486 46 46
65044 P47097 2007 11 1 -7.9035 157.7137 2007 11 17 -7.9741 158.3509 47 48
65047 P47100 2007 11 1 -7.9035 157.7137 2007 11 4 -7.9209 157.7486 45 45
65049 P48203 2007 11 1 -7.9035 157.7137 2007 11 17 -7.9963 158.2537 45 48
65050 P48204 2007 11 1 -7.9035 157.7137 2007 11 12 -7.7861 157.5724 47 49
65052 P48205 2007 11 1 -7.9035 157.7137 2007 11 4 -8.6533 158.4653 45 48
65053 P48206 2007 11 1 -7.9035 157.7137 2007 11 4 -7.9209 157.7486 46 46
65054 P48207 2007 11 1 -7.9035 157.7137 2007 11 4 -7.9209 157.7486 45 46
65055 P48208 2007 11 1 -7.9035 157.7137 2007 11 4 -7.9209 157.7486 45 47
65056 P47501 2007 11 1 -7.9035 157.7137 2007 11 4 -6.611 157.062 40 46
65058 P48210 2007 11 1 -7.9035 157.7137 2007 11 12 -7.7861 157.5725 46 48
65059 P48211 2007 11 1 -7.9035 157.7137 2007 11 12 -7.7862 157.5724 46 52
65062 P47502 2007 11 1 -7.9035 157.7137 2007 11 12 -7.7863 157.5722 45 48
65064 P48214 2007 11 1 -7.9035 157.7137 2007 11 17 -7.9738 158.3508 47 49
65066 P48215 2007 11 1 -7.9035 157.7137 2007 11 12 -7.7861 157.5725 44 46.5
65071 P47507 2007 11 1 -7.9035 157.7137 2007 11 16 -7.9267 158.0857 44 46
65073 P48218 2007 11 1 -7.9035 157.7137 2007 11 4 -7.9209 157.7486 44 45
65075 P47509 2007 11 1 -7.9035 157.7137 2007 11 12 -7.9029 157.6417 50 52
65076 P48220 2007 11 1 -7.9035 157.7137 2007 11 4 -6.611 157.0619 46 47
65077 P47510 2007 11 1 -7.9035 157.7137 2007 11 17 -7.9963 158.2537 44 45
65078 P48221 2007 11 1 -7.9035 157.7137 2007 11 4 -8.6533 158.4653 46 47
65082 P48222 2007 11 1 -7.9035 157.7137 2007 11 17 -7.9963 158.2537 46 48
65086 P48224 2007 11 1 -7.9035 157.7137 2007 11 4 -6.6111 157.062 48 50
65087 P47516 2007 11 1 -7.9035 157.7137 2007 11 4 -7.9209 157.7486 47 50
65090 P48226 2007 11 1 -7.9035 157.7137 2007 11 11 -8.75 158.7499 45 47
65092 P47519 2007 11 1 -7.9035 157.7137 2007 11 12 -7.7861 157.5724 44 46
65096 P48228 2007 11 1 -7.9035 157.7137 2007 11 4 -7.9209 157.7486 47 47
65104 P48232 2007 11 1 -7.9035 157.7137 2007 11 12 -7.7861 157.5725 46 50
65105 P47527 2007 11 1 -7.9035 157.7137 2007 11 4 -6.611 157.062 45 47
65106 P48233 2007 11 1 -7.9035 157.7137 2007 11 12 -7.9029 157.6417 45 52
65112 P47532 2007 11 1 -7.9035 157.7137 2007 11 4 -6.611 157.062 46 48
65114 P48235 2007 11 1 -7.9035 157.7137 2007 11 17 -7.9963 158.2537 46 49
65117 P48236 2007 11 1 -7.9035 157.7137 2007 11 17 -7.9963 158.2537 49 47
65123 P48240 2007 11 1 -7.9035 157.7137 2007 11 16 -7.9267 158.0856 43 50
65125 P48241 2007 11 1 -7.9035 157.7137 2007 11 4 -6.611 157.062 43 44
65126 P47539 2007 11 1 -7.9035 157.7137 2007 11 4 -7.9209 157.7486 47 49
65133 P47543 2007 11 1 -7.9035 157.7137 2007 11 17 -7.9963 158.2537 47 49
65138 P48248 2007 11 1 -7.9035 157.7137 2007 11 25 -9.0039 157.4359 45 48
65143 P47547 2007 11 1 -7.9035 157.7137 2007 11 16 -7.987 158.0304 44 46
65146 P47549 2007 11 1 -7.9035 157.7137 2007 11 4 -7.9209 157.7486 45 48
65150 P47751 2007 11 1 -7.9035 157.7137 2007 11 12 -7.7861 157.5724 43 50
65151 P47752 2007 11 1 -7.9035 157.7137 2007 11 17 -7.9963 158.2537 40 43
65156 P48256 2007 11 1 -7.9035 157.7137 2007 11 12 -7.9029 157.6417 45 48
65159 P48258 2007 11 1 -7.9035 157.7137 2007 11 17 -7.9962 158.2537 46 53
65163 P48260 2007 11 1 -7.9035 157.7137 2007 11 4 -6.6106 157.0623 44 46
65168 P47760 2007 11 1 -7.9035 157.7137 2007 11 4 -7.9209 157.7486 45 47
65172 P48264 2007 11 1 -7.9035 157.7137 2007 11 4 -7.9209 157.7486 45 47
65177 P48269 2007 11 1 -7.9035 157.7137 2007 11 17 -7.9963 158.2537 46 50
65179 P48270 2007 11 1 -7.9035 157.7137 2007 11 4 -7.9209 157.7486 46 48
65180 P48271 2007 11 1 -7.9035 157.7137 2007 11 4 -7.9209 157.7486 46 47
65183 P48274 2007 11 1 -7.9035 157.7137 2007 11 12 -7.7862 157.5723 45 46
65184 P48275 2007 11 1 -7.9035 157.7137 2007 11 12 -7.9029 157.6417 44 48
65185 Z30775 2007 11 1 -7.9035 157.7137 2007 11 17 -7.9741 158.3509 33 35
65191 P48281 2007 11 1 -7.9035 157.7137 2007 11 12 -7.786 157.5725 46 47
65197 P48287 2007 11 1 -7.9035 157.7137 2007 11 2 -8.6533 158.4653 44 45
65199 P48289 2007 11 1 -7.9035 157.7137 2007 11 4 -7.9209 157.7486 44 46
65200 P48290 2007 11 1 -7.9035 157.7137 2007 11 4 -7.9209 157.7486 42 44
65203 P48293 2007 11 1 -7.9035 157.7137 2007 11 5 -6.5382 157.0273 46 50
65205 P48295 2007 11 1 -7.9035 157.7137 2007 11 12 -7.7862 157.5727 44 46
65214 P46724 2007 11 1 -7.9035 157.7137 2007 11 4 -6.611 157.062 47 47
65215 P46725 2007 11 1 -7.9035 157.7137 2007 11 4 -7.9209 157.7486 47 46
65227 P46737 2007 11 1 -7.9035 157.7137 2007 11 4 -7.9209 157.7486 51 51
65229 P46739 2007 11 1 -7.9035 157.7137 2007 11 4 -7.9209 157.7486 44 45
65232 P46742 2007 11 1 -7.9035 157.7137 2007 11 12 -7.7861 157.5724 48 47
65239 P46749 2007 11 1 -7.9035 157.7137 2007 11 4 -7.9209 157.7486 50 50
65245 P46755 2007 11 1 -7.9035 157.7137 2007 11 4 -8.6533 158.4653 48 49
65251 P46761 2007 11 1 -7.9035 157.7137 2007 11 4 -6.6109 157.062 47 46
65258 P46768 2007 11 1 -7.9035 157.7137 2007 11 17 -7.9963 158.2537 45 47
65259 P46769 2007 11 1 -7.9035 157.7137 2007 11 12 -7.7859 157.5725 43 43
65262 P46772 2007 11 1 -7.9035 157.7137 2007 11 12 -7.7863 157.5723 46 46
65266 P46776 2007 11 1 -7.9035 157.7137 2007 11 17 -7.974 158.3508 45 47
65271 P46781 2007 11 1 -7.9035 157.7137 2007 11 17 -7.9741 158.351 53 51
65274 P46784 2007 11 1 -7.9035 157.7137 2007 11 4 -8.6533 158.4653 46 49
65284 P46794 2007 11 1 -7.9035 157.7137 2007 11 17 -7.9964 158.2536 48 48
65285 P46795 2007 11 1 -7.9035 157.7137 2007 11 4 -7.9209 157.7486 46 45
65289 P46799 2007 11 1 -7.9035 157.7137 2007 11 4 -7.9209 157.7486 51 50
65296 Z30966 2007 11 1 -7.9035 157.7137 2007 11 4 -7.9209 157.7486 35 36
65298 Z30968 2007 11 1 -7.9035 157.7137 2007 11 4 -7.9209 157.7486 38 37
65299 Z30969 2007 11 1 -7.9035 157.7137 2007 11 25 -9.0039 157.4359 44 44
65302 Z30972 2007 11 1 -7.9035 157.7137 2007 11 17 -7.9963 158.2537 47 47
65308 Z30978 2007 11 1 -7.9035 157.7137 2007 11 17 -7.9741 158.351 46 48
65313 Z30983 2007 11 1 -7.9035 157.7137 2007 11 4 -7.9209 157.7486 51 54
65317 P47193 2007 11 1 -7.9035 157.7137 2007 11 17 -7.9741 158.351 45 47.5
65321 P47197 2007 11 1 -7.9035 157.7137 2007 11 4 -6.611 157.062 48 49
65327 P48303 2007 11 1 -7.9035 157.7137 2007 11 4 -8.6533 158.4653 46 48
65329 P48305 2007 11 1 -7.9035 157.7137 2007 11 12 -7.786 157.5724 58 47
65331 P48307 2007 11 1 -7.9035 157.7137 2007 11 2 -8.6533 158.4653 46 46
65337 P48312 2007 11 1 -7.9035 157.7137 2007 11 12 -7.9029 157.6417 54 48
65345 P48320 2007 11 1 -7.9035 157.7137 2007 11 16 -7.987 158.0305 44 51
65352 P48326 2007 11 1 -7.9035 157.7137 2007 11 17 -7.974 158.3508 46 47
65356 P48330 2007 11 1 -7.9035 157.7137 2007 11 2 -8.6533 158.4653 46 46
65358 P48332 2007 11 1 -7.9035 157.7137 2007 11 2 -8.6533 158.4653 47 48
65361 P48335 2007 11 1 -7.9035 157.7137 2007 11 4 -7.9209 157.7486 47 46
65365 P48339 2007 11 1 -7.9035 157.7137 2007 11 17 -7.9741 158.351 47 48
65368 P48342 2007 11 1 -7.9035 157.7137 2007 11 4 -8.6533 158.4653 49 48
65369 P48343 2007 11 1 -7.9035 157.7137 2007 11 17 -7.9963 158.2537 46 47
65370 P48344 2007 11 1 -7.9035 157.7137 2007 11 12 -7.7861 157.5724 49 49
65371 P48345 2007 11 1 -7.9035 157.7137 2007 11 4 -7.9209 157.7486 46 45
65379 P48352 2007 11 1 -7.9035 157.7137 2007 11 18 -8.0841 158.3729 47 48
65380 P48353 2007 11 1 -7.9035 157.7137 2007 11 4 -8.6533 158.4653 48 49
65381 P48354 2007 11 1 -7.9035 157.7137 2007 11 4 -7.9209 157.7486 47 47
65387 P48360 2007 11 1 -7.9035 157.7137 2007 11 4 -6.611 157.062 47 48
65390 P48362 2007 11 1 -7.9035 157.7137 2007 11 4 -7.9209 157.7486 47 47
65393 P48364 2007 11 1 -7.9035 157.7137 2007 11 12 -7.7861 157.5724 46 48
65396 P48366 2007 11 1 -7.9035 157.7137 2007 11 17 -7.9963 158.2537 43 44
65400 P48369 2007 11 1 -7.9035 157.7137 2007 11 4 -7.9209 157.7486 45 45
65402 P48370 2007 11 1 -7.9035 157.7137 2007 11 4 -7.9209 157.7486 47 48
65404 P48371 2007 11 1 -7.9035 157.7137 2007 11 4 -7.9209 157.7486 45 46
65407 P48373 2007 11 1 -7.9035 157.7137 2007 11 17 -7.9963 158.2538 47 49
65409 P48375 2007 11 1 -7.9035 157.7137 2007 11 17 -7.974 158.351 46 47
65411 P48377 2007 11 1 -7.9035 157.7137 2007 11 4 -6.611 157.0619 48 48
65412 P48378 2007 11 1 -7.9035 157.7137 2007 11 4 -7.9209 157.7486 48 48
65414 P48380 2007 11 1 -7.9035 157.7137 2007 11 4 -7.9209 157.7486 47 46
65417 P48383 2007 11 1 -7.9035 157.7137 2007 11 12 -7.786 157.5724 49 51
65419 P48385 2007 11 1 -7.9035 157.7137 2007 11 12 -7.9029 157.6417 57 48
65420 P48386 2007 11 1 -7.9035 157.7137 2007 11 17 -7.9741 158.351 51 53
65424 P48390 2007 11 1 -7.9035 157.7137 2007 11 4 -6.6109 157.0619 49 47
65426 P48392 2007 11 1 -7.9035 157.7137 2007 11 2 -8.6533 158.4653 47 47
65429 P48395 2007 11 1 -7.9035 157.7137 2007 11 12 -7.7861 157.5724 46 47
65433 P48399 2007 11 1 -7.9035 157.7137 2007 11 4 -6.611 157.062 44 45
65439 P47404 2007 11 1 -7.9035 157.7137 2007 11 4 -7.9209 157.7486 48 49
65441 P47406 2007 11 1 -7.9035 157.7137 2007 11 17 -7.9963 158.2537 43 45
65443 P47408 2007 11 1 -7.9035 157.7137 2007 11 20 -8.0841 158.6626 44 48
65451 P48405 2007 11 1 -7.9035 157.7137 2007 11 4 -6.6109 157.062 51 50
65457 P48408 2007 11 1 -7.9035 157.7137 2007 11 17 -7.9741 158.351 45 45
65461 P48410 2007 11 1 -7.9035 157.7137 2007 11 17 -8.0841 158.3729 45 46
65463 P48411 2007 11 1 -7.9035 157.7137 2007 11 17 -7.9733 158.4612 46 48
65469 P48415 2007 11 1 -7.9035 157.7137 2007 11 17 -7.9738 158.3507 39 40
65475 P48418 2007 11 1 -7.9035 157.7137 2007 11 12 -7.786 157.5724 48 48
65483 P47428 2007 11 1 -7.9035 157.7137 2007 11 4 -8.6533 158.4653 44 48
65485 P47430 2007 11 1 -7.9035 157.7137 2007 11 18 -8.0841 158.3729 45 48
65488 P47433 2007 11 1 -7.9035 157.7137 2007 11 18 -8.4887 159.1086 46 NA
65491 P47435 2007 11 1 -7.9035 157.7137 2007 11 4 -8.6533 158.4653 45 46
65493 P47436 2007 11 1 -7.9035 157.7137 2007 11 4 -6.611 157.062 44 46
65494 P48424 2007 11 1 -7.9035 157.7137 2007 11 17 -7.974 158.3509 48 48
65497 P47438 2007 11 1 -7.9035 157.7137 2007 11 12 -7.9029 157.6417 46 48
65499 P47439 2007 11 1 -7.9035 157.7137 2007 11 17 -7.9963 158.2537 45 47
65500 P48427 2007 11 1 -7.9035 157.7137 2007 11 4 -7.9209 157.7486 48 48
65504 P47441 2007 11 1 -7.9035 157.7137 2007 11 12 -7.786 157.5725 46 48
65508 P47443 2007 11 1 -7.9035 157.7137 2007 11 4 -6.611 157.062 45 48
65509 P48432 2007 11 1 -7.9035 157.7137 2007 11 4 -7.9209 157.7486 47 44
65518 P48436 2007 11 1 -7.9035 157.7137 2007 11 17 -7.9963 158.2537 46 46
65523 P48439 2007 11 1 -7.9035 157.7137 2007 11 4 -6.611 157.062 47 46
65524 P47451 2007 11 1 -7.9035 157.7137 2007 11 12 -7.7858 157.5725 45 49
65525 P48440 2007 11 1 -7.9035 157.7137 2007 11 4 -6.611 157.0619 45 45
65527 P48441 2007 11 1 -7.9035 157.7137 2007 11 17 -7.9963 158.2537 47 48
65532 P48442 2007 11 1 -7.9035 157.7137 2007 11 4 -7.9209 157.7486 41 42
65534 P48443 2007 11 1 -7.9035 157.7137 2007 11 4 -7.9209 157.7486 48 49
65535 P47458 2007 11 1 -7.9035 157.7137 2007 11 4 -7.9209 157.7486 46 47
65536 P48444 2007 11 1 -7.9035 157.7137 2007 11 17 -7.9963 158.2537 46 46
65538 P48445 2007 11 1 -7.9035 157.7137 2007 11 12 -7.7861 157.5721 48 48
65542 P47462 2007 11 1 -7.9035 157.7137 2007 11 4 -6.611 157.062 46 47
65548 P47465 2007 11 1 -7.9035 157.7137 2007 11 12 -7.786 157.5725 46 48
65549 P48450 2007 11 1 -7.9035 157.7137 2007 11 17 -7.9742 158.3508 43 44
65551 P48451 2007 11 1 -7.9035 157.7137 2007 11 12 -7.786 157.5727 46 47
65554 P47468 2007 11 1 -7.9035 157.7137 2007 11 4 -7.9209 157.7486 44 46
65556 P48454 2007 11 1 -7.9035 157.7137 2007 11 4 -7.9209 157.7486 46 39
65558 P48455 2007 11 1 -7.9035 157.7137 2007 11 12 -7.9029 157.6417 46 49
65560 P48456 2007 11 1 -7.9035 157.7137 2007 11 4 -7.9209 157.7486 49 47
65565 P48458 2007 11 1 -7.9035 157.7137 2007 11 12 -7.9029 157.6417 52 53
65570 P48461 2007 11 1 -7.9035 157.7137 2007 11 17 -7.9964 158.2536 46 47
65575 P48464 2007 11 1 -7.9035 157.7137 2007 11 4 -7.9209 157.7486 43 44
65577 P48465 2007 11 1 -7.9035 157.7137 2007 11 17 -7.9963 158.2537 49 50
65587 P47483 2007 11 1 -7.9035 157.7137 2007 11 5 -6.5382 157.0273 48 52
65594 P48474 2007 11 1 -7.9035 157.7137 2007 11 17 -7.9963 158.2537 48 49
65599 P47490 2007 11 1 -7.9035 157.7137 2007 11 29 -10.03 160.2453 44 NA
65602 P48477 2007 11 1 -7.9035 157.7137 2007 11 12 -7.9029 157.6417 45 48
65603 P47492 2007 11 1 -7.9035 157.7137 2007 11 4 -7.9209 157.7486 45 46
65604 P48478 2007 11 1 -7.9035 157.7137 2007 11 17 -7.9741 158.351 46 46
65613 P48483 2007 11 1 -7.9035 157.7137 2007 11 12 -7.9029 157.6417 47 52
65619 P47499 2007 11 1 -7.9035 157.7137 2007 11 12 -7.7861 157.5725 45 51
65622 P48488 2007 11 1 -7.9035 157.7137 2007 11 4 -7.9209 157.7486 49 47
65623 P48489 2007 11 1 -7.9035 157.7137 2007 11 4 -7.9209 157.7486 44 42
65625 P48491 2007 11 1 -7.9035 157.7137 2007 11 17 -7.9963 158.2536 43 45
65627 P48493 2007 11 1 -7.9035 157.7137 2007 11 4 -7.9209 157.7486 47 46
65637 P48103 2007 11 1 -7.9035 157.7137 2007 11 4 -7.9209 157.7486 45 47
65640 P48106 2007 11 1 -7.9035 157.7137 2007 11 4 -6.611 157.062 45 46
65641 P48107 2007 11 1 -7.9035 157.7137 2007 11 17 -7.974 158.3509 45 47
65654 P48120 2007 11 1 -7.9035 157.7137 2007 11 17 -7.9963 158.2537 44 48
65657 P48123 2007 11 1 -7.9035 157.7137 2007 11 4 -8.6533 158.4653 45 47
65658 P48124 2007 11 1 -7.9035 157.7137 2007 11 12 -7.9029 157.6417 46 48
65664 P48130 2007 11 1 -7.9035 157.7137 2007 11 17 -7.9963 158.2536 46 47
65665 P48131 2007 11 1 -7.9035 157.7137 2007 11 4 -6.611 157.062 45 46
65670 P48136 2007 11 1 -7.9035 157.7137 2007 11 17 -7.9733 158.4612 43 46
65678 P48144 2007 11 1 -7.9035 157.7137 2007 11 17 -7.9961 158.2534 48 49
65679 P48145 2007 11 1 -7.9035 157.7137 2007 11 12 -7.786 157.5724 48 50
65681 P48147 2007 11 1 -7.9035 157.7137 2007 11 4 -7.9209 157.7486 47 47
65684 P48150 2007 11 1 -7.9035 157.7137 2007 11 4 -6.611 157.062 45 47
65691 P48157 2007 11 1 -7.9035 157.7137 2007 11 17 -7.9963 158.2537 41 45
65695 P48161 2007 11 1 -7.9035 157.7137 2007 11 12 -7.7861 157.5723 53 54
65697 P48163 2007 11 1 -7.9035 157.7137 2007 11 16 -7.987 158.0304 45 46
65702 P48168 2007 11 1 -7.9035 157.7137 2007 11 2 -8.6533 158.4653 44 45
65703 P48169 2007 11 1 -7.9035 157.7137 2007 11 4 -7.9209 157.7486 45 47
65704 P48170 2007 11 1 -7.9035 157.7137 2007 11 17 -7.9963 158.2537 45 46
65705 P48171 2007 11 1 -7.9035 157.7137 2007 11 4 -6.611 157.062 46 47
65706 P48172 2007 11 1 -7.9035 157.7137 2007 11 4 -7.9209 157.7486 45 47
65711 P48177 2007 11 1 -7.9035 157.7137 2007 11 30 -7.9058 157.5973 49 NA
65713 P48179 2007 11 1 -7.9035 157.7137 2007 11 4 -7.9209 157.7486 45 46
65716 P48182 2007 11 1 -7.9035 157.7137 2007 11 4 -7.9209 157.7486 49 52
65717 P48183 2007 11 1 -7.9035 157.7137 2007 11 17 -7.9733 158.4612 45 48
65719 P48185 2007 11 1 -7.9035 157.7137 2007 11 17 -7.9963 158.2537 46 48
65726 P48192 2007 11 1 -7.9035 157.7137 2007 11 4 -7.9209 157.7486 48 46
65729 P48195 2007 11 1 -7.9035 157.7137 2007 11 12 -7.786 157.5724 47 46
65745 P48011 2007 11 1 -7.9035 157.7137 2007 11 4 -6.6109 157.0619 48 49
65749 P48015 2007 11 1 -7.9035 157.7137 2007 11 12 -7.9029 157.6417 45 48
65754 P48020 2007 11 1 -7.9035 157.7137 2007 11 4 -6.6109 157.062 46 48
65765 P48031 2007 11 1 -7.9035 157.7137 2007 11 4 -7.9209 157.7486 47 48
65772 P48038 2007 11 1 -7.9035 157.7137 2007 11 12 -7.7859 157.5724 47 NA
65773 P48039 2007 11 1 -7.9035 157.7137 2007 11 4 -7.9209 157.7486 43 45
65787 P48053 2007 11 1 -7.9035 157.7137 2007 11 12 -7.7861 157.5724 44 47
65790 P48056 2007 11 1 -7.9035 157.7137 2007 11 4 -7.9209 157.7486 46 48
65796 P48062 2007 11 1 -7.9035 157.7137 2007 11 4 -7.9209 157.7486 45 46
65813 P48079 2007 11 1 -7.9035 157.7137 2007 11 17 -7.9963 158.2537 50 49
65816 P48082 2007 11 1 -7.9035 157.7137 2007 11 4 -7.9209 157.7486 46 47
65817 P48083 2007 11 1 -7.9035 157.7137 2007 11 4 -7.9209 157.7486 47 50
65824 P48090 2007 11 1 -7.9035 157.7137 2007 11 17 -7.9963 158.2537 45 46
65830 P48096 2007 11 1 -7.9035 157.7137 2007 11 12 -7.786 157.5725 45 47
65860 P47601 2007 11 1 -7.8199 157.6112 2007 11 17 -7.9963 158.2537 49 50
65861 P47602 2007 11 1 -7.8199 157.6112 2007 11 4 -7.9209 157.7486 48 48
65862 P47603 2007 11 1 -7.8199 157.6112 2007 11 12 -7.7861 157.5725 45 49
65890 P47708 2007 11 1 -7.8199 157.6112 2007 11 4 -8.6533 158.4653 45 48
65891 P47709 2007 11 1 -7.8199 157.6112 2007 11 4 -7.9209 157.7486 47 48
65899 P47717 2007 11 1 -7.8199 157.6112 2007 11 17 -7.9963 158.2537 45 46
65903 P47721 2007 11 1 -7.8199 157.6112 2007 11 17 -7.9963 158.2537 46 49
65904 P47722 2007 11 1 -7.8199 157.6112 2007 11 16 -7.987 158.0304 45 48
65906 P47551 2007 11 1 -7.7332 157.5685 2007 11 12 -7.9029 157.6417 44 46
65911 P47608 2007 11 1 -7.7332 157.5685 2007 11 17 -7.9963 158.2537 45 47
65915 P47612 2007 11 1 -7.7332 157.5685 2007 11 17 -7.9963 158.2537 47 48
65917 P47725 2007 11 1 -7.7332 157.5685 2007 11 25 -9.0039 157.4359 46 47
65970 Z31016 2007 11 1 -7.6745 157.473 2007 11 17 -7.9741 158.351 36 41
65983 Z31025 2007 11 1 -7.6745 157.473 2007 11 18 -8.0841 158.3729 35 50
66031 Z31061 2007 11 1 -7.6745 157.473 2007 11 12 -7.786 157.5724 32 34
66221 P47577 2007 11 1 -7.5635 157.2467 2007 11 12 -7.9029 157.6417 45 49
66238 P47591 2007 11 1 -7.5635 157.2467 2007 11 12 -7.786 157.5724 46 48
66272 P47746 2007 11 1 -7.5635 157.2467 2007 11 12 -7.9029 157.6417 52 54
66285 Z31175 2007 11 1 -7.5635 157.2467 2007 11 6 -8.0012 158.2409 36 35
66286 P47615 2007 11 1 -7.5635 157.2467 2007 11 12 -7.7861 157.5725 45 48
66290 P47619 2007 11 1 -7.5635 157.2467 2007 11 17 -7.9963 158.2537 50 49
66301 P47792 2007 11 1 -7.5635 157.2467 2007 11 17 -7.9963 158.2537 51 50
66306 P47798 2007 11 1 -7.5635 157.2467 2007 11 12 -7.7861 157.5724 50 55
66368 P47815 2007 11 1 -7.5635 157.2467 2007 11 17 -7.9963 158.2537 46 48
66378 P47825 2007 11 1 -7.5635 157.2467 2007 11 16 -7.987 158.0304 51 53
66382 P47829 2007 11 1 -7.5635 157.2467 2007 11 12 -7.786 157.5724 39 42
66388 P47935 2007 11 2 -7.56 157.1608 2007 11 17 -7.9962 158.2536 51 49
66402 P47832 2007 11 2 -7.56 157.1608 2007 11 17 -7.9733 158.4612 50 53
66405 P47835 2007 11 2 -7.56 157.1608 2007 11 30 -7.9058 157.5973 48 NA
66406 P47836 2007 11 2 -7.56 157.1608 2007 11 10 -7.7501 158.2503 49 48
66424 P47622 2007 11 2 -7.56 157.1608 2007 11 17 -7.9741 158.3509 48 48
66446 P47952 2007 11 2 -7.5337 156.8142 2007 11 17 -7.9963 158.2537 47 50
66447 P47953 2007 11 2 -7.5337 156.8142 2007 11 17 -7.9963 158.2537 44 47
66475 P47981 2007 11 2 -7.5337 156.8142 2007 11 17 -7.9266 158.0857 45 47
66488 P47994 2007 11 2 -7.5337 156.8142 2007 11 30 -7.9058 157.5973 43 NA
66491 P47997 2007 11 2 -7.5337 156.8142 2007 11 18 -8.0841 158.3729 43 46
66501 P48907 2007 11 2 -7.5337 156.8142 2007 11 18 -8.0841 158.3729 45 46
66505 P48911 2007 11 2 -7.5337 156.8142 2007 11 3 -7.6312 157.0668 46 47
66513 P48919 2007 11 2 -7.5337 156.8142 2007 11 20 -8.0839 158.6628 47 55.3
66527 P48933 2007 11 2 -7.5337 156.8142 2007 11 19 -8.4933 159.0927 45 NA
66533 P48940 2007 11 2 -7.5337 156.8142 2007 11 12 -7.9029 157.6417 47 47
66537 P48944 2007 11 2 -7.5337 156.8142 2007 11 17 -7.9963 158.2537 46 46
66539 P48946 2007 11 2 -7.5337 156.8142 2007 11 12 -7.786 157.5722 48 51
66545 P48952 2007 11 2 -7.5337 156.8142 2007 11 12 -7.7861 157.5724 45 48
66547 P48954 2007 11 2 -7.5337 156.8142 2007 11 17 -7.9963 158.2537 45 48
66559 P48966 2007 11 2 -7.5337 156.8142 2007 11 12 -7.9029 157.6417 48 51
66566 P48973 2007 11 2 -7.5337 156.8142 2007 11 18 -8.0841 158.3729 45 47
66571 P48978 2007 11 2 -7.5337 156.8142 2007 11 17 -7.9741 158.351 45 48
66573 P48980 2007 11 2 -7.5337 156.8142 2007 11 17 -7.974 158.351 47 48
66574 P48981 2007 11 2 -7.5337 156.8142 2007 11 12 -7.7861 157.5725 44 46
66577 P48984 2007 11 2 -7.5337 156.8142 2007 11 17 -7.974 158.351 43 47
66583 P48990 2007 11 2 -7.5337 156.8142 2007 11 12 -7.7861 157.5724 43 46
66588 P48995 2007 11 2 -7.5337 156.8142 2007 11 12 -7.9029 157.6417 46 47
66593 P49000 2007 11 2 -7.5337 156.8142 2007 11 17 -7.9963 158.2537 46 50
66597 P48504 2007 11 2 -7.5337 156.8142 2007 11 17 -7.9733 158.4612 46 47
66603 P48510 2007 11 2 -7.5337 156.8142 2007 11 12 -7.9029 157.5751 44 45.2
66614 P48521 2007 11 2 -7.5337 156.8142 2007 11 17 -7.9963 158.2537 44 46
66616 P48523 2007 11 2 -7.5337 156.8142 2007 11 17 -7.9963 158.2537 46 47
66621 P48528 2007 11 2 -7.5337 156.8142 2007 11 17 -7.9963 158.2537 44 46.5
66625 P48532 2007 11 2 -7.5337 156.8142 2007 11 17 -7.9963 158.2537 47 48
66626 P48533 2007 11 2 -7.5337 156.8142 2007 11 18 -8.0841 158.3729 45 47
66628 P48535 2007 11 2 -7.5337 156.8142 2007 11 17 -7.9963 158.2537 43 47
66632 P48539 2007 11 2 -7.5337 156.8142 2007 11 17 -7.9741 158.351 45 50
66633 P48540 2007 11 2 -7.5337 156.8142 2007 11 12 -7.7861 157.5724 46 49
66642 P48549 2007 11 2 -7.5337 156.8142 2007 11 17 -7.9963 158.2537 46 47
66645 P48552 2007 11 2 -7.5337 156.8142 2007 11 12 -7.7861 157.5724 48 49
66655 P48561 2007 11 2 -7.5337 156.8142 2007 11 12 -7.7861 157.5724 44 45
66656 P48562 2007 11 2 -7.5337 156.8142 2007 11 17 -7.9963 158.2537 45 49
66658 P48564 2007 11 2 -7.5337 156.8142 2007 11 17 -7.9733 158.4612 45 48
66659 P48565 2007 11 2 -7.5337 156.8142 2007 11 17 -7.9963 158.2537 46 47
66662 P49102 2007 11 2 -7.5337 156.8142 2007 11 17 -7.9962 158.2536 46 46
66664 P49103 2007 11 2 -7.5337 156.8142 2007 11 17 -7.9741 158.3509 47 48
66674 P49108 2007 11 2 -7.5337 156.8142 2007 11 12 -7.7862 157.5722 47 55
66679 P49111 2007 11 2 -7.5337 156.8142 2007 11 18 -8.0841 158.3729 45 47
66680 P48576 2007 11 2 -7.5337 156.8142 2007 11 12 -7.9029 157.6417 49 49
66688 P49116 2007 11 2 -7.5337 156.8142 2007 11 17 -7.9963 158.2537 45 44
66689 P48580 2007 11 2 -7.5337 156.8142 2007 11 17 -7.9741 158.351 41 45
66695 P48585 2007 11 2 -7.5337 156.8142 2007 11 19 -8.4887 159.1087 46 NA
66696 P49118 2007 11 2 -7.5337 156.8142 2007 11 20 -8.0841 158.6627 46 47.8
66702 P49121 2007 11 2 -7.5337 156.8142 2007 11 17 -7.9963 158.2537 47 58
66717 P48598 2007 11 2 -7.5337 156.8142 2007 11 12 -7.7859 157.5722 44 48
66720 P49129 2007 11 2 -7.5337 156.8142 2007 11 12 -7.9029 157.6417 46 46
66723 P49132 2007 11 2 -7.5337 156.8142 2007 11 17 -7.9963 158.2537 42 45
66724 P49133 2007 11 2 -7.5337 156.8142 2007 11 19 -8.4933 159.0927 46 NA
66730 P49137 2007 11 2 -7.5337 156.8142 2007 11 18 -8.0841 158.3729 41 41.5
66733 P48603 2007 11 2 -7.5337 156.8142 2007 11 12 -7.9029 157.6417 45 49
66737 P48607 2007 11 2 -7.5337 156.8142 2007 11 16 -7.987 158.0304 45 49
66738 P48608 2007 11 2 -7.5337 156.8142 2007 11 17 -7.9963 158.2537 45 47
66743 P48613 2007 11 2 -7.5337 156.8142 2007 11 17 -7.9963 158.2536 45 51
66744 P48614 2007 11 2 -7.5337 156.8142 2007 11 4 -7.9209 157.7486 46 46
66748 P48617 2007 11 2 -7.5337 156.8142 2007 11 16 -7.9266 158.0857 47 48
66750 P48619 2007 11 2 -7.5337 156.8142 2007 11 17 -7.9963 158.2537 45 48
66764 P48629 2007 11 2 -7.5337 156.8142 2007 11 12 -7.9029 157.6417 47 48
66773 P48636 2007 11 2 -7.5337 156.8142 2007 11 20 -8.084 158.6626 45 51
66775 P48637 2007 11 2 -7.5337 156.8142 2007 11 17 -7.9963 158.2537 45 48
66782 P48644 2007 11 2 -7.5337 156.8142 2007 11 12 -7.9029 157.6417 45 47
66789 P48651 2007 11 2 -7.5337 156.8142 2007 11 17 -7.9963 158.2537 42 45
66791 P48653 2007 11 2 -7.5337 156.8142 2007 11 10 -7.7501 158.2503 40 40
66802 P47637 2007 11 2 -7.5337 156.8142 2007 11 17 -7.9963 158.2537 46 51
66812 P47644 2007 11 2 -7.5337 156.8142 2007 11 12 -7.786 157.5725 41 44
66829 P47660 2007 11 2 -7.5337 156.8142 2007 11 16 -7.987 158.0304 45 47
66839 P48806 2007 11 2 -7.5337 156.8142 2007 11 19 -8.4887 159.1087 46 41
66840 P47666 2007 11 2 -7.5337 156.8142 2007 11 17 -7.9741 158.351 46 48
66849 P47671 2007 11 2 -7.5337 156.8142 2007 11 25 -9.0022 157.4465 47 46
66864 P48820 2007 11 2 -7.5337 156.8142 2007 11 12 -7.7861 157.5724 44 NA
66866 P48821 2007 11 2 -7.5337 156.8142 2007 11 12 -7.786 157.5724 47 51
66873 P48824 2007 11 2 -7.5337 156.8142 2007 11 18 -8.0841 158.3729 45 49
66877 P48828 2007 11 2 -7.5337 156.8142 2007 11 4 -7.9209 157.7486 45 46
66889 P47687 2007 11 2 -7.5337 156.8142 2007 11 17 -7.9963 158.2537 46 46
66905 P48838 2007 11 2 -7.5337 156.8142 2007 11 12 -7.7861 157.5723 45 51
66941 P48873 2007 11 2 -7.5337 156.8142 2007 11 18 -8.0841 158.3729 44 47
66944 P48876 2007 11 2 -7.5337 156.8142 2007 11 2 -7.5337 156.8039 50 48
66949 P48881 2007 11 2 -7.5337 156.8142 2007 11 12 -7.7861 157.5725 52 55
66962 P48894 2007 11 2 -7.5337 156.8142 2007 11 12 -7.786 157.5725 46 NA
66965 P48897 2007 11 2 -7.5337 156.8142 2007 11 12 -7.9029 157.6417 49 50
66966 P48898 2007 11 2 -7.5337 156.8142 2007 11 16 -7.987 158.0304 44 46
66970 P49001 2007 11 2 -7.5337 156.8142 2007 11 17 -7.9963 158.2537 46 48
66974 P49004 2007 11 2 -7.5337 156.8142 2007 11 17 -7.9733 158.4612 45 50
66981 P47854 2007 11 2 -7.5337 156.8142 2007 11 17 -7.9743 158.3513 45 47
66985 P49011 2007 11 2 -7.5337 156.8142 2007 11 17 -7.9963 158.2537 40 47
66986 P47857 2007 11 2 -7.5337 156.8142 2007 11 17 -7.9963 158.2537 46 47
66987 P47858 2007 11 2 -7.5337 156.8142 2007 11 17 -7.9741 158.3509 45 47
67003 P49017 2007 11 2 -7.5337 156.8142 2007 11 17 -7.9963 158.2537 44 48
67061 P49034 2007 11 2 -7.5337 156.8142 2007 11 12 -7.9029 157.6417 46 49
67066 P49037 2007 11 2 -7.5337 156.8142 2007 11 17 -7.974 158.351 43 46.5
67098 P47891 2007 11 2 -7.5337 156.8142 2007 11 17 -7.974 158.3508 51 53.3
67105 P47898 2007 11 2 -7.5337 156.8142 2007 11 12 -7.9029 157.6417 44 47
67125 P49060 2007 11 2 -7.5337 156.8142 2007 11 18 -8.0841 158.3729 44 48
67127 P49062 2007 11 2 -7.5337 156.8142 2007 11 18 -8.0841 158.3729 45 46
67128 P49063 2007 11 2 -7.5337 156.8142 2007 11 18 -8.0841 158.3729 44 48
67148 P49083 2007 11 2 -7.5337 156.8142 2007 11 12 -7.7861 157.5724 46 50
67159 P49094 2007 11 2 -7.5337 156.8142 2007 11 17 -7.9741 158.351 46 49
67165 P49100 2007 11 2 -7.5337 156.8142 2007 11 17 -7.9963 158.2537 47 49
67174 P48704 2007 11 2 -7.5337 156.8142 2007 11 17 -7.9963 158.2537 46 49
67187 P48717 2007 11 2 -7.5337 156.8142 2007 11 17 -7.9963 158.2537 44 46
67193 P48723 2007 11 2 -7.5337 156.8142 2007 11 17 -7.9963 158.2537 45 52
67201 P48731 2007 11 2 -7.5337 156.8142 2007 11 12 -7.7861 157.5724 45 47
67206 P48736 2007 11 2 -7.5337 156.8142 2007 11 17 -7.9741 158.351 45 48
67207 P48737 2007 11 2 -7.5337 156.8142 2007 11 18 -8.0841 158.3729 45 48
67211 P48741 2007 11 2 -7.5337 156.8142 2007 11 19 -8.4887 159.1087 45 NA
67026 P48656 2007 11 2 -7.5308 156.8039 2007 11 17 -7.9963 158.2537 43 47
67068 P48689 2007 11 2 -7.5308 156.8039 2007 11 17 -7.9963 158.2537 45 56
67074 P48692 2007 11 2 -7.5308 156.8039 2007 11 17 -7.9963 158.2537 44 46
67079 P48696 2007 11 2 -7.5308 156.8039 2007 11 7 -7.2499 158.2499 45 46
67082 P48699 2007 11 2 -7.5308 156.8039 2007 11 12 -7.7861 157.5724 45 47
67083 P48700 2007 11 2 -7.5308 156.8039 2007 11 17 -7.9963 158.2537 46 51
67275 P49604 2007 11 2 -7.5308 156.8039 2007 11 12 -7.7861 157.5724 45 47
67285 P49610 2007 11 2 -7.5308 156.8039 2007 11 12 -7.9029 157.6417 46 46
67289 P49612 2007 11 2 -7.5308 156.8039 2007 11 12 -7.9029 157.6417 44 46
67291 P49613 2007 11 2 -7.5308 156.8039 2007 11 12 -7.9029 157.6417 46 49
67293 P49614 2007 11 2 -7.5308 156.8039 2007 11 17 -7.9963 158.2537 46 47
67298 P49151 2007 11 2 -7.5308 156.8039 2007 11 17 -7.9963 158.2537 44 46
67299 P49616 2007 11 2 -7.5308 156.8039 2007 11 12 -7.7859 157.5723 43 47
67301 P49617 2007 11 2 -7.5308 156.8039 2007 11 20 -8.084 158.6626 44 54
67303 P49618 2007 11 2 -7.5308 156.8039 2007 11 17 -7.9741 158.351 45 45
67313 P49624 2007 11 2 -7.5308 156.8039 2007 11 17 -7.9962 158.2537 44 48
67316 P49627 2007 11 2 -7.5308 156.8039 2007 11 19 -8.4887 159.1087 44 NA
67317 P49628 2007 11 2 -7.5308 156.8039 2007 11 17 -7.9741 158.3509 43 46.5
67320 P49631 2007 11 2 -7.5308 156.8039 2007 11 18 -8.0841 158.3729 45 48
67345 P49656 2007 11 2 -7.5308 156.8039 2007 11 30 -10.093 159.642 45 NA
67352 P49663 2007 11 2 -7.5308 156.8039 2007 11 12 -7.9029 157.6417 44 46
67374 P49685 2007 11 2 -7.5308 156.8039 2007 11 12 -7.786 157.5724 45 48
67380 P48747 2007 11 2 -7.5308 156.8039 2007 11 17 -7.9963 158.2537 44 48
67387 P48754 2007 11 2 -7.5308 156.8039 2007 11 17 -7.9963 158.2537 47 48
67402 P48769 2007 11 2 -7.5308 156.8039 2007 11 19 -8.4886 159.1087 45 NA
67415 P48782 2007 11 2 -7.5308 156.8039 2007 11 12 -7.7861 157.5725 45 47
67417 P48784 2007 11 2 -7.5308 156.8039 2007 11 12 -7.786 157.5724 45 48
67421 P48788 2007 11 2 -7.5308 156.8039 2007 11 12 -7.9029 157.6417 45 48
67427 P48794 2007 11 2 -7.5308 156.8039 2007 11 19 -8.4887 159.1087 47 NA
67445 Z30866 2007 11 2 -7.5308 156.8039 2007 11 7 -7.2499 158.2499 37 38
67493 P49531 2007 11 2 -7.5308 156.8039 2007 11 18 -8.0841 158.3729 45 46
67509 P49547 2007 11 2 -7.5308 156.8039 2007 11 30 -7.9058 157.5973 45 NA
67515 P49553 2007 11 2 -7.5308 156.8039 2007 11 17 -7.9733 158.4612 44 50
110012 P49138 2007 11 2 -7.5308 156.8039 2007 11 17 -7.9963 158.2537 45 48
67562 P49692 2007 11 3 -7.4075 156.8667 2007 11 17 -7.9963 158.2537 43 46
67567 P49697 2007 11 3 -7.4075 156.8667 2007 11 12 -7.9029 157.5751 45 47.8
67568 P49698 2007 11 3 -7.4075 156.8667 2007 11 17 -7.9741 158.351 45 47
67574 P49703 2007 11 3 -7.4075 156.8667 2007 11 12 -7.7861 157.5724 48 49
67576 P49705 2007 11 3 -7.4075 156.8667 2007 11 17 -7.9733 158.4612 48 49
67580 P49709 2007 11 3 -7.4075 156.8667 2007 11 17 -7.9963 158.2537 45 48
67583 P49711 2007 11 3 -7.4075 156.8667 2007 11 17 -7.974 158.3509 47 48
67585 P49163 2007 11 3 -7.4075 156.8667 2007 11 17 -7.9963 158.2537 50 50
67587 P49165 2007 11 3 -7.4075 156.8667 2007 11 18 -8.0841 158.3729 46 48
67590 P49168 2007 11 3 -7.4075 156.8667 2007 11 17 -7.9963 158.2536 45 46
67592 P49170 2007 11 3 -7.4075 156.8667 2007 11 12 -7.9029 157.6417 47 47
67597 P49175 2007 11 3 -7.4075 156.8667 2007 11 12 -7.786 157.5724 48 49
67600 P49178 2007 11 3 -7.4075 156.8667 2007 11 17 -7.9963 158.2537 48 48
67605 P49597 2007 11 3 -7.4075 156.8667 2007 11 12 -7.9029 157.6417 48 39
67620 P49812 2007 11 3 -7.4075 156.8667 2007 11 18 -8.0841 158.3729 48 47
67621 P49813 2007 11 3 -7.4075 156.8667 2007 11 20 -8.084 158.6626 46 52
67627 P49819 2007 11 3 -7.4075 156.8667 2007 11 17 -7.9963 158.2537 46 49
67630 P49822 2007 11 3 -7.4075 156.8667 2007 11 17 -7.9963 158.2537 46 47
67658 P49189 2007 11 3 -7.35 156.7167 2007 11 17 -7.9963 158.2537 48 46
67692 P50035 2007 11 3 -7.35 156.7167 2007 11 17 -7.9963 158.2536 42 46
67709 P50052 2007 11 3 -7.35 156.7167 2007 11 17 -7.9964 158.2537 50 49
67723 P50066 2007 11 3 -7.35 156.7167 2007 11 17 -7.9741 158.3509 47 47
67732 P50075 2007 11 3 -7.35 156.7167 2007 11 25 -7.7168 157.5143 44 50
67737 P50080 2007 11 3 -7.35 156.7167 2007 11 17 -7.9963 158.2536 45 47
67739 P50082 2007 11 3 -7.35 156.7167 2007 11 17 -7.9963 158.2537 46 48
67743 P50086 2007 11 3 -7.35 156.7167 2007 11 16 -7.987 158.0304 44 46.5
67751 P50094 2007 11 3 -7.35 156.7167 2007 11 12 -7.9029 157.6417 45 49
67753 P50095 2007 11 3 -7.35 156.7167 2007 11 27 -8.9907 157.652 44 46
67755 P50097 2007 11 3 -7.35 156.7167 2007 11 12 -7.9029 157.6417 44 47
67756 P50098 2007 11 3 -7.35 156.7167 2007 11 12 -7.7861 157.5724 45 47
67758 P50100 2007 11 3 -7.35 156.7167 2007 11 12 -7.786 157.5724 48 49
67783 P49737 2007 11 3 -7.35 156.7167 2007 11 17 -7.9963 158.2537 45 46
67787 P49741 2007 11 3 -7.35 156.7167 2007 11 17 -7.9963 158.2537 45 46
67805 P49759 2007 11 3 -7.35 156.7167 2007 11 10 -8.7497 158.7497 44 32
67843 P49797 2007 11 3 -7.35 156.7167 2007 11 12 -7.786 157.5724 46 50
67845 P49799 2007 11 3 -7.35 156.7167 2007 11 17 -7.9733 158.4612 51 54
67847 P49301 2007 11 3 -7.35 156.7167 2007 11 12 -7.7861 157.5725 48 45
67853 P49307 2007 11 3 -7.35 156.7167 2007 11 17 -7.9963 158.2537 50 50
67920 P49934 2007 11 3 -7.35 156.7167 2007 11 27 -8.9907 157.652 45 44
67942 P49952 2007 11 3 -7.35 156.7167 2007 11 17 -7.9963 158.2537 45 46
68053 P50509 2007 11 3 -7.35 156.7167 2007 11 12 -7.786 157.5724 45 47
68056 P50512 2007 11 3 -7.35 156.7167 2007 11 12 -7.9029 157.6417 47 48
68105 P49240 2007 11 3 -7.35 156.7167 2007 11 10 -8.7497 158.7497 47 36
68122 P49257 2007 11 3 -7.35 156.7167 2007 11 12 -7.7861 157.5724 54 47
68141 P49276 2007 11 3 -7.35 156.7167 2007 11 19 -8.4887 159.1087 46 44
68142 P49277 2007 11 3 -7.35 156.7167 2007 11 30 -10.093 159.642 46 NA
68145 P49280 2007 11 3 -7.35 156.7167 2007 11 17 -7.9963 158.2537 44 51
68151 P49286 2007 11 3 -7.35 156.7167 2007 11 18 -8.0841 158.3729 46 49
68180 P49995 2007 11 4 -7.3635 156.7258 2007 11 16 -7.987 158.0304 51 54
68196 P50410 2007 11 4 -7.3635 156.7258 2007 11 17 -7.9963 158.2537 53 54
68215 P49405 2007 11 4 -7.3635 156.7258 2007 11 17 -7.9963 158.2537 47 47
68272 P50439 2007 11 4 -7.3635 156.7258 2007 11 17 -7.9741 158.351 51 51
68281 P49351 2007 11 4 -7.3635 156.7258 2007 11 12 -7.7861 157.5724 52 55
68293 P49361 2007 11 4 -7.3635 156.7258 2007 11 26 -8.9906 157.652 45 47
68301 P49366 2007 11 4 -7.3635 156.7258 2007 11 17 -7.9963 158.2537 46 49
68309 P50110 2007 11 4 -7.3635 156.7258 2007 11 18 -8.0841 158.3729 46 40
68310 P49370 2007 11 4 -7.3635 156.7258 2007 11 17 -7.9963 158.2537 51 54
68337 P49382 2007 11 4 -7.3635 156.7258 2007 11 17 -7.974 158.351 45 47
68354 P50137 2007 11 4 -7.3635 156.7258 2007 11 26 -8.9906 157.652 46 49
68372 P50147 2007 11 4 -7.3635 156.7258 2007 11 17 -7.9963 158.2537 46 47
68387 P50157 2007 11 4 -7.3635 156.7258 2007 11 12 -7.7861 157.5724 51 NA
68401 P50171 2007 11 4 -7.3635 156.7258 2007 11 17 -7.9963 158.2536 46 48
68406 P50176 2007 11 4 -7.3635 156.7258 2007 11 18 -8.0839 158.3728 48 47
68436 P50527 2007 11 4 -7.3635 156.7258 2007 11 12 -7.9027 157.6418 45 NA
68443 P50534 2007 11 4 -7.3635 156.7258 2007 11 16 -7.987 158.0304 51 54
68482 P50573 2007 11 4 -7.3635 156.7258 2007 11 18 -8.0841 158.3729 46 49
68615 P50706 2007 11 4 -7.3635 156.7258 2007 11 19 -8.4887 159.1087 46 NA
68835 P50638 2007 11 8 -8.95 157.4946 2007 11 29 -10.03 160.2453 56 48
68894 P50483 2007 11 8 -8.95 157.4946 2007 11 27 -8.9873 157.6607 43 44
68931 P50667 2007 11 8 -8.9919 157.7254 2007 11 26 -8.9907 157.652 44 47
68957 P50828 2007 11 8 -8.9919 157.7254 2007 11 28 -8.4819 158.6366 46 48
68962 P50833 2007 11 8 -8.9919 157.7254 2007 11 12 -7.9029 157.6417 50 57
69035 P50860 2007 11 9 -9.1088 157.5704 2007 11 30 -9.6648 159.3658 46 48
69064 P50246 2007 11 9 -9.1088 157.5704 2007 11 27 -8.9873 157.6607 44 45
69069 P50865 2007 11 9 -9.1088 157.5704 2007 11 29 -10.03 160.2453 47 NA
69123 P50893 2007 11 9 -9.1088 157.5704 2007 11 29 -10.189 160.169 48 48
69150 A12718 2007 11 9 -9.1088 157.5704 2007 11 29 -10.189 160.169 48 49.5
69374 P50282 2007 11 10 -9.028 158.4962 2007 11 25 -8.923 158.795 45 NA
69626 P50919 2007 11 10 -9.028 158.4962 2007 11 30 -7.9058 157.5973 49 NA
69693 A12783 2007 11 10 -8.6532 158.6277 2007 11 30 -10.093 159.642 45 49
69715 A12805 2007 11 10 -8.6532 158.6277 2007 11 18 -8.4887 159.1086 50 NA
69730 A12820 2007 11 10 -8.6532 158.6277 2007 11 15 -8.75 159.5 45 NA
69775 P50300 2007 11 10 -8.6532 158.6277 2007 11 30 -7.9058 157.5973 46 NA
69784 A12901 2007 11 10 -8.6532 158.6277 2007 11 30 -7.9058 157.5973 45 NA
69796 A12913 2007 11 10 -8.6532 158.6277 2007 11 30 -7.9058 157.5973 45 NA
69798 A12915 2007 11 10 -8.6532 158.6277 2007 11 28 -8.4819 158.6366 47 49
69799 A12916 2007 11 10 -8.6532 158.6277 2007 11 30 -7.9058 157.5973 46 NA
69805 A12922 2007 11 10 -8.6532 158.6277 2007 11 18 -8.4887 159.1086 48 NA
69807 A12924 2007 11 10 -8.6532 158.6277 2007 11 30 -9.5464 159.3618 46 NA
69821 A12938 2007 11 10 -8.6532 158.6277 2007 11 18 -8.4887 159.1086 47 NA
69833 A12950 2007 11 10 -8.6532 158.6277 2007 11 30 -7.9058 157.5973 46 NA
69863 A12980 2007 11 10 -8.6532 158.6277 2007 11 30 -7.9058 157.5973 47 NA
69880 A12997 2007 11 10 -8.6532 158.6277 2007 11 25 -9.0022 157.4465 46 44
69949 P50989 2007 11 10 -8.6532 158.6277 2007 11 30 -7.9058 157.5973 49 NA
69969 A05609 2007 11 10 -8.6532 158.6277 2007 11 15 -8.75 159.5 45 NA
70007 A12869 2007 11 11 -8.6356 158.4589 2007 11 28 -8.4819 158.6366 50 48
70038 A05630 2007 11 11 -8.6356 158.4589 2007 11 25 -9.0039 157.4359 47 48
70111 A05924 2007 11 11 -8.6542 158.6217 2007 11 30 -7.9058 157.5973 49 NA
70113 A05925 2007 11 11 -8.6542 158.6217 2007 11 30 -7.9058 157.5973 47 NA
70129 A05930 2007 11 11 -8.6542 158.6217 2007 11 27 -9.4412 159.3398 49 NA
70085 A06127 2007 11 11 -8.7159 158.5427 2007 11 27 -9.442 159.34 49 54
70095 A06136 2007 11 11 -8.7159 158.5427 2007 11 27 -9.442 159.34 45 48
70127 A06157 2007 11 11 -8.7159 158.5427 2007 11 30 -10.093 159.642 54 57
70170 A05939 2007 11 11 -8.7159 158.5427 2007 11 30 -7.9058 157.5973 46 NA
70173 A05942 2007 11 11 -8.7159 158.5427 2007 11 30 -7.9058 157.5973 47 NA
70198 A05967 2007 11 11 -8.7159 158.5427 2007 11 30 -7.9058 157.5973 46 NA
70202 A05971 2007 11 11 -8.7159 158.5427 2007 11 30 -7.9058 157.5973 47 NA
70224 A05993 2007 11 11 -8.7159 158.5427 2007 11 30 -7.9058 157.5973 46 NA
70341 A06332 2007 11 11 -8.7159 158.5427 2007 11 30 -7.9058 157.5973 47 NA
70342 A06333 2007 11 11 -8.7159 158.5427 2007 11 30 -7.9058 157.5973 45 NA
70344 A06335 2007 11 11 -8.7159 158.5427 2007 11 30 -7.9058 157.5973 46 NA
70350 A06341 2007 11 11 -8.7159 158.5427 2007 11 28 -8.4819 158.6366 48 NA
70361 A06352 2007 11 11 -8.7159 158.5427 2007 11 30 -7.9058 157.5973 45 NA
70366 A06357 2007 11 11 -8.7159 158.5427 2007 11 25 -8.923 158.795 50 NA
70395 A06386 2007 11 11 -8.7159 158.5427 2007 11 25 -8.923 158.795 39 NA
70460 A05654 2007 11 11 -8.7159 158.5427 2007 11 30 -7.9058 157.5973 46 NA
70518 A06212 2007 11 12 -8.7387 158.6688 2007 11 25 -9.0022 157.4465 47 47
70536 A06230 2007 11 12 -8.7387 158.6688 2007 11 30 -7.9058 157.5973 47 NA
70554 A06248 2007 11 12 -8.7387 158.6688 2007 11 30 -10.093 159.642 55 NA
70572 A06266 2007 11 12 -8.7387 158.6688 2007 11 25 -9.0039 157.4359 52 51
70608 A06164 2007 11 12 -8.7387 158.6688 2007 11 30 -7.9058 157.5973 50 NA
70633 A06189 2007 11 12 -8.7387 158.6688 2007 11 25 -8.923 158.795 52 NA
70655 A06706 2007 11 12 -8.7387 158.6688 2007 11 25 -8.923 158.795 51 NA
70660 A06710 2007 11 12 -8.7387 158.6688 2007 11 30 -7.9058 157.5973 49 NA
70724 A06773 2007 11 12 -8.7387 158.6688 2007 11 27 -9.4527 159.3305 53 53
70736 A06785 2007 11 12 -8.7387 158.6688 2007 11 30 -7.9058 157.5973 48 NA
70744 A06505 2007 11 12 -8.7387 158.6688 2007 11 18 -8.4887 159.1086 47 NA
70752 A06513 2007 11 12 -8.7387 158.6688 2007 11 27 -9.442 159.34 51 52
70795 A06546 2007 11 12 -8.7387 158.6688 2007 11 30 -7.9058 157.5973 47 NA
70835 A06586 2007 11 12 -8.7387 158.6688 2007 11 30 -7.9058 157.5973 49 NA
70928 A06688 2007 11 12 -8.7387 158.6688 2007 11 25 -9.0022 157.4465 48 49
70977 A06435 2007 11 12 -8.7387 158.6688 2007 11 30 -7.9058 157.5973 43 NA
70991 A06449 2007 11 12 -8.7387 158.6688 2007 11 27 -9.442 159.34 45 52
71000 A06458 2007 11 12 -8.7387 158.6688 2007 11 18 -8.4887 159.1086 47 NA
71023 A06481 2007 11 12 -8.7387 158.6688 2007 11 30 -10.093 159.642 47 NA
71052 A11917 2007 11 12 -8.7387 158.6688 2007 11 25 -8.923 158.795 55 NA
71065 A06798 2007 11 12 -8.8212 158.527 2007 11 25 -9.0039 157.4359 52 53.5
71117 A06808 2007 11 12 -8.8212 158.527 2007 11 30 -7.9058 157.5973 46 NA
71123 A06812 2007 11 12 -8.8212 158.527 2007 11 30 -7.9058 157.5973 49 NA
71141 A06830 2007 11 12 -8.8212 158.527 2007 11 30 -7.9058 157.5973 48 NA
71184 A11966 2007 11 13 -8.6308 158.4617 2007 11 25 -8.923 158.795 46 NA
71191 A11973 2007 11 13 -8.6308 158.4617 2007 11 25 -9.0022 157.4465 45 45
71214 A06836 2007 11 13 -8.6308 158.4617 2007 11 30 -7.9058 157.5973 47 NA
71218 A11993 2007 11 13 -8.6308 158.4617 2007 11 27 -9.4427 159.342 47 48
71223 A06840 2007 11 13 -8.6308 158.4617 2007 11 25 -8.923 158.795 50 55
71245 A06853 2007 11 13 -8.6308 158.4617 2007 11 30 -7.9058 157.5973 48 NA
71285 A06857 2007 11 13 -8.3807 158.6483 2007 11 30 -7.9058 157.5973 45 NA
71286 A06858 2007 11 13 -8.3807 158.6483 2007 11 30 -7.9058 157.5973 47 NA
71287 A06859 2007 11 13 -8.3807 158.6483 2007 11 30 -7.9058 157.5973 48 NA
71288 A06860 2007 11 13 -8.3807 158.6483 2007 11 30 -7.9058 157.5973 50 NA
71291 A06863 2007 11 13 -8.3807 158.6483 2007 11 30 -7.9058 157.5973 46 NA
71298 A06870 2007 11 13 -8.3807 158.6483 2007 11 30 -7.9058 157.5973 52 NA
71300 A06872 2007 11 13 -8.3807 158.6483 2007 11 18 -8.4887 159.1086 50 NA
71301 A06873 2007 11 13 -8.3807 158.6483 2007 11 19 -8.4886 159.1087 50 NA
71303 A06875 2007 11 13 -8.3807 158.6483 2007 11 30 -7.9058 157.5973 51 NA
71304 A06876 2007 11 13 -8.3807 158.6483 2007 11 30 -7.9058 157.5973 49 NA
71312 A06884 2007 11 13 -8.3807 158.6483 2007 11 30 -7.9058 157.5973 48 NA
71314 A06886 2007 11 13 -8.3807 158.6483 2007 11 30 -7.9058 157.5973 48 NA
71323 A06895 2007 11 13 -8.3807 158.6483 2007 11 30 -7.9058 157.5973 52 NA
71324 A06896 2007 11 13 -8.3807 158.6483 2007 11 30 -7.9058 157.5973 50 NA
71325 A06897 2007 11 13 -8.3807 158.6483 2007 11 30 -7.9058 157.5973 52 NA
71346 A07303 2007 11 13 -8.3807 158.6483 2007 11 30 -7.9058 157.5973 50 NA
71351 A07306 2007 11 13 -8.3807 158.6483 2007 11 30 -7.9058 157.5973 54 NA
71353 A07307 2007 11 13 -8.3807 158.6483 2007 11 30 -7.9058 157.5973 50 NA
71357 A07309 2007 11 13 -8.3807 158.6483 2007 11 30 -7.9058 157.5973 52 NA
71359 A05747 2007 11 13 -8.3807 158.6483 2007 11 30 -7.9058 157.5973 49 NA
71368 A05752 2007 11 13 -8.3807 158.6483 2007 11 30 -10.093 159.642 50 NA
71370 A05753 2007 11 13 -8.3807 158.6483 2007 11 18 -8.4887 159.1086 50 NA
71371 A07315 2007 11 13 -8.3807 158.6483 2007 11 30 -7.9058 157.5973 51 NA
71374 A07317 2007 11 13 -8.3807 158.6483 2007 11 30 -7.9058 157.5973 55 NA
71375 A05755 2007 11 13 -8.3807 158.6483 2007 11 30 -7.9058 157.5973 46 NA
71376 A07318 2007 11 13 -8.3807 158.6483 2007 11 30 -7.9058 157.5973 52 NA
71379 A05757 2007 11 13 -8.3807 158.6483 2007 11 30 -7.9058 157.5973 46 NA
71382 A07321 2007 11 13 -8.3807 158.6483 2007 11 30 -7.9058 157.5973 47 NA
71384 A07322 2007 11 13 -8.3807 158.6483 2007 11 30 -7.9058 157.5973 51 NA
71386 A07324 2007 11 13 -8.3807 158.6483 2007 11 30 -7.9058 157.5973 46 NA
71389 A05761 2007 11 13 -8.3807 158.6483 2007 11 30 -7.9058 157.5973 48 NA
71393 A07328 2007 11 13 -8.3807 158.6483 2007 11 18 -8.4887 159.1086 45 NA
71396 A07329 2007 11 13 -8.3807 158.6483 2007 11 30 -7.9058 157.5973 48 NA
71397 A05764 2007 11 13 -8.3807 158.6483 2007 11 30 -7.9058 157.5973 49 NA
71400 A09904 2007 11 13 -8.3807 158.6483 2007 11 30 -7.9058 157.5973 51 NA
71404 A07331 2007 11 13 -8.3807 158.6483 2007 11 30 -7.9058 157.5973 46 NA
71407 A09907 2007 11 13 -8.3807 158.6483 2007 11 18 -8.4887 159.1086 50 NA
71415 A05770 2007 11 13 -8.3807 158.6483 2007 11 30 -7.9058 157.5973 50 NA
71418 A07335 2007 11 13 -8.3807 158.6483 2007 11 30 -7.9058 157.5973 47 NA
71421 A07336 2007 11 13 -8.3807 158.6483 2007 11 30 -7.9058 157.5973 51 NA
71426 A09912 2007 11 13 -8.3807 158.6483 2007 11 18 -8.4887 159.1086 53 NA
71432 A09914 2007 11 13 -8.3807 158.6483 2007 11 30 -7.9058 157.5973 51 NA
71433 A05777 2007 11 13 -8.3807 158.6483 2007 11 30 -7.9058 157.5973 54 NA
71440 A07344 2007 11 13 -8.3807 158.6483 2007 11 25 -9.0039 157.4359 50 52
71443 A07345 2007 11 13 -8.3807 158.6483 2007 11 18 -8.4887 159.1086 51 NA
71449 A07347 2007 11 13 -8.3807 158.6483 2007 11 27 -9.4527 159.3305 54 54.5
71454 A07349 2007 11 13 -8.3807 158.6483 2007 11 18 -8.4887 159.1086 47 NA
71458 A07350 2007 11 13 -8.3807 158.6483 2007 11 30 -7.9058 157.5973 48 NA
71460 A07351 2007 11 13 -8.3807 158.6483 2007 11 30 -7.9058 157.5973 48 NA
71466 A07353 2007 11 13 -8.3807 158.6483 2007 11 30 -7.9058 157.5973 50 NA
71468 A07354 2007 11 13 -8.3807 158.6483 2007 11 30 -7.9058 157.5973 50 NA
71473 A07356 2007 11 13 -8.3807 158.6483 2007 11 30 -7.9058 157.5973 47 NA
71480 A07361 2007 11 13 -8.3807 158.6483 2007 11 30 -7.9058 157.5973 45 NA
71483 A07363 2007 11 13 -8.3807 158.6483 2007 11 30 -7.9058 157.5973 54 NA
71487 A09928 2007 11 13 -8.3807 158.6483 2007 11 30 -7.9058 157.5973 50 NA
71490 A09929 2007 11 13 -8.3807 158.6483 2007 11 18 -8.4887 159.1086 49 NA
71492 A05795 2007 11 13 -8.3807 158.6483 2007 11 30 -7.9058 157.5973 50 NA
71497 A09931 2007 11 13 -8.3807 158.6483 2007 11 30 -7.9058 157.5973 45 NA
71500 A07369 2007 11 13 -8.3807 158.6483 2007 11 30 -7.9058 157.5973 53 NA
71506 A09934 2007 11 13 -8.3807 158.6483 2007 11 30 -7.9058 157.5973 47 NA
71512 A07374 2007 11 13 -8.3807 158.6483 2007 11 30 -7.9058 157.5973 52 NA
71514 A07376 2007 11 13 -8.3807 158.6483 2007 11 30 -7.9058 157.5973 47 NA
71517 A07379 2007 11 13 -8.3807 158.6483 2007 11 30 -7.9058 157.5973 56 NA
71518 A07380 2007 11 13 -8.3807 158.6483 2007 11 25 -9.0022 157.4465 54 53
71519 A07381 2007 11 13 -8.3807 158.6483 2007 11 30 -7.9058 157.5973 53 NA
71524 A07386 2007 11 13 -8.3807 158.6483 2007 11 30 -7.9058 157.5973 51 NA
71525 A07387 2007 11 13 -8.3807 158.6483 2007 11 30 -7.9058 157.5973 50 NA
71527 A07389 2007 11 13 -8.3807 158.6483 2007 11 30 -7.9058 157.5973 48 NA
71530 A07392 2007 11 13 -8.3807 158.6483 2007 11 30 -7.9058 157.5973 46 NA
71531 A07393 2007 11 13 -8.3807 158.6483 2007 11 30 -7.9058 157.5973 50 NA
71532 A07394 2007 11 13 -8.3807 158.6483 2007 11 18 -8.4887 159.1086 50 NA
71536 A07398 2007 11 13 -8.3807 158.6483 2007 11 30 -7.9058 157.5973 45 NA
71541 A07403 2007 11 13 -8.3807 158.6483 2007 11 30 -7.9058 157.5973 48 NA
71542 A07404 2007 11 13 -8.3807 158.6483 2007 11 30 -7.9058 157.5973 47 NA
71543 A07405 2007 11 13 -8.3807 158.6483 2007 11 30 -7.9058 157.5973 48 NA
71545 A07407 2007 11 13 -8.3807 158.6483 2007 11 30 -7.9058 157.5973 49 NA
71551 A12000 2007 11 13 -8.3807 158.6483 2007 11 30 -7.9058 157.5973 46 NA
71552 A06901 2007 11 13 -8.3807 158.6483 2007 11 25 -8.923 158.795 47 48
71561 A06910 2007 11 13 -8.3807 158.6483 2007 11 30 -7.9058 157.5973 49 NA
71562 A06911 2007 11 13 -8.3807 158.6483 2007 11 18 -8.4887 159.1086 48 NA
71567 A06916 2007 11 13 -8.3807 158.6483 2007 11 30 -7.9058 157.5973 47 NA
71573 A06922 2007 11 13 -8.3807 158.6483 2007 11 30 -7.9058 157.5973 47 NA
71577 A06926 2007 11 13 -8.3807 158.6483 2007 11 15 -8.75 159.5 51 NA
71578 A06927 2007 11 13 -8.3807 158.6483 2007 11 30 -7.9058 157.5973 48 NA
71583 A06932 2007 11 13 -8.3807 158.6483 2007 11 30 -7.9058 157.5973 49 NA
71588 A06937 2007 11 13 -8.3807 158.6483 2007 11 30 -7.9058 157.5973 48 NA
71593 A06942 2007 11 13 -8.3807 158.6483 2007 11 30 -7.9058 157.5973 53 NA
71594 A06943 2007 11 13 -8.3807 158.6483 2007 11 30 -7.9058 157.5973 51 NA
71597 A06946 2007 11 13 -8.3807 158.6483 2007 11 30 -7.9058 157.5973 52 NA
71599 A06948 2007 11 13 -8.3807 158.6483 2007 11 30 -7.9058 157.5973 50 NA
71604 A06953 2007 11 13 -8.3807 158.6483 2007 11 30 -7.9058 157.5973 47 NA
71613 A06962 2007 11 13 -8.3807 158.6483 2007 11 15 -8.75 159.5 50 NA
71616 A06965 2007 11 13 -8.3807 158.6483 2007 11 30 -7.9058 157.5973 54 NA
71617 A06966 2007 11 13 -8.3807 158.6483 2007 11 30 -7.9058 157.5973 50 NA
71619 A06968 2007 11 13 -8.3807 158.6483 2007 11 30 -7.9058 157.5973 42 NA
71623 A06972 2007 11 13 -8.3807 158.6483 2007 11 30 -7.9058 157.5973 46 NA
71625 A06974 2007 11 13 -8.3807 158.6483 2007 11 30 -7.9058 157.5973 55 NA
71626 A06975 2007 11 13 -8.3807 158.6483 2007 11 18 -8.4887 159.1086 56 NA
71628 A06977 2007 11 13 -8.3807 158.6483 2007 11 30 -7.9058 157.5973 52 NA
71630 A06979 2007 11 13 -8.3807 158.6483 2007 11 30 -7.9058 157.5973 51 NA
71631 A06980 2007 11 13 -8.3807 158.6483 2007 11 30 -7.9058 157.5973 50 NA
71634 A06983 2007 11 13 -8.3807 158.6483 2007 11 30 -7.9058 157.5973 49 NA
71635 A06984 2007 11 13 -8.3807 158.6483 2007 11 30 -7.9058 157.5973 48 NA
71638 A06987 2007 11 13 -8.3807 158.6483 2007 11 30 -7.9058 157.5973 48 NA
71643 A06993 2007 11 13 -8.3807 158.6483 2007 11 30 -7.9058 157.5973 47 NA
71647 A06997 2007 11 13 -8.3807 158.6483 2007 11 30 -7.9058 157.5973 50 NA
71657 A09807 2007 11 13 -8.3807 158.6483 2007 11 18 -8.4887 159.1086 50 NA
71659 A09809 2007 11 13 -8.3807 158.6483 2007 11 30 -7.9058 157.5973 45 NA
71660 A09810 2007 11 13 -8.3807 158.6483 2007 11 30 -7.9058 157.5973 55 NA
71661 A09811 2007 11 13 -8.3807 158.6483 2007 11 30 -7.9058 157.5973 53 NA
71662 A09812 2007 11 13 -8.3807 158.6483 2007 11 30 -7.9058 157.5973 47 NA
71665 A09815 2007 11 13 -8.3807 158.6483 2007 11 30 -7.9058 157.5973 49 NA
71670 A09820 2007 11 13 -8.3807 158.6483 2007 11 30 -7.9058 157.5973 48 NA
71672 A09822 2007 11 13 -8.3807 158.6483 2007 11 30 -7.9058 157.5973 45 NA
71675 A09825 2007 11 13 -8.3807 158.6483 2007 11 30 -7.9058 157.5973 49 NA
71683 A09833 2007 11 13 -8.3807 158.6483 2007 11 30 -7.9058 157.5973 49 NA
71685 A09835 2007 11 13 -8.3807 158.6483 2007 11 18 -8.4887 159.1086 51 NA
71687 A09837 2007 11 13 -8.3807 158.6483 2007 11 18 -8.4887 159.1086 53 NA
71695 A09845 2007 11 13 -8.3807 158.6483 2007 11 30 -7.9058 157.5973 52 NA
71699 A09849 2007 11 13 -8.3807 158.6483 2007 11 30 -7.9058 157.5973 53 NA
71700 A09850 2007 11 13 -8.3807 158.6483 2007 11 30 -7.9058 157.5973 52 NA
71701 A09851 2007 11 13 -8.3807 158.6483 2007 11 15 -8.75 159.5 53 NA
71703 A09853 2007 11 13 -8.3807 158.6483 2007 11 30 -7.9058 157.5973 49 NA
71706 A09856 2007 11 13 -8.3807 158.6483 2007 11 30 -7.9058 157.5973 48 NA
71710 A09860 2007 11 13 -8.3807 158.6483 2007 11 18 -8.4887 159.1086 47 NA
71714 A09864 2007 11 13 -8.3807 158.6483 2007 11 30 -7.9058 157.5973 49 NA
71718 A09868 2007 11 13 -8.3807 158.6483 2007 11 30 -7.9058 157.5973 50 NA
71723 A09873 2007 11 13 -8.3807 158.6483 2007 11 30 -7.9058 157.5973 48 NA
71724 A09874 2007 11 13 -8.3807 158.6483 2007 11 30 -7.9058 157.5973 51 NA
71727 A09877 2007 11 13 -8.3807 158.6483 2007 11 18 -8.4887 159.1086 49 NA
71729 A09879 2007 11 13 -8.3807 158.6483 2007 11 30 -7.9058 157.5973 47 NA
71735 A09885 2007 11 13 -8.3807 158.6483 2007 11 30 -7.9058 157.5973 46 NA
71747 A09895 2007 11 13 -8.3807 158.6483 2007 11 18 -8.4887 159.1086 47 NA
71748 A09896 2007 11 13 -8.3807 158.6483 2007 11 30 -7.9058 157.5973 49 NA
71749 A09897 2007 11 13 -8.3807 158.6483 2007 11 30 -7.9058 157.5973 51 NA
71756 A07503 2007 11 13 -8.3807 158.6483 2007 11 30 -7.9058 157.5973 47 NA
71762 A07508 2007 11 13 -8.3592 158.5183 2007 11 30 -7.9058 157.5973 41 NA
71773 A09937 2007 11 13 -8.3592 158.5183 2007 11 30 -7.9058 157.5973 38 NA
71778 A09942 2007 11 13 -8.3592 158.5183 2007 11 30 -7.9058 157.5973 46 NA
71787 Z34087 2007 11 13 -8.3592 158.5183 2007 11 30 -7.9058 157.5973 30 NA
71865 Z33821 2007 11 14 -8.2994 158.1062 2007 11 19 -8.4933 159.0927 36 NA
71886 Z33834 2007 11 14 -8.2994 158.1062 2007 11 19 -8.4933 159.0927 37 NA
71933 Z33872 2007 11 14 -8.2994 158.1062 2007 11 19 -8.4933 159.0927 34 NA
72032 A05866 2007 11 14 -8.2994 158.1062 2007 11 25 -9.0022 157.4465 51 49
72043 A05874 2007 11 14 -8.2994 158.1062 2007 11 18 -8.0841 158.3729 51 51
72047 A05878 2007 11 14 -8.2994 158.1062 2007 11 25 -9.0022 157.4465 48 47
72048 A05879 2007 11 14 -8.2994 158.1062 2007 11 17 -7.9963 158.2537 49 49
72077 Z32117 2007 11 14 -8.2994 158.1062 2007 11 19 -8.4887 159.1087 36 NA
72131 Z32319 2007 11 14 -8.2994 158.1062 2007 11 19 -8.4933 159.0927 35 NA
72222 Z31928 2007 11 14 -8.2994 158.1062 2007 11 19 -8.4887 159.1087 35 NA
72236 Z31942 2007 11 14 -8.2994 158.1062 2007 11 19 -8.4887 159.1087 36 NA
72254 Z31956 2007 11 14 -8.2994 158.1062 2007 11 30 -7.9058 157.5973 33 NA
72300 A07431 2007 11 14 -8.2994 158.1062 2007 11 25 -9.0022 157.4465 49 48
72312 Z31995 2007 11 14 -8.2994 158.1062 2007 11 19 -8.4887 159.1087 36 NA
72472 Z31755 2007 11 14 -8.2994 158.1062 2007 11 19 -8.4887 159.1087 35 NA
72480 Z31760 2007 11 14 -8.2994 158.1062 2007 11 19 -8.4887 159.1087 37 NA
72481 Z31761 2007 11 14 -8.2994 158.1062 2007 11 19 -8.4887 159.1087 38 NA
72485 Z31764 2007 11 14 -8.2994 158.1062 2007 11 19 -8.4887 159.1087 35 NA
72522 Z31793 2007 11 14 -8.2994 158.1062 2007 11 19 -8.4887 159.1087 37 NA
72537 Z32078 2007 11 14 -8.2994 158.1062 2007 11 19 -8.4887 159.1087 33 NA
72628 Z32047 2007 11 14 -8.2994 158.1062 2007 11 17 -7.9962 158.2536 35 38
72740 Z32407 2007 11 14 -8.2994 158.1062 2007 11 19 -8.4933 159.0927 34 NA
72743 Z32409 2007 11 14 -8.2994 158.1062 2007 11 19 -8.4933 159.0927 35 NA
72752 Z31652 2007 11 14 -8.2994 158.1062 2007 11 19 -8.4887 159.1087 35 NA
72766 Z32422 2007 11 14 -8.2994 158.1062 2007 11 17 -7.9963 158.2537 33 28
72776 Z32426 2007 11 14 -8.2994 158.1062 2007 11 19 -8.4933 159.0927 36 NA
72822 Z31686 2007 11 14 -8.2994 158.1062 2007 11 19 -8.4887 159.1087 38 NA
72837 A07512 2007 11 14 -8.2994 158.1062 2007 11 25 -8.923 158.795 45 NA
72838 A07513 2007 11 14 -8.2994 158.1062 2007 11 25 -9.0039 157.4359 43 46
72840 A07515 2007 11 14 -8.2994 158.1062 2007 11 19 -8.4903 159.0909 45 NA
72862 A07537 2007 11 14 -8.2994 158.1062 2007 11 15 -6.7468 157.4291 45 49
72636 A07621 2007 11 14 -8.2356 158.3851 2007 11 18 -8.4887 159.1086 47 NA
72907 A07579 2007 11 14 -8.2356 158.3851 2007 11 30 -7.9058 157.5973 48 NA
72952 Z32299 2007 11 15 -8.205 159 2007 11 16 -7.9266 158.0857 37 NA
72984 A07810 2007 11 15 -8.205 159 2007 11 25 -9.0039 157.4359 51 54
73028 Z32515 2007 11 15 -7.9741 157.8344 2007 11 17 -7.9962 158.2537 35 36
73179 A10317 2007 11 17 -8.8233 159.2564 2007 11 27 -9.442 159.34 58 58
73251 A09764 2007 11 18 -8.5923 159.445 2007 11 25 -8.923 158.795 42 NA
73270 Z32518 2007 11 18 -8.5923 159.445 2007 11 25 -8.923 158.795 37 NA
73284 A10009 2007 11 18 -8.1064 158.8216 2007 11 30 -7.9058 157.5973 51 NA
73294 A10350 2007 11 18 -8.1064 158.8216 2007 11 30 -7.9058 157.5973 47 NA
73295 A10351 2007 11 18 -8.1064 158.8216 2007 11 30 -7.9058 157.5973 50 NA
73304 A10360 2007 11 18 -8.1064 158.8216 2007 11 30 -7.9058 157.5973 50 NA
73307 A10363 2007 11 18 -8.1064 158.8216 2007 11 30 -7.9058 157.5973 51 NA
73324 A09775 2007 11 18 -8.1064 158.8216 2007 11 30 -7.9058 157.5973 54 NA
73330 A09781 2007 11 18 -8.1064 158.8216 2007 11 30 -7.9058 157.5973 49 NA
73335 A09786 2007 11 18 -8.1064 158.8216 2007 11 30 -7.9058 157.5973 52 NA
73337 A09788 2007 11 18 -8.1064 158.8216 2007 11 30 -7.9058 157.5973 46 NA
73338 A09789 2007 11 18 -8.1064 158.8216 2007 11 30 -7.9058 157.5973 49 NA
73340 A09791 2007 11 18 -8.1064 158.8216 2007 11 30 -7.9058 157.5973 49 NA
73342 A09793 2007 11 18 -8.1064 158.8216 2007 11 30 -7.9058 157.5973 48 NA
73437 A10454 2007 11 19 -7.1208 158.3106 2007 11 20 -2.05 169 40 NA
