115
id tag_no yr mo day lat lon yr_rec mo_rec day_rec lat_rec lon_rec len_rel len_rec
685 P00704 2006 8 20 -3.24 150.8583 2007 1 22 -5.0167 149.6 41 51
735 P00744 2006 8 20 -3.24 150.8583 2007 1 16 -0.5353 146.0267 38 52
784 P01131 2006 8 20 -3.24 150.8583 2007 1 9 -4.1167 147.5167 38 47
827 P01166 2006 8 20 -3.24 150.8583 2007 1 25 -0.377 156.5683 39 52.5
864 P01196 2006 8 20 -3.24 150.8583 2007 1 4 -6.5167 154.5 44 32
1091 P00788 2006 8 20 -3.2905 150.9733 2007 1 15 -3.8333 150.8167 39 56
1410 P01368 2006 8 21 -2.8114 150.6755 2007 1 24 -2.0027 155.9501 60 45
1485 P01416 2006 8 21 -2.8114 150.6755 2007 1 10 0.1334 151.5 52 58
1551 P01458 2006 8 21 -2.8114 150.6755 2007 1 4 0.0225 141.7353 52 55
1563 P01464 2006 8 21 -2.8114 150.6755 2007 1 22 -5.0167 149.6 55 48
1591 P01288 2006 8 21 -2.8114 150.6755 2007 1 12 -5.2167 149.2833 60 28
1704 P01678 2006 8 21 -2.8114 150.6755 2007 1 12 -7.1737 165.7787 55 60
1834 P01969 2006 8 22 -2.8117 150.6755 2007 1 24 0.6393 151.6287 55 60
1883 P01813 2006 8 22 -2.8117 150.6755 2007 1 10 -2.0028 160.3079 56 65
1981 P02173 2006 8 25 -2.85 150.6783 2007 1 15 -1.5362 157.5525 55 58.2
2233 P01770 2006 8 26 -3.2408 150.8917 2007 1 22 -5.0167 149.6 44 49
2292 P01545 2006 8 26 -3.98 151.1908 2007 1 16 -1.231 157.6225 57 68.6
2375 P02043 2006 8 27 -4.4791 150.0667 2007 1 2 -0.0417 149.75 44 48
2467 P02048 2006 8 28 -4.4792 150.0667 2007 1 12 -4.5374 146.9224 46 52
2741 P02321 2006 8 28 -4.4792 150.0667 2007 1 15 -3.8333 150.8167 42 49
2753 P02333 2006 8 28 -4.4792 150.0667 2007 1 2 -0.0417 149.75 45 51
2778 P02474 2006 8 28 -4.7733 150.4833 2007 1 15 -3.8333 150.8167 50 55
2782 P02351 2006 8 28 -4.7733 150.4833 2007 1 26 -1.5122 148.0047 47 54.7
4856 P04354 2006 9 4 -4.1746 149.3534 2007 1 15 -3.8333 150.8167 47 52
5073 P04400 2006 9 5 -3.6704 149.1572 2007 1 25 -0.3533 149.2693 50 57.1
5077 P04702 2006 9 5 -3.6704 149.1572 2007 1 1 -0.0417 149.75 51 55
5162 P04733 2006 9 5 -3.6706 149.48 2007 1 28 -1.9558 146.0149 51 57
5274 Z15084 2006 9 9 -2.87 150.6333 2007 1 2 -0.0417 149.75 33 44
5376 P05443 2006 9 10 -2.331 148.7741 2007 1 15 -3.8333 150.8167 39 40
5915 P05634 2006 9 12 -1.2 146.65 2007 1 4 -0.8133 150.1207 53 63
6026 P04888 2006 9 12 -1.2833 146.3833 2007 1 10 -3.6 159.6667 56 48
6400 P05803 2006 9 12 -1.2833 146.3833 2007 1 26 -3.8833 149.7872 53 56.8
6745 P05895 2006 9 16 -1.157 143.8717 2007 1 12 -8.8521 156.669 52 NA
7130 P06114 2006 9 19 -2.5294 145.1238 2007 1 25 -0.541 146.1079 52 60
7758 P05296 2006 9 19 -2.6032 145.2596 2007 1 15 -0.338 153.7667 45 45.7
7640 P06184 2006 9 19 -2.6604 145.0855 2007 1 16 -1.6213 147.5205 53 60.5
7994 P06713 2006 9 19 -2.6607 145.085 2007 1 5 -1.9526 162.8332 53 58
8365 P06605 2006 9 21 -3.8372 145.5695 2007 1 16 -0.5353 146.0267 51 58
8408 P06648 2006 9 21 -3.8372 145.5695 2007 1 25 -0.4133 149.3667 60 67.3
8423 P06663 2006 9 21 -3.8372 145.5695 2007 1 28 -0.2373 151.382 52 53.3
8548 P06296 2006 9 21 -3.8372 145.5695 2007 1 11 -2.9187 143.8904 48 50
8995 P07040 2006 9 21 -3.8372 145.5695 2007 1 15 -3.8333 150.8167 50 46
9010 P07055 2006 9 21 -3.8372 145.5695 2007 1 7 -0.3047 150.4112 53 56
9020 P07065 2006 9 21 -3.8372 145.5695 2007 1 26 -3.8833 149.7872 49 55.6
9128 P07574 2006 9 21 -3.8846 145.6833 2007 1 15 -0.5874 146.1999 52 60
9992 P08011 2006 9 26 -3.8517 145.6333 2007 1 21 -0.1667 149.8333 52 56
10070 P08217 2006 9 26 -3.8356 145.694 2007 1 7 -0.3162 150.4077 51 54
10150 P08297 2006 9 26 -3.8356 145.694 2007 1 10 -1.31 146.7313 49 53.5
10767 P08566 2006 9 26 -3.8356 145.694 2007 1 11 -2.4808 142.401 45 51
10816 P08109 2006 9 26 -3.8356 145.694 2007 1 24 0.7833 144.1167 46 NA
10918 P08170 2006 9 26 -3.8356 145.694 2007 1 22 0.0833 149.7 45 56
10972 P08184 2006 9 26 -3.8356 145.694 2007 1 15 -5.8568 165.2999 42 55
10979 P08188 2006 9 26 -3.8356 145.694 2007 1 27 -0.2167 150.1667 48 61
11046 P07819 2006 9 26 -3.8356 145.694 2007 1 10 -1.1966 145.568 50 57
12052 P10046 2006 9 27 -3.603 145.5128 2007 1 22 0.0833 149.7 51 51
12369 P10774 2006 10 13 -4.4196 150.9209 2007 1 22 -5.0167 149.6 45 47
12392 P10797 2006 10 13 -4.4196 150.9209 2007 1 31 -8.3652 162.1973 45 53.5
12405 P10209 2006 10 13 -4.4196 150.9209 2007 1 17 -11.9399 155.0879 44 80
12437 P10241 2006 10 13 -4.4196 150.9209 2007 1 15 -3.8333 150.8167 47 54
12562 P10654 2006 10 13 -4.4196 150.9209 2007 1 29 -0.2167 150.1667 43 54
12730 P10322 2006 10 13 -4.4196 150.9209 2007 1 27 -0.9903 147.4014 45 55.5
12749 P10341 2006 10 13 -4.4196 150.9209 2007 1 11 -2.0863 142.0525 44 53
12768 P10360 2006 10 13 -4.4196 150.9209 2007 1 15 -3.8333 150.8167 49 62
12894 P09886 2006 10 13 -4.4196 150.9209 2007 1 22 0.0833 149.7 46 52
12922 P10952 2006 10 13 -4.4196 150.9209 2007 1 15 -1.5533 157.5899 48 51.6
12929 P10959 2006 10 13 -4.4196 150.9209 2007 1 1 -0.0417 149.75 42 47
12957 P10987 2006 10 13 -4.4196 150.9209 2007 1 29 -0.2167 150.1667 45 50
12979 P11005 2006 10 13 -4.4196 150.9209 2007 1 15 -3.8333 150.8167 47 52
13096 P10541 2006 10 13 -4.4196 150.9209 2007 1 31 -2.3427 160.834 45 40.4
13135 P10580 2006 10 13 -4.4196 150.9209 2007 1 12 -5.2167 149.2833 45 61
13137 P10582 2006 10 13 -4.4196 150.9209 2007 1 9 -2.6 148.9333 46 53
13160 P10905 2006 10 13 -4.4196 150.9209 2007 1 22 -5.0167 149.6 48 49
14019 P12120 2006 10 16 -4.3054 146.3083 2007 1 15 -3.8333 150.8167 45 53
14224 P12367 2006 10 18 -4.3059 146.312 2007 1 10 -1.1966 145.568 45 48
14285 P11652 2006 10 18 -4.3059 146.312 2007 1 29 -1.136 150.1953 49 55
14319 P11286 2006 10 18 -4.3059 146.312 2007 1 14 -2.0833 142.05 39 60
14323 P11290 2006 10 18 -4.3059 146.312 2007 1 11 -2.3667 142.7667 45 45
14413 P12378 2006 10 18 -3.844 145.6326 2007 1 29 -0.3533 148.0673 45 51
14983 P11751 2006 10 19 -3.8432 145.639 2007 1 3 -3.5596 145.9346 46 65
14993 P11761 2006 10 19 -3.8432 145.639 2007 1 5 -0.0384 141.6805 50 55
15017 P11785 2006 10 19 -3.8432 145.639 2007 1 29 -1.136 150.1953 50 54
15138 P12906 2006 10 19 -3.8432 145.639 2007 1 27 -2.6 145.4667 44 28
15261 P11974 2006 10 19 -3.8432 145.639 2007 1 5 -0.2344 150.8711 47 56
15427 P11838 2006 10 19 -3.8432 145.639 2007 1 9 -4.1167 147.5167 48 52
15444 P11855 2006 10 19 -3.8432 145.639 2007 1 26 -3.8833 149.7872 44 49.1
15620 P13410 2006 10 19 -3.5036 145.424 2007 1 31 -1.1213 149.7515 41 50
15817 P13665 2006 10 20 -3.6976 145.4172 2007 1 15 -1.5643 157.5926 42 49.3
16551 P13831 2006 10 20 -3.6976 145.4172 2007 1 12 -5.2167 149.2833 40 51
16555 P13835 2006 10 20 -3.6976 145.4172 2007 1 15 -9.5959 164.8846 41 50
16650 P13203 2006 10 20 -3.6976 145.4172 2007 1 26 -3.8833 149.7872 41 48.7
17119 P14392 2006 10 23 -4.9067 145.9104 2007 1 22 0 135 53 65
17178 Z16781 2006 10 23 -4.9067 145.9104 2007 1 11 -2.0833 142.05 35 47
17480 P13931 2006 10 24 -3.5041 145.4256 2007 1 7 -0.3417 150.418 48 52
17507 P13958 2006 10 24 -3.5041 145.4256 2007 1 30 0.3167 147.4333 45 52.2
17630 P14956 2006 10 24 -3.4845 145.4308 2007 1 29 -0.3534 148.0673 48 54
19019 P14648 2006 10 24 -3.2406 145.3153 2007 1 30 0.3167 147.4333 49 53.7
19083 Z17520 2006 10 24 -3.2406 145.3153 2007 1 3 -3.5596 145.9346 34 46
20452 Z17191 2006 10 30 -1.1755 146.5172 2007 1 7 -2.9982 157.8081 35 48
20466 P16586 2006 10 30 -1.1755 146.5172 2007 1 1 -0.0417 149.75 45 50
20527 P16947 2006 10 30 -1.1755 146.5172 2007 1 27 -0.9816 147.4178 44 55.5
20657 P16795 2006 10 30 -1.1755 146.5172 2007 1 10 0.1334 151.4999 40 41
20862 Z17466 2006 10 31 -2.4242 148.8675 2007 1 26 -1.5122 148.0047 37 40.1
20927 Z15957 2006 10 31 -2.4242 148.8675 2007 1 16 1.2718 158.8022 36 28
22007 P17938 2006 11 3 -3.1893 150.83 2007 1 9 0.9037 151.511 48 51
22573 P18508 2006 11 10 -5.5005 155.8072 2007 1 9 -5.1137 160.9137 53 52.5
22633 P18173 2006 11 10 -5.5005 155.8072 2007 1 10 -7.0667 162.7653 36 40
22664 P18401 2006 11 10 -5.5663 155.4718 2007 1 15 -1.1319 156.5275 45 52
22680 P18417 2006 11 10 -5.5663 155.4718 2007 1 9 -8.617 156.739 44 NA
22681 P18418 2006 11 10 -5.5663 155.4718 2007 1 10 -8.5537 164.3481 42 45
22683 P18420 2006 11 10 -5.5663 155.4718 2007 1 30 -8.3753 165.572 49 52.5
22692 P18429 2006 11 10 -5.5663 155.4718 2007 1 10 -8.5599 163.8192 45 51
22706 P18443 2006 11 10 -5.5663 155.4718 2007 1 9 -4.1167 147.5167 46 49
22757 P18254 2006 11 10 -5.5663 155.4718 2007 1 25 -0.7364 146.2323 47 47.5
28945 5655 2006 4 3 2 264.67 2007 1 22 -7.98 277.97 50 NA
MZ074 1775 2005 6 14 35.8667 153.2 2007 1 7 22.05 153.8 44 65
