993
id tag_no yr mo day lat lon yr_rec mo_rec day_rec lat_rec lon_rec len_rel len_rec
6197 SK12361 1978 5 13 -13.4667 183.7 1980 4 28 3.0167 182.3833 61 61
6218 SK18903 1978 5 21 -13.5333 183.8333 1980 4 19 1.8333 177.9167 53 35
6309 SH00259 1978 10 22 7.1333 138.8 1980 4 2 23 123 53 72
6278 SK25548 1978 7 14 3.1333 172.6333 1980 4 11 4.5833 177.3333 52 0
6280 SK25893 1978 7 16 2.95 172.75 1980 4 10 3.8833 182.45 48 0
6288 SK27723 1978 7 23 3.0833 172.6333 1980 4 4 2.8667 180.35 47 58
6436 SK02815 1979 3 2 -35.4 174.9 1980 4 8 -16 179 45 51
6508 SK09156 1979 4 9 -34.9667 151.0833 1980 4 28 -9.1667 158.0833 46 57
6544 SK36816 1979 5 27 -3.5 151.0833 1980 4 13 -4.2167 152.35 56 60
6544 SK36832 1979 5 27 -3.5 151.0833 1980 4 28 -2.8833 150.35 56 0
6545 SK36875 1979 5 27 -3.45 151.0833 1980 4 4 4.85 153.5833 55 62
6545 SK36962 1979 5 27 -3.45 151.0833 1980 4 24 -4.0667 152.2 55 54
6551 SK37938 1979 5 30 -4.2167 152.5667 1980 4 5 -4.0667 152.3333 55 60
6588 SK38673 1979 6 16 -1.9 147.2167 1980 4 13 -4.1667 152.3333 65 68
6553 SK39502 1979 5 30 -4.3 152.5667 1980 4 3 4.6333 154.1667 44 57
6554 SK39570 1979 5 30 -4.35 152.5167 1980 4 6 4.05 180.45 53 58
6567 SK40499 1979 6 3 -4.1167 150.9333 1980 4 20 5.05 150.7 50 59
6568 SK41039 1979 6 3 -4.0667 151.0167 1980 4 23 3 180 54 64
6568 SK41418 1979 6 3 -4.0667 151.0167 1980 4 12 -4.0667 152.2667 55 64
6596 SK42217 1979 6 21 -2.25 150.3833 1980 4 7 4.5833 181.7 58 64
6600 SK42389 1979 6 23 -3.25 150.8833 1980 4 9 2.0333 133.55 54 59
6587 SK44792 1979 6 15 -1.4167 147 1980 4 1 3.8 156.2167 53 60
6615 1B11010 1979 11 7 17.6 145.7333 1980 4 15 14.5 133.25 50 58
6616 1B11461 1979 11 7 17.3667 145.7667 1980 4 28 6.5167 150.5333 48 57
6617 1B11094 1979 11 10 8.6833 152.1333 1980 4 24 5.9 151.1 53 58
6617 1B11104 1979 11 10 8.6833 152.1333 1980 4 7 4.05 156.7667 53 52
6617 1B11293 1979 11 10 8.6833 152.1333 1980 4 12 4.3833 155.15 53 58
6635 1B10067 1979 11 27 3.1333 172.6833 1980 4 11 4.2833 182.1167 61 0
6771 2B21236 1980 2 21 -14.3333 190.6167 1980 4 15 -14.0667 188.5667 54 56
6777 2B23002 1980 2 26 -14.1667 188.6 1980 4 30 -13.6667 188.2667 46 53
6777 2B23010 1980 2 26 -14.1667 188.6 1980 4 30 -13.6667 188.2667 37 52
6784 1B18124 1980 3 5 -18.7 185.7 1980 4 14 -18.8 185.6667 59 58
6806 1C16301 1980 4 11 -18.5833 177.8167 1980 4 26 -18.5833 177.8 49 52
6806 1C16302 1980 4 11 -18.5833 177.8167 1980 4 26 -18.5833 177.8 49 52
6806 1C16312 1980 4 11 -18.5833 177.8167 1980 4 15 -18.55 177.9167 52 54
6806 1C16334 1980 4 11 -18.5833 177.8167 1980 4 15 -18.5833 177.75 52 53
6806 1C16335 1980 4 11 -18.5833 177.8167 1980 4 15 -18.5833 177.75 52 53
6806 1C16351 1980 4 11 -18.5833 177.8167 1980 4 26 -18.5833 177.8 52 57
6806 1C16357 1980 4 11 -18.5833 177.8167 1980 4 26 -18.5833 177.8 54 58
6807 1C16367 1980 4 11 -18.5667 177.85 1980 4 24 -18.5 177.5 55 0
6808 1C16379 1980 4 11 -18.45 177.8833 1980 4 13 -18.55 177.7667 53 52
6808 1C16380 1980 4 11 -18.45 177.8833 1980 4 13 -18.55 177.7667 53 52
6808 1C16387 1980 4 11 -18.45 177.8833 1980 4 26 -18.5833 177.8 51 55
6808 1C16388 1980 4 11 -18.45 177.8833 1980 4 26 -18.5833 177.8 53 57
6808 1C16389 1980 4 11 -18.45 177.8833 1980 4 26 -18.5833 177.8 53 57
6806 1C17115 1980 4 11 -18.5833 177.8167 1980 4 16 -18.5 177.9167 49 50
6806 1C17133 1980 4 11 -18.5833 177.8167 1980 4 13 -18.55 177.7667 51 52
6806 1C17136 1980 4 11 -18.5833 177.8167 1980 4 26 -18.5833 177.8 54 54
6806 1C17172 1980 4 11 -18.5833 177.8167 1980 4 15 -18.55 177.9167 56 55
6806 1C17182 1980 4 11 -18.5833 177.8167 1980 4 14 -18.55 177.85 58 56
6806 1C17183 1980 4 11 -18.5833 177.8167 1980 4 14 -18.55 177.85 58 56
6806 1C17187 1980 4 11 -18.5833 177.8167 1980 4 13 -18.55 177.9167 53 50
6806 1C17628 1980 4 11 -18.5833 177.8167 1980 4 26 -18.5833 177.8 49 54
6806 1C17629 1980 4 11 -18.5833 177.8167 1980 4 26 -18.5833 177.8 49 54
6806 1C17648 1980 4 11 -18.5833 177.8167 1980 4 24 -18 179 56 0
6806 1C17672 1980 4 11 -18.5833 177.8167 1980 4 13 -18.55 177.7667 51 48
6806 1C17675 1980 4 11 -18.5833 177.8167 1980 4 14 -18.55 177.85 52 52
6806 1C17681 1980 4 11 -18.5833 177.8167 1980 4 26 -18.5833 177.8 57 59
6808 1C17715 1980 4 11 -18.45 177.8833 1980 4 13 -18.55 177.7667 55 52
6808 1C17716 1980 4 11 -18.45 177.8833 1980 4 25 -18.4833 177.4667 54 59
6808 1C17717 1980 4 11 -18.45 177.8833 1980 4 25 -18.4833 177.4667 54 59
6808 1C17722 1980 4 11 -18.45 177.8833 1980 4 14 -18.55 177.85 50 51
6808 1C17723 1980 4 11 -18.45 177.8833 1980 4 14 -18.55 177.85 50 51
6808 1C17724 1980 4 11 -18.45 177.8833 1980 4 14 -18.55 177.85 54 51
6808 1C17731 1980 4 11 -18.45 177.8833 1980 4 13 -18.55 177.7667 54 51
6808 1C17732 1980 4 11 -18.45 177.8833 1980 4 13 -18.55 177.7667 54 51
6808 1C17737 1980 4 11 -18.45 177.8833 1980 4 14 -18.55 177.85 54 54
6808 1C17738 1980 4 11 -18.45 177.8833 1980 4 14 -18.55 177.85 54 54
6809 1C17751 1980 4 12 -18.5833 177.8167 1980 4 15 -18.5833 177.75 54 54
6809 1C17770 1980 4 12 -18.5833 177.8167 1980 4 26 -18.5833 177.8 52 53
6809 1C17771 1980 4 12 -18.5833 177.8167 1980 4 26 -18.5833 177.8 52 53
6809 1C17772 1980 4 12 -18.5833 177.8167 1980 4 27 -18.5833 177.8 54 0
6805 1C18163 1980 4 11 -18.6 177.7667 1980 4 15 -18.55 177.9167 48 49
6805 1C18404 1980 4 11 -18.6 177.7667 1980 4 15 -18.55 177.9167 52 50
6805 1C18405 1980 4 11 -18.6 177.7667 1980 4 15 -18.55 177.9167 52 50
6805 1C18433 1980 4 11 -18.6 177.7667 1980 4 13 -18.55 177.7667 46 46
6806 1C18491 1980 4 11 -18.5833 177.8167 1980 4 14 -18.55 177.85 53 54
6806 1C18492 1980 4 11 -18.5833 177.8167 1980 4 14 -18.55 177.85 53 54
6806 1C18737 1980 4 11 -18.5833 177.8167 1980 4 25 -18.4333 177.6 51 56
6806 1C18738 1980 4 11 -18.5833 177.8167 1980 4 25 -18.4333 177.6 51 56
6806 1C18799 1980 4 11 -18.5833 177.8167 1980 4 11 -16 177 49 0
6806 1C18818 1980 4 11 -18.5833 177.8167 1980 4 12 -18.5667 177.8 54 55
6806 1C18858 1980 4 11 -18.5833 177.8167 1980 4 25 -18.4833 177.4667 50 50
6806 1C18859 1980 4 11 -18.5833 177.8167 1980 4 25 -18.4833 177.4667 50 50
6806 1C18866 1980 4 11 -18.5833 177.8167 1980 4 13 -18.6 177.7167 55 54
6806 1C18878 1980 4 11 -18.5833 177.8167 1980 4 26 -18.5833 177.8 51 53
6806 1C18881 1980 4 11 -18.5833 177.8167 1980 4 26 -18.5833 177.8 53 57
6806 1C18893 1980 4 11 -18.5833 177.8167 1980 4 26 -18.5833 177.8 52 57
6806 1C18894 1980 4 11 -18.5833 177.8167 1980 4 15 -18.55 177.9167 56 57
6806 1C18895 1980 4 11 -18.5833 177.8167 1980 4 15 -18.55 177.9167 56 57
6809 1C19061 1980 4 12 -18.5833 177.8167 1980 4 15 -18.55 177.9167 50 53
6809 1C19062 1980 4 12 -18.5833 177.8167 1980 4 15 -18.55 177.9167 50 53
6809 1C19087 1980 4 12 -18.5833 177.8167 1980 4 25 -18.4333 177.6 55 59
6806 1C19303 1980 4 11 -18.5833 177.8167 1980 4 13 -18.6 177.7167 53 50
6806 1C19307 1980 4 11 -18.5833 177.8167 1980 4 13 -19.0833 177.9167 52 52
6806 1C19308 1980 4 11 -18.5833 177.8167 1980 4 13 -19.0833 177.9167 52 52
6806 1C19360 1980 4 11 -18.5833 177.8167 1980 4 14 -18.55 177.85 52 52
6806 1C19361 1980 4 11 -18.5833 177.8167 1980 4 15 -18.6 177.8 52 53
6806 1C19362 1980 4 11 -18.5833 177.8167 1980 4 15 -18.6 177.8 52 53
6806 1C19363 1980 4 11 -18.5833 177.8167 1980 4 13 -18.5833 177.7667 54 51
6806 1C19410 1980 4 11 -18.5833 177.8167 1980 4 27 -18.5833 177.8 52 0
6806 1C19411 1980 4 11 -18.5833 177.8167 1980 4 27 -18.5833 177.8 52 0
6806 1C19482 1980 4 11 -18.5833 177.8167 1980 4 14 -18.55 177.85 50 50
6806 1C19483 1980 4 11 -18.5833 177.8167 1980 4 14 -18.55 177.85 50 50
6808 1C19499 1980 4 11 -18.45 177.8833 1980 4 16 -18.5 177.9167 50 49
6808 1C19510 1980 4 11 -18.45 177.8833 1980 4 25 -18.4833 177.4667 53 58
6808 1C19511 1980 4 11 -18.45 177.8833 1980 4 25 -18.4833 177.4667 53 58
6808 1C19521 1980 4 11 -18.45 177.8833 1980 4 27 -18.5833 177.8 52 0
6809 1C19555 1980 4 12 -18.5833 177.8167 1980 4 17 -18.3667 177.9667 53 52
6809 1C19556 1980 4 12 -18.5833 177.8167 1980 4 17 -18.3667 177.9667 53 52
6809 1C19585 1980 4 12 -18.5833 177.8167 1980 4 26 -18.6167 177.6 50 54
6809 1C19586 1980 4 12 -18.5833 177.8167 1980 4 26 -18.6167 177.6 50 54
6809 1C19596 1980 4 12 -18.5833 177.8167 1980 4 16 -18.5 177.9167 51 51
6809 1C19842 1980 4 12 -18.5833 177.8167 1980 4 26 -18.5833 177.8 51 55
6842 1E10225 1980 4 22 -15.9167 179.05 1980 4 30 -16.05 179.25 49 50
6842 1E10226 1980 4 22 -15.9167 179.05 1980 4 30 -16.05 179.25 49 50
6842 1E10248 1980 4 22 -15.9167 179.05 1980 4 27 -16 179.1833 51 52
6842 1E10249 1980 4 22 -15.9167 179.05 1980 4 24 -16.0833 178.9667 54 54
6842 1E10250 1980 4 22 -15.9167 179.05 1980 4 24 -16.0833 178.9667 54 54
6843 1E10425 1980 4 22 -15.9167 179.05 1980 4 28 -16.1 179.35 55 53
6843 1E10426 1980 4 22 -15.9167 179.05 1980 4 28 -16.1 179.35 55 53
6843 1E10430 1980 4 22 -15.9167 179.05 1980 4 30 -16 179.2333 52 52
6843 1E10433 1980 4 22 -15.9167 179.05 1980 4 22 -16 177 52 0
6844 1E10439 1980 4 23 -15.75 179.0167 1980 4 25 -16.1833 179.9667 50 50
6844 1E10470 1980 4 23 -15.75 179.0167 1980 4 23 -16 177 48 0
6844 1E10471 1980 4 23 -15.75 179.0167 1980 4 23 -16 177 48 0
6844 1E10475 1980 4 23 -15.75 179.0167 1980 4 24 -16.0833 178.9667 44 51
6844 1E10491 1980 4 23 -15.75 179.0167 1980 4 24 -16.0833 178.9667 50 50
6844 1E10492 1980 4 23 -15.75 179.0167 1980 4 24 -16.0833 178.9667 50 50
6844 1E10493 1980 4 23 -15.75 179.0167 1980 4 24 -16.0833 178.9667 44 0
6798 2B22725 1980 4 10 -18.5333 177.85 1980 4 14 -18.5833 177.75 48 49
6798 2B22726 1980 4 10 -18.5333 177.85 1980 4 14 -18.5833 177.75 48 49
6798 2B22785 1980 4 10 -18.5333 177.85 1980 4 13 -18.55 177.7667 50 48
6798 2B22786 1980 4 10 -18.5333 177.85 1980 4 13 -18.55 177.7667 50 48
6798 2B23518 1980 4 10 -18.5333 177.85 1980 4 12 -18.5667 177.8 45 45
6799 2B23675 1980 4 10 -18.5667 177.85 1980 4 13 -18.6 177.7167 54 54
6799 2B23682 1980 4 10 -18.5667 177.85 1980 4 13 -18.55 177.7667 56 55
6799 2B23683 1980 4 10 -18.5667 177.85 1980 4 13 -18.55 177.7667 56 55
6799 2B23694 1980 4 10 -18.5667 177.85 1980 4 14 -18.55 177.85 53 51
6799 2B23695 1980 4 10 -18.5667 177.85 1980 4 14 -18.55 177.85 53 51
6799 2B23809 1980 4 10 -18.5667 177.85 1980 4 12 -18.5833 177.8167 54 54
6799 2B23815 1980 4 10 -18.5667 177.85 1980 4 13 -18.55 177.7833 56 57
6799 2B23822 1980 4 10 -18.5667 177.85 1980 4 13 -18.6 177.7167 52 53
6799 2B23823 1980 4 10 -18.5667 177.85 1980 4 13 -18.6 177.7167 52 53
6799 2B23863 1980 4 10 -18.5667 177.85 1980 4 11 -18.6 177.7667 49 50
6798 2B23924 1980 4 10 -18.5333 177.85 1980 4 13 -18.6 177.7167 51 52
6798 2B23937 1980 4 10 -18.5333 177.85 1980 4 16 -18.5 177.9167 48 47
6798 2B23938 1980 4 10 -18.5333 177.85 1980 4 16 -18.5 177.9167 48 47
6798 2B23952 1980 4 10 -18.5333 177.85 1980 4 14 -18.55 177.9167 52 51
6798 2B23953 1980 4 10 -18.5333 177.85 1980 4 14 -18.55 177.9167 52 51
6799 2B24078 1980 4 10 -18.5667 177.85 1980 4 15 -18.55 177.9167 50 52
6799 2B24104 1980 4 10 -18.5667 177.85 1980 4 12 -18.5 177.7667 53 53
6799 2B24105 1980 4 10 -18.5667 177.85 1980 4 12 -18.5 177.7667 53 53
6799 2B24149 1980 4 10 -18.5667 177.85 1980 4 11 -18.5 177.7667 51 52
6799 2B24150 1980 4 10 -18.5667 177.85 1980 4 11 -18.5 177.7667 51 52
6799 2B24206 1980 4 10 -18.5667 177.85 1980 4 25 -18.4833 177.4667 53 57
6799 2B24216 1980 4 10 -18.5667 177.85 1980 4 12 -18.5833 177.8167 54 53
6799 2B24217 1980 4 10 -18.5667 177.85 1980 4 12 -18.5833 177.8167 54 53
6799 2B24228 1980 4 10 -18.5667 177.85 1980 4 26 -18.5833 177.8 50 53
6799 2B24229 1980 4 10 -18.5667 177.85 1980 4 26 -18.5833 177.8 50 53
6799 2B24328 1980 4 10 -18.5667 177.85 1980 4 27 -18.5833 177.8 50 0
6799 2B24329 1980 4 10 -18.5667 177.85 1980 4 27 -18.5833 177.8 50 0
6799 2B24331 1980 4 10 -18.5667 177.85 1980 4 14 -18.55 177.85 48 49
6799 2B24332 1980 4 10 -18.5667 177.85 1980 4 14 -18.55 177.85 48 49
6799 2B24342 1980 4 10 -18.5667 177.85 1980 4 14 -18.55 177.85 47 47
6799 2B24354 1980 4 10 -18.5667 177.85 1980 4 13 -18.55 177.7667 51 55
6799 2B24357 1980 4 10 -18.5667 177.85 1980 4 14 -18.55 177.85 48 49
6799 2B24361 1980 4 10 -18.5667 177.85 1980 4 13 -18.55 177.7667 54 52
6799 2B24362 1980 4 10 -18.5667 177.85 1980 4 13 -18.55 177.7667 54 52
6799 2B24366 1980 4 10 -18.5667 177.85 1980 4 13 -18.6 177.7167 52 52
6799 2B24387 1980 4 10 -18.5667 177.85 1980 4 13 -18.6 177.7167 52 54
6799 2B24394 1980 4 10 -18.5667 177.85 1980 4 27 -18.5833 177.8 52 0
6799 2B24395 1980 4 10 -18.5667 177.85 1980 4 27 -18.5833 177.8 52 0
6799 2B24396 1980 4 10 -18.5667 177.85 1980 4 24 -18 179 54 0
6801 2B24403 1980 4 10 -18.6167 177.8167 1980 4 13 -18.55 177.7833 56 57
6801 2B24439 1980 4 10 -18.6167 177.8167 1980 4 12 -18.5833 177.8167 53 53
6801 2B24440 1980 4 10 -18.6167 177.8167 1980 4 15 -18.5833 177.75 51 52
6801 2B24441 1980 4 10 -18.6167 177.8167 1980 4 15 -18.5833 177.75 51 52
6801 2B24449 1980 4 10 -18.6167 177.8167 1980 4 27 -18.5833 177.8 51 0
6801 2B24450 1980 4 10 -18.6167 177.8167 1980 4 27 -18.5833 177.8 51 0
6801 2B24451 1980 4 10 -18.6167 177.8167 1980 4 13 -18.55 177.7833 54 54
6801 2B24488 1980 4 10 -18.6167 177.8167 1980 4 14 -18.55 177.9167 55 54
6801 2B24489 1980 4 10 -18.6167 177.8167 1980 4 14 -18.55 177.9167 55 54
6801 2B24500 1980 4 10 -18.6167 177.8167 1980 4 16 -18.5 177.9167 49 49
6799 2B24507 1980 4 10 -18.5667 177.85 1980 4 13 -18.55 177.7667 51 50
6799 2B24508 1980 4 10 -18.5667 177.85 1980 4 13 -18.55 177.7667 51 50
6799 2B24525 1980 4 10 -18.5667 177.85 1980 4 27 -18.5833 177.8 52 0
6800 2B24549 1980 4 10 -18.6 177.8333 1980 4 13 -18.55 177.7667 46 45
6800 2B24550 1980 4 10 -18.6 177.8333 1980 4 13 -18.55 177.7667 46 45
6801 2B24558 1980 4 10 -18.6167 177.8167 1980 4 13 -18.55 177.7833 54 55
6801 2B24559 1980 4 10 -18.6167 177.8167 1980 4 13 -18.55 177.7833 54 55
6801 2B24566 1980 4 10 -18.6167 177.8167 1980 4 13 -18.55 177.7667 54 56
6801 2B24576 1980 4 10 -18.6167 177.8167 1980 4 14 -18.55 177.9167 51 51
6801 2B24577 1980 4 10 -18.6167 177.8167 1980 4 14 -18.55 177.9167 51 51
6801 2B24579 1980 4 10 -18.6167 177.8167 1980 4 14 -18.55 177.85 51 51
6801 2B24580 1980 4 10 -18.6167 177.8167 1980 4 14 -18.55 177.85 51 51
6801 2B24584 1980 4 10 -18.6167 177.8167 1980 4 14 -18.55 177.85 54 56
6799 2B24712 1980 4 10 -18.5667 177.85 1980 4 13 -18.55 177.7667 53 52
6799 2B24788 1980 4 10 -18.5667 177.85 1980 4 27 -18.5833 177.8 50 0
6799 2B24789 1980 4 10 -18.5667 177.85 1980 4 27 -18.5833 177.8 50 0
6799 2B24793 1980 4 10 -18.5667 177.85 1980 4 27 -18.5833 177.8 55 59
6801 2B24812 1980 4 10 -18.6167 177.8167 1980 4 14 -18.55 177.9167 49 51
6801 2B24815 1980 4 10 -18.6167 177.8167 1980 4 13 -18.5833 177.75 53 53
6801 2B24839 1980 4 10 -18.6167 177.8167 1980 4 14 -18.55 177.85 50 52
6801 2B24840 1980 4 10 -18.6167 177.8167 1980 4 13 -18.55 177.7667 51 53
6801 2B24841 1980 4 10 -18.6167 177.8167 1980 4 13 -18.55 177.7667 51 53
6801 2B24854 1980 4 10 -18.6167 177.8167 1980 4 14 -18.55 177.9167 51 49
6801 2B24861 1980 4 10 -18.6167 177.8167 1980 4 15 -18.55 177.9167 51 52
6801 2B24862 1980 4 10 -18.6167 177.8167 1980 4 15 -18.55 177.9167 51 52
6801 2B24870 1980 4 10 -18.6167 177.8167 1980 4 12 -18.55 177.7833 56 58
6801 2B24871 1980 4 10 -18.6167 177.8167 1980 4 12 -18.55 177.7833 56 58
6801 2B24872 1980 4 10 -18.6167 177.8167 1980 4 13 -18.55 177.7667 55 55
6801 2B24878 1980 4 10 -18.6167 177.8167 1980 4 17 -18.3667 177.9667 50 50
6801 2B24881 1980 4 10 -18.6167 177.8167 1980 4 12 -18.5833 177.8167 58 59
6801 2B24887 1980 4 10 -18.6167 177.8167 1980 4 24 -18.5 177.5 51 0
6801 2B24888 1980 4 10 -18.6167 177.8167 1980 4 14 -18.5833 177.75 55 57
6801 2B24889 1980 4 10 -18.6167 177.8167 1980 4 14 -18.5833 177.75 55 57
6801 2B24901 1980 4 10 -18.6167 177.8167 1980 4 12 -18.4333 177.85 49 50
6801 2B24902 1980 4 10 -18.6167 177.8167 1980 4 12 -18.4333 177.85 49 50
6801 2B24918 1980 4 10 -18.6167 177.8167 1980 4 13 -18.6 177.7167 49 50
6801 2B24921 1980 4 10 -18.6167 177.8167 1980 4 12 -18.5833 177.8167 42 52
6801 2B24925 1980 4 10 -18.6167 177.8167 1980 4 14 -18.5833 177.75 52 52
6801 2B24926 1980 4 10 -18.6167 177.8167 1980 4 14 -18.5833 177.75 52 52
6801 2B24949 1980 4 10 -18.6167 177.8167 1980 4 13 -18.55 177.7833 47 49
6801 2B24950 1980 4 10 -18.6167 177.8167 1980 4 13 -18.55 177.7833 47 49
6801 2B24952 1980 4 10 -18.6167 177.8167 1980 4 12 -18.5833 177.8167 56 57
6801 2B24953 1980 4 10 -18.6167 177.8167 1980 4 12 -18.5833 177.8167 56 57
6801 2B24966 1980 4 10 -18.6167 177.8167 1980 4 12 -18.5833 177.8167 47 0
6801 2B24979 1980 4 10 -18.6167 177.8167 1980 4 13 -18.5833 179.75 54 57
6801 2B24980 1980 4 10 -18.6167 177.8167 1980 4 13 -18.5833 179.75 54 57
6801 2B24991 1980 4 10 -18.6167 177.8167 1980 4 14 -18.55 177.85 50 48
6801 2B24992 1980 4 10 -18.6167 177.8167 1980 4 14 -18.55 177.85 50 48
6801 2B25006 1980 4 10 -18.6167 177.8167 1980 4 14 -18.55 177.85 51 48
6801 2B25024 1980 4 10 -18.6167 177.8167 1980 4 26 -18.5833 177.8 49 52
6802 2B25031 1980 4 10 -18.6167 177.8333 1980 4 26 -18.5833 177.8 49 52
6802 2B25032 1980 4 10 -18.6167 177.8333 1980 4 26 -18.5833 177.8 49 52
6799 2B25103 1980 4 10 -18.5667 177.85 1980 4 27 -18.5833 177.8 64 69
6799 2B25133 1980 4 10 -18.5667 177.85 1980 4 14 -18.5833 177.75 51 52
6799 2B25181 1980 4 10 -18.5667 177.85 1980 4 15 -18.6 177.8 51 52
6801 2B25218 1980 4 10 -18.6167 177.8167 1980 4 27 -18.5833 177.8 54 59
6801 2B25242 1980 4 10 -18.6167 177.8167 1980 4 13 -18.55 177.7833 50 51
6801 2B25266 1980 4 10 -18.6167 177.8167 1980 4 15 -18.55 177.9167 55 55
6801 2B25270 1980 4 10 -18.6167 177.8167 1980 4 13 -18.55 177.85 48 47
6801 2B25271 1980 4 10 -18.6167 177.8167 1980 4 13 -18.55 177.85 48 47
6801 2B25275 1980 4 10 -18.6167 177.8167 1980 4 15 -18.6 177.8 51 51
6801 2B25299 1980 4 10 -18.6167 177.8167 1980 4 13 -18.55 177.7833 56 56
6801 2B25300 1980 4 10 -18.6167 177.8167 1980 4 13 -18.55 177.7667 54 53
6801 2B25407 1980 4 10 -18.6167 177.8167 1980 4 26 -18.5833 177.8 54 55
6801 2B25408 1980 4 10 -18.6167 177.8167 1980 4 26 -18.5833 177.8 54 55
6801 2B25415 1980 4 10 -18.6167 177.8167 1980 4 26 -18.5833 177.8 53 55
6801 2B25437 1980 4 10 -18.6167 177.8167 1980 4 16 -18.5 177.9167 57 56
6801 2B25438 1980 4 10 -18.6167 177.8167 1980 4 16 -18.5 177.9167 57 56
6801 2B25451 1980 4 10 -18.6167 177.8167 1980 4 25 -18.4333 177.6 49 53
6801 2B25475 1980 4 10 -18.6167 177.8167 1980 4 13 -18.5833 177.75 54 58
6801 2B25476 1980 4 10 -18.6167 177.8167 1980 4 27 -18.5833 177.8 54 0
6801 2B25477 1980 4 10 -18.6167 177.8167 1980 4 27 -18.5833 177.8 54 0
6801 2B25490 1980 4 10 -18.6167 177.8167 1980 4 12 -18.45 177.85 54 54
6801 2B25491 1980 4 10 -18.6167 177.8167 1980 4 26 -18.5833 177.8 53 56
6801 2B25492 1980 4 10 -18.6167 177.8167 1980 4 26 -18.5833 177.8 53 56
6801 2B25496 1980 4 10 -18.6167 177.8167 1980 4 12 -18.5833 177.8167 52 57
6801 2B25507 1980 4 10 -18.6167 177.8167 1980 4 25 -18.4333 177.6 52 57
6801 2B25508 1980 4 10 -18.6167 177.8167 1980 4 25 -18.4333 177.6 52 57
6801 2B25512 1980 4 10 -18.6167 177.8167 1980 4 16 -18.15 177.35 54 54
6801 2B25520 1980 4 10 -18.6167 177.8167 1980 4 16 -18.5 177.9167 60 60
6801 2B25539 1980 4 10 -18.6167 177.8167 1980 4 15 -18.55 177.9167 55 56
6801 2B25546 1980 4 10 -18.6167 177.8167 1980 4 26 -18.5833 177.8 52 56
6801 2B25547 1980 4 10 -18.6167 177.8167 1980 4 26 -18.5833 177.8 52 56
6801 2B25570 1980 4 10 -18.6167 177.8167 1980 4 25 -18.4333 177.6 54 58
6801 2B25571 1980 4 10 -18.6167 177.8167 1980 4 25 -18.4333 177.6 54 58
6801 2B25584 1980 4 10 -18.6167 177.8167 1980 4 11 -18.5833 177.8167 51 52
6802 2B25642 1980 4 10 -18.6167 177.8333 1980 4 13 -18.5833 177.75 52 54
6802 2B25651 1980 4 10 -18.6167 177.8333 1980 4 13 -18.6 177.7167 47 52
6802 2B25654 1980 4 10 -18.6167 177.8333 1980 4 13 -18.55 177.7667 51 52
6805 2B25899 1980 4 11 -18.6 177.7667 1980 4 26 -18.5833 177.8 47 49
6804 2B26015 1980 4 11 -18.6667 177.75 1980 4 15 -18.6 177.8 53 53
6805 2B26042 1980 4 11 -18.6 177.7667 1980 4 14 -18.55 177.85 50 50
6805 2B26093 1980 4 11 -18.6 177.7667 1980 4 14 -18.55 177.85 47 47
6803 2B26190 1980 4 11 -18.5667 177.8167 1980 4 11 -18.5667 177.8167 40 50
6804 2B26239 1980 4 11 -18.6667 177.75 1980 4 16 -18.5 177.9167 54 55
6804 2B26240 1980 4 11 -18.6667 177.75 1980 4 27 -18.5833 177.8 52 54
6804 2B26241 1980 4 11 -18.6667 177.75 1980 4 27 -18.5833 177.8 52 54
6805 2B26245 1980 4 11 -18.6 177.7667 1980 4 12 -18.5667 177.8 51 51
6805 2B26246 1980 4 11 -18.6 177.7667 1980 4 13 -18.6 177.7167 52 53
6805 2B26247 1980 4 11 -18.6 177.7667 1980 4 13 -18.6 177.7167 52 53
6805 2B26260 1980 4 11 -18.6 177.7667 1980 4 26 -18.5833 177.8 48 52
6805 2B26279 1980 4 11 -18.6 177.7667 1980 4 13 -18.55 177.7667 49 48
6805 2B26280 1980 4 11 -18.6 177.7667 1980 4 13 -18.55 177.7667 49 48
6805 2B26281 1980 4 11 -18.6 177.7667 1980 4 12 -18.45 177.85 47 47
6805 2B26315 1980 4 11 -18.6 177.7667 1980 4 15 -18.55 177.9167 48 50
6805 2B26375 1980 4 11 -18.6 177.7667 1980 4 27 -18.5833 177.8 50 0
6805 2B26472 1980 4 11 -18.6 177.7667 1980 4 26 -18.5833 177.8 52 55
6805 2B26500 1980 4 11 -18.6 177.7667 1980 4 15 -18.6 177.8 48 48
6805 2B26613 1980 4 11 -18.6 177.7667 1980 4 13 -18.6 177.7167 52 51
6805 2B26614 1980 4 11 -18.6 177.7667 1980 4 13 -18.6 177.7167 52 51
6805 2B26639 1980 4 11 -18.6 177.7667 1980 4 12 -18.5833 177.8167 54 55
6805 2B26663 1980 4 11 -18.6 177.7667 1980 4 12 -18.45 177.85 51 53
6805 2B26697 1980 4 11 -18.6 177.7667 1980 4 13 -18.5833 177.75 50 50
6805 2B26698 1980 4 11 -18.6 177.7667 1980 4 13 -18.5833 177.75 50 50
6805 2B26699 1980 4 11 -18.6 177.7667 1980 4 13 -18.6 177.7167 49 49
6805 2B26761 1980 4 11 -18.6 177.7667 1980 4 15 -18.55 177.9167 54 53
6805 2B26762 1980 4 11 -18.6 177.7667 1980 4 15 -18.55 177.9167 54 53
6805 2B26790 1980 4 11 -18.6 177.7667 1980 4 16 -18.5 177.9167 50 50
6805 2B26857 1980 4 11 -18.6 177.7667 1980 4 27 -18.5833 177.8 50 53
6805 2B26877 1980 4 11 -18.6 177.7667 1980 4 26 -18.5833 177.8 53 56
6805 2B27024 1980 4 11 -18.6 177.7667 1980 4 14 -18.55 177.85 52 51
6805 2B27107 1980 4 11 -18.6 177.7667 1980 4 16 -18.5 177.9167 48 51
6805 2B27108 1980 4 11 -18.6 177.7667 1980 4 16 -18.5 177.9167 48 51
6805 2B27116 1980 4 11 -18.6 177.7667 1980 4 15 -18.55 177.9167 59 60
6805 2B27117 1980 4 11 -18.6 177.7667 1980 4 15 -18.55 177.9167 59 60
6805 2B27178 1980 4 11 -18.6 177.7667 1980 4 25 -18.4333 177.6 53 56
6805 2B27184 1980 4 11 -18.6 177.7667 1980 4 13 -18.6 177.7167 49 49
6805 2B27187 1980 4 11 -18.6 177.7667 1980 4 13 -18.6 177.7167 47 48
6805 2B27197 1980 4 11 -18.6 177.7667 1980 4 14 -18.55 177.85 51 51
6805 2B27198 1980 4 11 -18.6 177.7667 1980 4 14 -18.55 177.85 51 51
6805 2B27207 1980 4 11 -18.6 177.7667 1980 4 11 -16 177 54 0
6805 2B27208 1980 4 11 -18.6 177.7667 1980 4 11 -16 177 54 0
6805 2B27249 1980 4 11 -18.6 177.7667 1980 4 13 -18.45 177.8667 59 55
6805 2B27250 1980 4 11 -18.6 177.7667 1980 4 13 -18.45 177.8667 59 55
6805 2B27297 1980 4 11 -18.6 177.7667 1980 4 11 -16 177 54 0
6805 2B27298 1980 4 11 -18.6 177.7667 1980 4 11 -16 177 54 0
6805 2B27322 1980 4 11 -18.6 177.7667 1980 4 26 -18.5833 177.8 53 54
6805 2B27323 1980 4 11 -18.6 177.7667 1980 4 26 -18.5833 177.8 53 54
6805 2B27330 1980 4 11 -18.6 177.7667 1980 4 13 -18.6 177.7167 54 55
6805 2B27404 1980 4 11 -18.6 177.7667 1980 4 13 -18.6 177.7167 48 46
6805 2B27405 1980 4 11 -18.6 177.7667 1980 4 13 -18.6 177.7167 48 46
6805 2B27415 1980 4 11 -18.6 177.7667 1980 4 25 -18.6167 177.6 53 57
6805 2B27427 1980 4 11 -18.6 177.7667 1980 4 26 -18.5833 177.8 51 54
6805 2B27491 1980 4 11 -18.6 177.7667 1980 4 13 -18.55 177.7833 52 52
6805 2B27492 1980 4 11 -18.6 177.7667 1980 4 13 -18.55 177.7833 52 52
6805 2B27522 1980 4 11 -18.6 177.7667 1980 4 27 -18.5833 177.8 51 0
6805 2B27523 1980 4 11 -18.6 177.7667 1980 4 27 -18.5833 177.8 51 0
6805 2B27593 1980 4 11 -18.6 177.7667 1980 4 13 -18.55 177.7833 47 47
6805 2B27610 1980 4 11 -18.6 177.7667 1980 4 13 -18.6 177.7167 51 52
6805 2B27611 1980 4 11 -18.6 177.7667 1980 4 13 -18.6 177.7167 51 52
6805 2B27629 1980 4 11 -18.6 177.7667 1980 4 25 -16 179 51 0
6805 2B27633 1980 4 11 -18.6 177.7667 1980 4 25 -18.4333 177.6 49 54
6805 2B27648 1980 4 11 -18.6 177.7667 1980 4 14 -18.5833 177.75 52 54
6806 2B27718 1980 4 11 -18.5833 177.8167 1980 4 27 -18.5833 177.8 53 55
6806 2B27730 1980 4 11 -18.5833 177.8167 1980 4 13 -18.6 177.7167 51 50
6806 2B27734 1980 4 11 -18.5833 177.8167 1980 4 13 -18.55 177.7667 52 51
6806 2B27735 1980 4 11 -18.5833 177.8167 1980 4 13 -18.55 177.7667 52 51
6806 2B27743 1980 4 11 -18.5833 177.8167 1980 4 15 -18.55 177.9167 51 52
6806 2B27744 1980 4 11 -18.5833 177.8167 1980 4 15 -18.55 177.9167 51 52
6806 2B27799 1980 4 11 -18.5833 177.8167 1980 4 16 -18.5 177.9167 48 50
6805 2B27804 1980 4 11 -18.6 177.7667 1980 4 13 -18.6 177.7167 52 52
6805 2B27805 1980 4 11 -18.6 177.7667 1980 4 13 -18.6 177.7167 52 52
6805 2B27806 1980 4 11 -18.6 177.7667 1980 4 16 -18.5 177.9167 53 51
6805 2B27824 1980 4 11 -18.6 177.7667 1980 4 16 -18.5 177.9167 51 51
6805 2B27857 1980 4 11 -18.6 177.7667 1980 4 11 -18.5833 177.8167 47 0
6805 2B27937 1980 4 11 -18.6 177.7667 1980 4 26 -18.5833 177.8 56 62
6805 2B27938 1980 4 11 -18.6 177.7667 1980 4 26 -18.5833 177.8 56 62
6805 2B27979 1980 4 11 -18.6 177.7667 1980 4 14 -18.55 177.85 48 50
6805 2B27980 1980 4 11 -18.6 177.7667 1980 4 14 -18.55 177.85 48 50
6809 2C20112 1980 4 12 -18.5833 177.8167 1980 4 24 -18 179 51 0
6809 2C20128 1980 4 12 -18.5833 177.8167 1980 4 16 -18.5 177.9167 52 53
6809 2C20129 1980 4 12 -18.5833 177.8167 1980 4 16 -18.5 177.9167 52 53
6809 2C20130 1980 4 12 -18.5833 177.8167 1980 4 15 -18.5833 177.75 52 54
6809 2C20218 1980 4 12 -18.5833 177.8167 1980 4 26 -18.5833 177.8 51 53
6809 2C20327 1980 4 12 -18.5833 177.8167 1980 4 13 -18.55 177.7667 53 53
6809 2C20367 1980 4 12 -18.5833 177.8167 1980 4 14 -18.55 177.85 49 48
6809 2C20368 1980 4 12 -18.5833 177.8167 1980 4 14 -18.55 177.85 49 48
6809 2C20388 1980 4 12 -18.5833 177.8167 1980 4 26 -18.5833 177.8 51 55
6809 2C20389 1980 4 12 -18.5833 177.8167 1980 4 26 -18.5833 177.8 51 55
6809 2C20403 1980 4 12 -18.5833 177.8167 1980 4 26 -18.5833 177.8 51 55
6809 2C20422 1980 4 12 -18.5833 177.8167 1980 4 25 -18.4333 177.6 47 52
6809 2C20423 1980 4 12 -18.5833 177.8167 1980 4 25 -18.4333 177.6 47 52
6809 2C20428 1980 4 12 -18.5833 177.8167 1980 4 16 -18.5 177.9167 52 55
6809 2C20429 1980 4 12 -18.5833 177.8167 1980 4 16 -18.5 177.9167 52 55
6809 2C20430 1980 4 12 -18.5833 177.8167 1980 4 17 -18.3667 177.9667 51 50
6809 2C20516 1980 4 12 -18.5833 177.8167 1980 4 15 -18.5833 177.75 51 52
6809 2C20517 1980 4 12 -18.5833 177.8167 1980 4 15 -18.5833 177.75 51 52
6809 2C20533 1980 4 12 -18.5833 177.8167 1980 4 14 -18.55 177.85 58 55
6809 2C20584 1980 4 12 -18.5833 177.8167 1980 4 26 -18.5833 177.8 53 56
6809 2C20643 1980 4 12 -18.5833 177.8167 1980 4 26 -18.5833 177.8 52 56
6809 2C20644 1980 4 12 -18.5833 177.8167 1980 4 26 -18.5833 177.8 52 56
6809 2C20713 1980 4 12 -18.5833 177.8167 1980 4 13 -18.6 177.7167 52 52
6809 2C20714 1980 4 12 -18.5833 177.8167 1980 4 13 -18.6 177.7167 52 52
6809 2C20736 1980 4 12 -18.5833 177.8167 1980 4 27 -18.5833 177.8 45 0
6809 2C20755 1980 4 12 -18.5833 177.8167 1980 4 27 -18.5833 177.8 54 0
6809 2C20756 1980 4 12 -18.5833 177.8167 1980 4 27 -18.5833 177.8 54 0
6809 2C20909 1980 4 12 -18.5833 177.8167 1980 4 26 -18.5833 177.8 54 57
6809 2C20910 1980 4 12 -18.5833 177.8167 1980 4 14 -18.55 177.85 50 48
6809 2C20911 1980 4 12 -18.5833 177.8167 1980 4 14 -18.55 177.85 50 48
6809 2C20928 1980 4 12 -18.5833 177.8167 1980 4 15 -18.55 177.9167 50 51
6809 2C20929 1980 4 12 -18.5833 177.8167 1980 4 15 -18.55 177.9167 50 51
6809 2C20933 1980 4 12 -18.5833 177.8167 1980 4 27 -18.5833 177.8 53 59
6809 2C20948 1980 4 12 -18.5833 177.8167 1980 4 27 -18.5833 177.8 52 0
6812 2C21070 1980 4 13 -18.55 177.8 1980 4 14 -18.5 177.8333 51 0
6812 2C21071 1980 4 13 -18.55 177.8 1980 4 14 -18.5 177.8333 51 0
6813 2C21091 1980 4 13 -18.6333 177.75 1980 4 13 -16 177 51 0
6813 2C21092 1980 4 13 -18.6333 177.75 1980 4 13 -16 177 51 0
6809 2C21112 1980 4 12 -18.5833 177.8167 1980 4 14 -18.55 177.85 53 52
6809 2C21131 1980 4 12 -18.5833 177.8167 1980 4 26 -18.5833 177.8 52 52
6809 2C21132 1980 4 12 -18.5833 177.8167 1980 4 26 -18.5833 177.8 52 52
6809 2C21154 1980 4 12 -18.5833 177.8167 1980 4 15 -18.55 177.9167 50 50
6809 2C21239 1980 4 12 -18.5833 177.8167 1980 4 26 -18.5833 177.8 53 55
6809 2C21421 1980 4 12 -18.5833 177.8167 1980 4 13 -18.6 177.7167 50 51
6809 2C21428 1980 4 12 -18.5833 177.8167 1980 4 25 -18.4333 177.6 54 58
6809 2C21429 1980 4 12 -18.5833 177.8167 1980 4 25 -18.4333 177.6 54 58
6809 2C21460 1980 4 12 -18.5833 177.8167 1980 4 27 -18.5833 177.8 47 50
6811 2C21509 1980 4 13 -18.45 177.8667 1980 4 16 -18.5 177.9167 56 55
6813 2C21778 1980 4 13 -18.6333 177.75 1980 4 24 -18 179 48 0
6815 2C21910 1980 4 13 -18.6333 177.5833 1980 4 26 -18.5833 177.8 51 55
6815 2C21911 1980 4 13 -18.6333 177.5833 1980 4 26 -18.5833 177.8 51 55
6815 2C22031 1980 4 13 -18.6333 177.5833 1980 4 26 -18.5833 177.8 52 56
6815 2C22032 1980 4 13 -18.6333 177.5833 1980 4 26 -18.5833 177.8 52 56
6816 2C22394 1980 4 13 -18.4667 177.5667 1980 4 15 -18.5833 177.75 52 53
6816 2C22395 1980 4 13 -18.4667 177.5667 1980 4 15 -18.5833 177.75 52 53
6816 2C22407 1980 4 13 -18.4667 177.5667 1980 4 26 -18.5833 177.8 54 57
6816 2C22408 1980 4 13 -18.4667 177.5667 1980 4 26 -18.5833 177.8 54 57
6814 2C22513 1980 4 13 -18.5833 177.75 1980 4 16 -18.5 177.9167 54 53
6814 2C22514 1980 4 13 -18.5833 177.75 1980 4 16 -18.5 177.9167 54 53
6814 2C22515 1980 4 13 -18.5833 177.75 1980 4 25 -18.4833 177.4667 55 58
6815 2C22576 1980 4 13 -18.6333 177.5833 1980 4 13 -18.6333 177.5833 48 0
6815 2C22577 1980 4 13 -18.6333 177.5833 1980 4 13 -18.6333 177.5833 48 0
6815 2C22585 1980 4 13 -18.6333 177.5833 1980 4 26 -18.6167 177.6 48 51
6815 2C22586 1980 4 13 -18.6333 177.5833 1980 4 26 -18.6167 177.6 48 51
6816 2C23099 1980 4 13 -18.4667 177.5667 1980 4 26 -18.5833 177.8 49 53
6818 2C23134 1980 4 14 -18.5167 177.6 1980 4 20 -18.45 177.6333 50 49
6818 2C23135 1980 4 14 -18.5167 177.6 1980 4 20 -18.45 177.6333 50 49
6816 2C23213 1980 4 13 -18.4667 177.5667 1980 4 26 -18.5833 177.8 50 53
6816 2C23214 1980 4 13 -18.4667 177.5667 1980 4 26 -18.5833 177.8 50 53
6824 2C23640 1980 4 15 -18.45 177.6333 1980 4 15 -18.45 177.6333 52 53
6824 2C23641 1980 4 15 -18.45 177.6333 1980 4 15 -18.45 177.6333 52 53
6824 2C23855 1980 4 15 -18.45 177.6333 1980 4 25 -18.4333 177.6 48 52
6824 2C23856 1980 4 15 -18.45 177.6333 1980 4 25 -18.4333 177.6 48 52
6824 2C23969 1980 4 15 -18.45 177.6333 1980 4 27 -18.5833 177.8 48 0
6824 2C24187 1980 4 15 -18.45 177.6333 1980 4 16 -18.15 177.35 50 50
6828 2C24400 1980 4 16 -18.2 179.4833 1980 4 25 -18.4333 177.6 49 54
6829 2C24931 1980 4 16 -18.15 177.4167 1980 4 26 -18.5833 177.8 56 58
6829 2C24932 1980 4 16 -18.15 177.4167 1980 4 26 -18.5833 177.8 56 58
6837 2C25461 1980 4 20 -15.8667 180.0333 1980 4 26 -15.9167 179.5833 52 50
6837 2C25462 1980 4 20 -15.8667 180.0333 1980 4 26 -15.9167 179.5833 52 50
6837 2C25470 1980 4 20 -15.8667 180.0333 1980 4 27 -16.0833 179.0833 50 0
6837 2C25471 1980 4 20 -15.8667 180.0333 1980 4 27 -16.0833 179.0833 50 0
6837 2C25691 1980 4 20 -15.8667 180.0333 1980 4 26 -15.9167 179.5833 53 53
6837 2C25692 1980 4 20 -15.8667 180.0333 1980 4 26 -15.9167 179.5833 53 53
6837 2C25694 1980 4 20 -15.8667 180.0333 1980 4 26 -16.1 179.1833 49 51
6837 2C25695 1980 4 20 -15.8667 180.0333 1980 4 26 -16.1 179.1833 49 51
6837 2C25696 1980 4 20 -15.8667 180.0333 1980 4 30 -16 179.2333 50 51
6837 2C25825 1980 4 20 -15.8667 180.0333 1980 4 26 -15.9167 179.5833 50 49
6837 2C25826 1980 4 20 -15.8667 180.0333 1980 4 26 -15.9167 179.5833 50 49
6837 2C25830 1980 4 20 -15.8667 180.0333 1980 4 27 -16.0833 179.75 53 0
6837 2C25834 1980 4 20 -15.8667 180.0333 1980 4 26 -16.1333 179.3333 50 52
6837 2C25835 1980 4 20 -15.8667 180.0333 1980 4 26 -16.1333 179.3333 50 52
6837 2C25843 1980 4 20 -15.8667 180.0333 1980 4 26 -16.1333 179.3333 52 53
6837 2C25844 1980 4 20 -15.8667 180.0333 1980 4 26 -16.1333 179.3333 52 53
6837 2C25845 1980 4 20 -15.8667 180.0333 1980 4 26 -16.1333 179.3333 52 53
6837 2C25848 1980 4 20 -15.8667 180.0333 1980 4 27 -16.0833 179.0833 53 0
6837 2C25869 1980 4 20 -15.8667 180.0333 1980 4 26 -15.9167 179.5833 50 48
6837 2C25885 1980 4 20 -15.8667 180.0333 1980 4 26 -15.9167 179.5833 48 49
6837 2C25886 1980 4 20 -15.8667 180.0333 1980 4 26 -15.9167 179.5833 48 49
6837 2C25887 1980 4 20 -15.8667 180.0333 1980 4 26 -15.9167 179.5833 51 48
6837 2C25891 1980 4 20 -15.8667 180.0333 1980 4 27 -16.15 178.9333 48 47
6837 2C25892 1980 4 20 -15.8667 180.0333 1980 4 27 -16.15 178.9333 48 47
6837 2C25894 1980 4 20 -15.8667 180.0333 1980 4 26 -15.9167 179.5833 50 50
6837 2C25895 1980 4 20 -15.8667 180.0333 1980 4 26 -15.9167 179.5833 50 50
6837 2C25896 1980 4 20 -15.8667 180.0333 1980 4 26 -15.9167 179.5833 50 50
6837 2C26007 1980 4 20 -15.8667 180.0333 1980 4 26 -15.9167 179.5833 52 51
6837 2C26008 1980 4 20 -15.8667 180.0333 1980 4 26 -15.9167 179.5833 52 51
6837 2C26009 1980 4 20 -15.8667 180.0333 1980 4 27 -16.0833 179.0833 51 0
6837 2C26021 1980 4 20 -15.8667 180.0333 1980 4 26 -16.1333 179.2333 50 47
6837 2C26039 1980 4 20 -15.8667 180.0333 1980 4 26 -16.1333 179.3333 50 54
6837 2C26051 1980 4 20 -15.8667 180.0333 1980 4 26 -15.9167 179.5833 46 44
6837 2C26064 1980 4 20 -15.8667 180.0333 1980 4 28 -15.9667 179.3333 50 50
6837 2C26065 1980 4 20 -15.8667 180.0333 1980 4 28 -15.9667 179.3333 50 50
6837 2C26067 1980 4 20 -15.8667 180.0333 1980 4 26 -16.1333 179.3333 47 49
6837 2C26068 1980 4 20 -15.8667 180.0333 1980 4 26 -16.1333 179.3333 47 49
6837 2C26069 1980 4 20 -15.8667 180.0333 1980 4 26 -16.1333 179.3333 53 0
6837 2C26079 1980 4 20 -15.8667 180.0333 1980 4 26 -15.9167 179.5833 50 52
6837 2C26080 1980 4 20 -15.8667 180.0333 1980 4 26 -15.9167 179.5833 50 52
6837 2C26085 1980 4 20 -15.8667 180.0333 1980 4 26 -16.1333 179.2333 49 47
6837 2C26086 1980 4 20 -15.8667 180.0333 1980 4 26 -16.1333 179.2333 49 47
6837 2C26094 1980 4 20 -15.8667 180.0333 1980 4 26 -15.9167 179.5833 49 49
6837 2C26095 1980 4 20 -15.8667 180.0333 1980 4 26 -15.9167 179.5833 49 49
6837 2C26097 1980 4 20 -15.8667 180.0333 1980 4 26 -16.1333 179.3333 48 51
6837 2C26098 1980 4 20 -15.8667 180.0333 1980 4 26 -16.1333 179.3333 48 51
6837 2C26118 1980 4 20 -15.8667 180.0333 1980 4 26 -16.1333 179.3333 49 50
6837 2C26130 1980 4 20 -15.8667 180.0333 1980 4 30 -16 179.2333 51 52
6837 2C26143 1980 4 20 -15.8667 180.0333 1980 4 26 -16.1 179.1833 49 50
6837 2C26144 1980 4 20 -15.8667 180.0333 1980 4 26 -16.1 179.1833 49 50
6837 2C26152 1980 4 20 -15.8667 180.0333 1980 4 26 -15.9167 179.5833 50 51
6837 2C26153 1980 4 20 -15.8667 180.0333 1980 4 26 -15.9167 179.5833 50 51
6837 2C26185 1980 4 20 -15.8667 180.0333 1980 4 26 -15.9167 179.5833 48 51
6837 2C26186 1980 4 20 -15.8667 180.0333 1980 4 26 -15.9167 179.5833 48 51
6837 2C26193 1980 4 20 -15.8667 180.0333 1980 4 26 -15.9167 179.5833 48 49
6837 2C26194 1980 4 20 -15.8667 180.0333 1980 4 26 -15.9167 179.5833 50 50
6837 2C26195 1980 4 20 -15.8667 180.0333 1980 4 26 -15.9167 179.5833 50 50
6837 2C26199 1980 4 20 -15.8667 180.0333 1980 4 26 -16.1333 179.3333 48 51
6837 2C26201 1980 4 20 -15.8667 180.0333 1980 4 26 -15.9167 179.5833 53 49
6837 2C26202 1980 4 20 -15.8667 180.0333 1980 4 26 -15.9167 179.5833 53 49
6837 2C26222 1980 4 20 -15.8667 180.0333 1980 4 26 -15.9167 179.5833 49 47
6837 2C26223 1980 4 20 -15.8667 180.0333 1980 4 26 -15.9167 179.5833 49 47
6837 2C26230 1980 4 20 -15.8667 180.0333 1980 4 26 -16.1333 179.3333 57 59
6837 2C26231 1980 4 20 -15.8667 180.0333 1980 4 26 -16.1333 179.3333 51 52
6837 2C26232 1980 4 20 -15.8667 180.0333 1980 4 26 -16.1333 179.3333 51 52
6837 2C26237 1980 4 20 -15.8667 180.0333 1980 4 26 -16.1333 179.3333 52 54
6837 2C26238 1980 4 20 -15.8667 180.0333 1980 4 26 -16.1333 179.3333 52 54
6837 2C26310 1980 4 20 -15.8667 180.0333 1980 4 20 -16 177 54 0
6837 2C26311 1980 4 20 -15.8667 180.0333 1980 4 20 -16 177 54 0
6837 2C26312 1980 4 20 -15.8667 180.0333 1980 4 27 -16.0833 179.0833 49 51
6837 2C26324 1980 4 20 -15.8667 180.0333 1980 4 26 -15.9167 179.5833 44 44
6837 2C26325 1980 4 20 -15.8667 180.0333 1980 4 27 -16.0833 179.75 52 52
6837 2C26326 1980 4 20 -15.8667 180.0333 1980 4 27 -16.0833 179.75 52 52
6837 2C26342 1980 4 20 -15.8667 180.0333 1980 4 26 -15.9167 179.5833 51 49
6837 2C26349 1980 4 20 -15.8667 180.0333 1980 4 26 -15.9167 179.5833 48 48
6837 2C26350 1980 4 20 -15.8667 180.0333 1980 4 26 -15.9167 179.5833 48 48
6837 2C26376 1980 4 20 -15.8667 180.0333 1980 4 26 -15.9167 179.5833 43 43
6837 2C26377 1980 4 20 -15.8667 180.0333 1980 4 26 -15.9167 179.5833 43 43
6837 2C26387 1980 4 20 -15.8667 180.0333 1980 4 20 -15.8667 180.0333 50 49
6837 2C26403 1980 4 20 -15.8667 180.0333 1980 4 26 -15.9167 179.5833 47 47
6837 2C26434 1980 4 20 -15.8667 180.0333 1980 4 26 -16.1333 179.3333 49 52
6837 2C26435 1980 4 20 -15.8667 180.0333 1980 4 26 -16.1333 179.3333 49 52
6837 2C26452 1980 4 20 -15.8667 180.0333 1980 4 26 -15.9167 179.5833 41 42
6837 2C26453 1980 4 20 -15.8667 180.0333 1980 4 26 -15.9167 179.5833 41 42
6837 2C26473 1980 4 20 -15.8667 180.0333 1980 4 26 -15.9167 179.5833 52 51
6837 2C26474 1980 4 20 -15.8667 180.0333 1980 4 26 -15.9167 179.5833 52 51
6837 2C26499 1980 4 20 -15.8667 180.0333 1980 4 27 -16.0833 179.0833 50 0
6837 2C26506 1980 4 20 -15.8667 180.0333 1980 4 26 -15.9167 179.5833 47 46
6837 2C26510 1980 4 20 -15.8667 180.0333 1980 4 26 -15.9167 179.5833 48 50
6837 2C26511 1980 4 20 -15.8667 180.0333 1980 4 26 -15.9167 179.5833 48 50
6837 2C26513 1980 4 20 -15.8667 180.0333 1980 4 26 -15.9167 179.5833 48 48
6837 2C26514 1980 4 20 -15.8667 180.0333 1980 4 26 -15.9167 179.5833 48 48
6837 2C26518 1980 4 20 -15.8667 180.0333 1980 4 27 -16.0833 179.0833 49 0
6837 2C26558 1980 4 20 -15.8667 180.0333 1980 4 27 -16.0833 179.0833 47 0
6837 2C26559 1980 4 20 -15.8667 180.0333 1980 4 27 -16.0833 179.0833 47 0
6837 2C26572 1980 4 20 -15.8667 180.0333 1980 4 26 -16.1333 179.3333 51 54
6837 2C26578 1980 4 20 -15.8667 180.0333 1980 4 27 -16.0833 179.75 50 0
6837 2C26579 1980 4 20 -15.8667 180.0333 1980 4 27 -16.0833 179.75 47 0
6837 2C26580 1980 4 20 -15.8667 180.0333 1980 4 27 -16.0833 179.75 47 0
6837 2C26582 1980 4 20 -15.8667 180.0333 1980 4 26 -15.9167 179.5833 49 50
6837 2C26583 1980 4 20 -15.8667 180.0333 1980 4 26 -15.9167 179.5833 49 50
6837 2C26587 1980 4 20 -15.8667 180.0333 1980 4 26 -16.1333 179.3333 46 50
6837 2C26593 1980 4 20 -15.8667 180.0333 1980 4 26 -15.9167 179.5833 51 51
6837 2C26596 1980 4 20 -15.8667 180.0333 1980 4 26 -16.1333 179.3333 49 45
6837 2C26597 1980 4 20 -15.8667 180.0333 1980 4 27 -16.0833 179.0833 49 0
6837 2C26598 1980 4 20 -15.8667 180.0333 1980 4 27 -16.0833 179.0833 49 0
6837 2C26610 1980 4 20 -15.8667 180.0333 1980 4 26 -15.9167 179.5833 52 52
6837 2C26611 1980 4 20 -15.8667 180.0333 1980 4 26 -15.9167 179.5833 52 52
6837 2C26612 1980 4 20 -15.8667 180.0333 1980 4 26 -16.1333 179.3333 49 51
6837 2C26615 1980 4 20 -15.8667 180.0333 1980 4 25 -16 179 45 0
6837 2C26642 1980 4 20 -15.8667 180.0333 1980 4 26 -16.1333 179.3333 49 52
6837 2C26678 1980 4 20 -15.8667 180.0333 1980 4 26 -16.1333 179.3333 48 51
6837 2C26730 1980 4 20 -15.8667 180.0333 1980 4 26 -16.1333 179.2333 45 0
6837 2C26735 1980 4 20 -15.8667 180.0333 1980 4 28 -15.9667 179.3333 47 49
6837 2C26736 1980 4 20 -15.8667 180.0333 1980 4 23 -16.1667 178.9667 50 51
6837 2C26738 1980 4 20 -15.8667 180.0333 1980 4 26 -15.9167 179.5833 51 52
6837 2C26745 1980 4 20 -15.8667 180.0333 1980 4 26 -15.9167 179.5833 49 50
6837 2C26746 1980 4 20 -15.8667 180.0333 1980 4 26 -15.9167 179.5833 52 52
6837 2C26752 1980 4 20 -15.8667 180.0333 1980 4 20 -16 177 49 0
6837 2C26755 1980 4 20 -15.8667 180.0333 1980 4 26 -15.9167 179.5833 49 48
6837 2C26756 1980 4 20 -15.8667 180.0333 1980 4 28 -15.9667 179.3333 50 52
6837 2C26759 1980 4 20 -15.8667 180.0333 1980 4 26 -15.9167 179.5833 47 48
6837 2C26762 1980 4 20 -15.8667 180.0333 1980 4 27 -16.0833 179.75 48 0
6837 2C26764 1980 4 20 -15.8667 180.0333 1980 4 26 -15.9167 179.5833 46 48
6837 2C26768 1980 4 20 -15.8667 180.0333 1980 4 26 -16.1333 179.3333 48 50
6837 2C26771 1980 4 20 -15.8667 180.0333 1980 4 26 -16.1333 179.3333 48 50
6837 2C26774 1980 4 20 -15.8667 180.0333 1980 4 26 -16.1333 179.2333 50 0
6837 2C26778 1980 4 20 -15.8667 180.0333 1980 4 27 -16.0833 179.75 49 0
6837 2C26879 1980 4 20 -15.8667 180.0333 1980 4 26 -15.9167 179.5833 59 57
6837 2C26880 1980 4 20 -15.8667 180.0333 1980 4 26 -15.9167 179.5833 59 57
6837 2C26888 1980 4 20 -15.8667 180.0333 1980 4 28 -15.9667 179.3333 49 50
6837 2C26889 1980 4 20 -15.8667 180.0333 1980 4 28 -15.9667 179.3333 49 50
6837 2C26903 1980 4 20 -15.8667 180.0333 1980 4 26 -15.9167 179.5833 49 50
6837 2C26907 1980 4 20 -15.8667 180.0333 1980 4 26 -16.1333 179.3333 52 54
6837 2C26908 1980 4 20 -15.8667 180.0333 1980 4 26 -16.1333 179.3333 52 54
6837 2C26910 1980 4 20 -15.8667 180.0333 1980 4 26 -15.9167 179.5833 48 47
6837 2C26911 1980 4 20 -15.8667 180.0333 1980 4 26 -15.9167 179.5833 48 47
6837 2C26921 1980 4 20 -15.8667 180.0333 1980 4 26 -15.9167 179.5833 52 52
6837 2C26972 1980 4 20 -15.8667 180.0333 1980 4 27 -16.0833 179.0833 43 0
6837 2C26990 1980 4 20 -15.8667 180.0333 1980 4 26 -16.1333 179.3333 60 54
6837 2C27000 1980 4 20 -15.8667 180.0333 1980 4 26 -16.1333 179.3333 48 51
6837 2C27003 1980 4 20 -15.8667 180.0333 1980 4 26 -16.1333 179.3333 47 49
6837 2C27004 1980 4 20 -15.8667 180.0333 1980 4 30 -16 179.2333 44 53
6837 2C27005 1980 4 20 -15.8667 180.0333 1980 4 30 -16 179.2333 44 53
6837 2C27019 1980 4 20 -15.8667 180.0333 1980 4 26 -16.2167 179.25 51 53
6837 2C27020 1980 4 20 -15.8667 180.0333 1980 4 26 -16.2167 179.25 51 53
6837 2C27028 1980 4 20 -15.8667 180.0333 1980 4 26 -15.9167 179.5833 53 50
6837 2C27029 1980 4 20 -15.8667 180.0333 1980 4 26 -15.9167 179.5833 53 50
6837 2C27063 1980 4 20 -15.8667 180.0333 1980 4 26 -15.9167 179.5833 54 53
6837 2C27066 1980 4 20 -15.8667 180.0333 1980 4 26 -15.9167 179.5833 53 52
6837 2C27072 1980 4 20 -15.8667 180.0333 1980 4 30 -16 179.2333 47 50
6837 2C27078 1980 4 20 -15.8667 180.0333 1980 4 26 -15.9167 179.5833 47 46
6837 2C27082 1980 4 20 -15.8667 180.0333 1980 4 26 -15.9167 179.5833 51 51
6837 2C27083 1980 4 20 -15.8667 180.0333 1980 4 26 -15.9167 179.5833 51 51
6837 2C27109 1980 4 20 -15.8667 180.0333 1980 4 26 -15.9167 179.5833 52 51
6837 2C27116 1980 4 20 -15.8667 180.0333 1980 4 26 -16.1333 179.2333 50 54
6837 2C27117 1980 4 20 -15.8667 180.0333 1980 4 26 -16.1333 179.2333 50 54
6837 2C27119 1980 4 20 -15.8667 180.0333 1980 4 27 -16.1167 179.15 49 48
6837 2C27120 1980 4 20 -15.8667 180.0333 1980 4 27 -16.1167 179.15 49 48
6837 2C27134 1980 4 20 -15.8667 180.0333 1980 4 26 -15.9167 179.5833 53 51
6837 2C27135 1980 4 20 -15.8667 180.0333 1980 4 26 -15.9167 179.5833 53 51
6837 2C27139 1980 4 20 -15.8667 180.0333 1980 4 26 -16.1333 179.3333 52 53
6837 2C27157 1980 4 20 -15.8667 180.0333 1980 4 24 -16.0833 178.9667 49 49
6837 2C27161 1980 4 20 -15.8667 180.0333 1980 4 26 -15.9167 179.5833 50 49
6837 2C27162 1980 4 20 -15.8667 180.0333 1980 4 26 -15.9167 179.5833 50 49
6837 2C27170 1980 4 20 -15.8667 180.0333 1980 4 26 -16.1333 179.3333 51 54
6837 2C27171 1980 4 20 -15.8667 180.0333 1980 4 26 -16.1333 179.3333 51 54
6837 2C27173 1980 4 20 -15.8667 180.0333 1980 4 25 -16 179 45 0
6837 2C27174 1980 4 20 -15.8667 180.0333 1980 4 25 -16 179 45 0
6837 2C27181 1980 4 20 -15.8667 180.0333 1980 4 28 -16.2667 179.2667 49 48
6837 2C27191 1980 4 20 -15.8667 180.0333 1980 4 26 -16.1333 179.3333 50 53
6837 2C27192 1980 4 20 -15.8667 180.0333 1980 4 26 -16.1333 179.3333 50 53
6837 2C27194 1980 4 20 -15.8667 180.0333 1980 4 26 -16.1333 179.3333 54 54
6837 2C27195 1980 4 20 -15.8667 180.0333 1980 4 26 -16.1333 179.3333 54 54
6837 2C27197 1980 4 20 -15.8667 180.0333 1980 4 26 -15.9167 179.5833 51 49
6837 2C27198 1980 4 20 -15.8667 180.0333 1980 4 26 -15.9167 179.5833 51 49
6837 2C27199 1980 4 20 -15.8667 180.0333 1980 4 26 -16.1333 179.3333 54 56
6837 2C27213 1980 4 20 -15.8667 180.0333 1980 4 27 -16.0833 179.75 49 0
6837 2C27214 1980 4 20 -15.8667 180.0333 1980 4 27 -16.0833 179.75 49 0
6837 2C27215 1980 4 20 -15.8667 180.0333 1980 4 26 -15.9167 179.5833 51 51
6837 2C27233 1980 4 20 -15.8667 180.0333 1980 4 25 -16.05 179.8667 59 64
6837 2C27251 1980 4 20 -15.8667 180.0333 1980 4 26 -15.9167 179.5833 48 48
6837 2C27255 1980 4 20 -15.8667 180.0333 1980 4 26 -15.9167 179.5833 57 58
6837 2C27256 1980 4 20 -15.8667 180.0333 1980 4 26 -15.9167 179.5833 57 58
6837 2C27270 1980 4 20 -15.8667 180.0333 1980 4 27 -16.0833 179.0833 50 50
6837 2C27271 1980 4 20 -15.8667 180.0333 1980 4 27 -16.0833 179.0833 50 50
6837 2C27279 1980 4 20 -15.8667 180.0333 1980 4 26 -15.9167 179.5833 47 48
6837 2C27280 1980 4 20 -15.8667 180.0333 1980 4 26 -15.9167 179.5833 47 48
6837 2C27308 1980 4 20 -15.8667 180.0333 1980 4 20 -15.8667 180.0333 51 51
6837 2C27328 1980 4 20 -15.8667 180.0333 1980 4 27 -16.0833 179.0833 57 0
6837 2C27342 1980 4 20 -15.8667 180.0333 1980 4 26 -15.9167 179.5833 50 49
6837 2C27348 1980 4 20 -15.8667 180.0333 1980 4 26 -15.9167 179.5833 45 47
6837 2C27357 1980 4 20 -15.8667 180.0333 1980 4 28 -16 179.35 55 54
6837 2C27361 1980 4 20 -15.8667 180.0333 1980 4 27 -16.0833 179.0833 50 0
6837 2C27370 1980 4 20 -15.8667 180.0333 1980 4 26 -16.1333 179.3333 52 52
6837 2C27371 1980 4 20 -15.8667 180.0333 1980 4 27 -16.0833 179.0833 52 0
6837 2C27388 1980 4 20 -15.8667 180.0333 1980 4 26 -15.9167 179.5833 52 52
6837 2C27389 1980 4 20 -15.8667 180.0333 1980 4 26 -15.9167 179.5833 49 50
6837 2C27395 1980 4 20 -15.8667 180.0333 1980 4 27 -16.0833 179.75 47 0
6837 2C27404 1980 4 20 -15.8667 180.0333 1980 4 25 -16.1167 179.4833 49 0
6837 2C27405 1980 4 20 -15.8667 180.0333 1980 4 25 -16.1167 179.4833 49 0
6837 2C27409 1980 4 20 -15.8667 180.0333 1980 4 27 -16.0833 179.75 43 0
6837 2C27412 1980 4 20 -15.8667 180.0333 1980 4 26 -16.1333 179.3333 48 52
6837 2C27418 1980 4 20 -15.8667 180.0333 1980 4 26 -15.9167 179.5833 49 50
6837 2C27440 1980 4 20 -15.8667 180.0333 1980 4 26 -15.9167 179.5833 53 53
6837 2C27441 1980 4 20 -15.8667 180.0333 1980 4 26 -15.9167 179.5833 53 53
6837 2C27475 1980 4 20 -15.8667 180.0333 1980 4 27 -16.0833 179.75 47 0
6837 2C27481 1980 4 20 -15.8667 180.0333 1980 4 27 -16.0833 179.0833 51 0
6837 2C27493 1980 4 20 -15.8667 180.0333 1980 4 26 -16.1333 179.3333 53 57
6837 2C27496 1980 4 20 -15.8667 180.0333 1980 4 27 -16.0833 179.0833 49 0
6837 2C27500 1980 4 20 -15.8667 180.0333 1980 4 26 -16.1333 179.3333 48 53
6837 2C27506 1980 4 20 -15.8667 180.0333 1980 4 25 -16 179 49 0
6837 2C27530 1980 4 20 -15.8667 180.0333 1980 4 26 -15.9167 179.5833 47 48
6837 2C27552 1980 4 20 -15.8667 180.0333 1980 4 26 -15.9167 179.5833 49 50
6837 2C27553 1980 4 20 -15.8667 180.0333 1980 4 26 -15.9167 179.5833 49 50
6837 2C27585 1980 4 20 -15.8667 180.0333 1980 4 27 -16.0833 179.0833 47 0
6837 2C27586 1980 4 20 -15.8667 180.0333 1980 4 27 -16.0833 179.0833 47 0
6837 2C27591 1980 4 20 -15.8667 180.0333 1980 4 26 -15.9167 179.5833 49 48
6837 2C27592 1980 4 20 -15.8667 180.0333 1980 4 26 -15.9167 179.5833 49 48
6837 2C27620 1980 4 20 -15.8667 180.0333 1980 4 27 -16.0833 179.75 46 0
6837 2C27621 1980 4 20 -15.8667 180.0333 1980 4 26 -15.9167 179.5833 49 51
6839 2C27635 1980 4 21 -16.0167 179.8 1980 4 27 -16.1 179.2 48 49
6839 2C27647 1980 4 21 -16.0167 179.8 1980 4 26 -16.1333 179.3333 52 54
6842 2C27664 1980 4 22 -15.9167 179.05 1980 4 27 -16.0833 179.0833 53 52
6842 2C27695 1980 4 22 -15.9167 179.05 1980 4 27 -16.0833 179.0833 47 52
6837 2C27701 1980 4 20 -15.8667 180.0333 1980 4 26 -16.1333 179.3333 53 54
6837 2C27702 1980 4 20 -15.8667 180.0333 1980 4 26 -16.1333 179.3333 53 54
6837 2C27710 1980 4 20 -15.8667 180.0333 1980 4 26 -15.9167 179.5833 50 51
6837 2C27711 1980 4 20 -15.8667 180.0333 1980 4 26 -15.9167 179.5833 50 51
6837 2C27719 1980 4 20 -15.8667 180.0333 1980 4 26 -15.9167 179.5833 52 51
6837 2C27720 1980 4 20 -15.8667 180.0333 1980 4 26 -15.9167 179.5833 52 51
6837 2C27725 1980 4 20 -15.8667 180.0333 1980 4 26 -16.1333 179.3333 54 53
6837 2C27726 1980 4 20 -15.8667 180.0333 1980 4 26 -16.1333 179.3333 54 53
6837 2C27734 1980 4 20 -15.8667 180.0333 1980 4 27 -16.1 179.2 54 49
6837 2C27735 1980 4 20 -15.8667 180.0333 1980 4 27 -16.1 179.2 54 49
6837 2C27736 1980 4 20 -15.8667 180.0333 1980 4 27 -16.0833 179.75 56 0
6837 2C27749 1980 4 20 -15.8667 180.0333 1980 4 26 -15.9167 179.5833 50 50
6837 2C27750 1980 4 20 -15.8667 180.0333 1980 4 26 -15.9167 179.5833 50 50
6837 2C27751 1980 4 20 -15.8667 180.0333 1980 4 26 -15.9167 179.5833 55 55
6837 2C27755 1980 4 20 -15.8667 180.0333 1980 4 27 -16.0833 179.0833 53 0
6837 2C27756 1980 4 20 -15.8667 180.0333 1980 4 27 -16.0833 179.0833 53 0
6837 2C27758 1980 4 20 -15.8667 180.0333 1980 4 27 -16.0833 179.75 53 0
6837 2C27759 1980 4 20 -15.8667 180.0333 1980 4 27 -16.0833 179.75 53 0
6837 2C27761 1980 4 20 -15.8667 180.0333 1980 4 27 -16.0833 179.0833 56 0
6837 2C27762 1980 4 20 -15.8667 180.0333 1980 4 27 -16.0833 179.0833 56 0
6837 2C27775 1980 4 20 -15.8667 180.0333 1980 4 26 -15.9167 179.5833 50 49
6837 2C27793 1980 4 20 -15.8667 180.0333 1980 4 26 -16.1333 179.3333 48 50
6837 2C27810 1980 4 20 -15.8667 180.0333 1980 4 26 -15.9167 179.5833 50 51
6837 2C27811 1980 4 20 -15.8667 180.0333 1980 4 26 -15.9167 179.5833 50 51
6837 2C27845 1980 4 20 -15.8667 180.0333 1980 4 26 -16.1333 179.3333 50 53
6837 2C27866 1980 4 20 -15.8667 180.0333 1980 4 27 -16.0833 179.75 50 0
6837 2C27869 1980 4 20 -15.8667 180.0333 1980 4 26 -15.9167 179.5833 48 49
6837 2C27910 1980 4 20 -15.8667 180.0333 1980 4 26 -15.9167 179.5833 52 50
6837 2C27911 1980 4 20 -15.8667 180.0333 1980 4 26 -15.9167 179.5833 52 50
6837 2C27915 1980 4 20 -15.8667 180.0333 1980 4 26 -15.9167 179.5833 55 52
6837 2C27918 1980 4 20 -15.8667 180.0333 1980 4 28 -16.2667 179.2667 51 50
6837 2C27928 1980 4 20 -15.8667 180.0333 1980 4 27 -16.0833 179.0833 52 0
6837 2C27929 1980 4 20 -15.8667 180.0333 1980 4 27 -16.0833 179.0833 52 0
6837 2C27942 1980 4 20 -15.8667 180.0333 1980 4 26 -15.9167 179.5833 56 54
6837 2C27946 1980 4 20 -15.8667 180.0333 1980 4 26 -16.1333 179.3333 49 49
6837 2C27947 1980 4 20 -15.8667 180.0333 1980 4 26 -16.1333 179.3333 49 49
6837 2C27952 1980 4 20 -15.8667 180.0333 1980 4 27 -16.0833 179.0833 50 0
6837 2C27953 1980 4 20 -15.8667 180.0333 1980 4 27 -16.0833 179.0833 50 0
6837 2C27958 1980 4 20 -15.8667 180.0333 1980 4 26 -16.1333 179.3333 57 57
6837 2C27959 1980 4 20 -15.8667 180.0333 1980 4 26 -16.1333 179.3333 57 57
6837 2C27964 1980 4 20 -15.8667 180.0333 1980 4 26 -15.9167 179.5833 54 53
6837 2C27965 1980 4 20 -15.8667 180.0333 1980 4 26 -15.9167 179.5833 54 53
6837 2C27969 1980 4 20 -15.8667 180.0333 1980 4 26 -15.9167 179.5833 51 49
6837 2C27972 1980 4 20 -15.8667 180.0333 1980 4 26 -16.1333 179.3333 50 53
6837 2C27985 1980 4 20 -15.8667 180.0333 1980 4 26 -16.1333 179.2333 49 0
6837 2C27986 1980 4 20 -15.8667 180.0333 1980 4 26 -16.1333 179.2333 49 0
6837 2C27990 1980 4 20 -15.8667 180.0333 1980 4 27 -16.0833 179.0833 49 0
6837 2C27991 1980 4 20 -15.8667 180.0333 1980 4 26 -16.1 179.1833 53 54
6837 2C27992 1980 4 20 -15.8667 180.0333 1980 4 26 -16.1 179.1833 53 54
6837 2C28003 1980 4 20 -15.8667 180.0333 1980 4 30 -16.05 179.25 48 50
6837 2C28019 1980 4 20 -15.8667 180.0333 1980 4 26 -15.9167 179.5833 50 49
6837 2C28020 1980 4 20 -15.8667 180.0333 1980 4 26 -15.9167 179.5833 50 49
6837 2C28022 1980 4 20 -15.8667 180.0333 1980 4 26 -16.1333 179.3333 45 0
6837 2C28023 1980 4 20 -15.8667 180.0333 1980 4 26 -16.1333 179.3333 45 0
6837 2C28025 1980 4 20 -15.8667 180.0333 1980 4 28 -16.1 179.35 50 50
6837 2C28026 1980 4 20 -15.8667 180.0333 1980 4 28 -16.1 179.35 50 50
6837 2C28036 1980 4 20 -15.8667 180.0333 1980 4 26 -15.9167 179.5833 50 51
6837 2C28040 1980 4 20 -15.8667 180.0333 1980 4 26 -15.9167 179.5833 53 56
6837 2C28041 1980 4 20 -15.8667 180.0333 1980 4 26 -15.9167 179.5833 53 56
6837 2C28046 1980 4 20 -15.8667 180.0333 1980 4 26 -16.1333 179.3333 50 54
6837 2C28047 1980 4 20 -15.8667 180.0333 1980 4 26 -16.1333 179.3333 50 54
6837 2C28049 1980 4 20 -15.8667 180.0333 1980 4 26 -15.9167 179.5833 47 49
6837 2C28050 1980 4 20 -15.8667 180.0333 1980 4 26 -15.9167 179.5833 47 49
6837 2C28052 1980 4 20 -15.8667 180.0333 1980 4 26 -15.9167 179.5833 48 47
6837 2C28053 1980 4 20 -15.8667 180.0333 1980 4 26 -15.9167 179.5833 48 47
6837 2C28057 1980 4 20 -15.8667 180.0333 1980 4 26 -15.9167 179.5833 53 56
6837 2C28064 1980 4 20 -15.8667 180.0333 1980 4 26 -16.1333 179.3333 44 47
6837 2C28065 1980 4 20 -15.8667 180.0333 1980 4 26 -16.1333 179.3333 44 47
6837 2C28078 1980 4 20 -15.8667 180.0333 1980 4 26 -15.9167 179.5833 50 51
6837 2C28079 1980 4 20 -15.8667 180.0333 1980 4 27 -16 179.1833 49 51
6837 2C28080 1980 4 20 -15.8667 180.0333 1980 4 27 -16 179.1833 49 51
6837 2C28087 1980 4 20 -15.8667 180.0333 1980 4 26 -15.9167 179.5833 46 46
6837 2C28088 1980 4 20 -15.8667 180.0333 1980 4 26 -16.1333 179.3333 49 0
6837 2C28089 1980 4 20 -15.8667 180.0333 1980 4 26 -16.1333 179.3333 49 0
6837 2C28093 1980 4 20 -15.8667 180.0333 1980 4 27 -16.1 179.2 48 47
6837 2C28106 1980 4 20 -15.8667 180.0333 1980 4 26 -16.1333 179.3333 54 56
6837 2C28107 1980 4 20 -15.8667 180.0333 1980 4 27 -16.0833 179.0833 51 0
6837 2C28108 1980 4 20 -15.8667 180.0333 1980 4 27 -16.0833 179.0833 51 0
6837 2C28124 1980 4 20 -15.8667 180.0333 1980 4 27 -16.0833 179.0833 52 0
6837 2C28125 1980 4 20 -15.8667 180.0333 1980 4 29 -16.1333 179.7333 54 54
6837 2C28126 1980 4 20 -15.8667 180.0333 1980 4 29 -16.1333 179.7333 54 54
6837 2C28127 1980 4 20 -15.8667 180.0333 1980 4 26 -15.9167 179.5833 48 47
6837 2C28130 1980 4 20 -15.8667 180.0333 1980 4 26 -15.9167 179.5833 51 51
6837 2C28136 1980 4 20 -15.8667 180.0333 1980 4 26 -15.9167 179.5833 53 53
6837 2C28137 1980 4 20 -15.8667 180.0333 1980 4 26 -16.1333 179.3333 50 52
6837 2C28138 1980 4 20 -15.8667 180.0333 1980 4 26 -16.1333 179.3333 50 52
6837 2C28139 1980 4 20 -15.8667 180.0333 1980 4 27 -16.0833 179.0833 48 0
6837 2C28148 1980 4 20 -15.8667 180.0333 1980 4 27 -16.0833 179.0833 47 0
6837 2C28154 1980 4 20 -15.8667 180.0333 1980 4 27 -16.0833 179.0833 50 0
6837 2C28157 1980 4 20 -15.8667 180.0333 1980 4 27 -16.0833 179.75 48 0
6837 2C28185 1980 4 20 -15.8667 180.0333 1980 4 26 -16.1333 179.3333 51 0
6837 2C28186 1980 4 20 -15.8667 180.0333 1980 4 26 -16.1333 179.3333 51 0
6837 2C28191 1980 4 20 -15.8667 180.0333 1980 4 27 -16.0833 179.0833 49 0
6837 2C28192 1980 4 20 -15.8667 180.0333 1980 4 27 -16.0833 179.0833 49 0
6837 2C28199 1980 4 20 -15.8667 180.0333 1980 4 27 -16.0833 179.75 57 0
6837 2C28203 1980 4 20 -15.8667 180.0333 1980 4 26 -15.9167 179.5833 51 52
6837 2C28206 1980 4 20 -15.8667 180.0333 1980 4 26 -16.1333 179.3333 50 52
6837 2C28216 1980 4 20 -15.8667 180.0333 1980 4 26 -15.9167 179.5833 51 51
6837 2C28217 1980 4 20 -15.8667 180.0333 1980 4 26 -15.9167 179.5833 51 51
6837 2C28222 1980 4 20 -15.8667 180.0333 1980 4 28 -16.1 179.35 48 50
6837 2C28223 1980 4 20 -15.8667 180.0333 1980 4 28 -16.1 179.35 48 50
6837 2C28237 1980 4 20 -15.8667 180.0333 1980 4 26 -16.1333 179.3333 50 54
6837 2C28238 1980 4 20 -15.8667 180.0333 1980 4 26 -16.1333 179.3333 50 54
6837 2C28257 1980 4 20 -15.8667 180.0333 1980 4 26 -15.9167 179.5833 44 44
6837 2C28290 1980 4 20 -15.8667 180.0333 1980 4 27 -16.0833 179.0833 50 0
6837 2C28301 1980 4 20 -15.8667 180.0333 1980 4 26 -16.15 178.9833 51 50
6837 2C28302 1980 4 20 -15.8667 180.0333 1980 4 26 -16.15 178.9833 51 50
6837 2C28303 1980 4 20 -15.8667 180.0333 1980 4 26 -15.9167 179.5833 51 51
6837 2C28307 1980 4 20 -15.8667 180.0333 1980 4 26 -16.1333 179.3333 53 56
6837 2C28308 1980 4 20 -15.8667 180.0333 1980 4 26 -16.1333 179.3333 53 56
6837 2C28322 1980 4 20 -15.8667 180.0333 1980 4 26 -16.1333 179.3333 47 50
6837 2C28323 1980 4 20 -15.8667 180.0333 1980 4 26 -16.1333 179.3333 47 50
6837 2C28327 1980 4 20 -15.8667 180.0333 1980 4 27 -16.0833 179.0833 45 0
6837 2C28336 1980 4 20 -15.8667 180.0333 1980 4 27 -16.0833 179.0833 47 0
6837 2C28345 1980 4 20 -15.8667 180.0333 1980 4 20 -15.8667 180.0333 52 52
6837 2C28346 1980 4 20 -15.8667 180.0333 1980 4 27 -16.0833 179.0833 43 0
6837 2C28347 1980 4 20 -15.8667 180.0333 1980 4 27 -16.0833 179.0833 43 0
6837 2C28349 1980 4 20 -15.8667 180.0333 1980 4 28 -16.1 179.35 48 49
6837 2C28350 1980 4 20 -15.8667 180.0333 1980 4 28 -16.1 179.35 48 49
6837 2C28352 1980 4 20 -15.8667 180.0333 1980 4 26 -15.9167 179.5833 48 49
6837 2C28353 1980 4 20 -15.8667 180.0333 1980 4 26 -15.9167 179.5833 48 49
6837 2C28366 1980 4 20 -15.8667 180.0333 1980 4 26 -16.1333 179.2333 48 48
6837 2C28399 1980 4 20 -15.8667 180.0333 1980 4 26 -15.9167 179.5833 48 49
6837 2C28401 1980 4 20 -15.8667 180.0333 1980 4 26 -15.9167 179.5833 52 53
6837 2C28402 1980 4 20 -15.8667 180.0333 1980 4 26 -16.15 178.9833 52 51
6837 2C28403 1980 4 20 -15.8667 180.0333 1980 4 26 -15.9167 179.5833 48 48
6837 2C28427 1980 4 20 -15.8667 180.0333 1980 4 26 -15.9167 179.5833 47 52
6837 2C28448 1980 4 20 -15.8667 180.0333 1980 4 27 -16.0833 179.75 53 0
6837 2C28467 1980 4 20 -15.8667 180.0333 1980 4 26 -15.9167 179.5833 50 50
6837 2C28468 1980 4 20 -15.8667 180.0333 1980 4 26 -15.9167 179.5833 50 50
6837 2C28473 1980 4 20 -15.8667 180.0333 1980 4 26 -16.1333 179.3333 50 51
6837 2C28474 1980 4 20 -15.8667 180.0333 1980 4 26 -16.1333 179.3333 50 51
6837 2C28475 1980 4 20 -15.8667 180.0333 1980 4 26 -15.9167 179.5833 49 52
6837 2C28484 1980 4 20 -15.8667 180.0333 1980 4 26 -16.1333 179.3333 52 54
6837 2C28512 1980 4 20 -15.8667 180.0333 1980 4 26 -16.1333 179.3333 55 58
6837 2C28528 1980 4 20 -15.8667 180.0333 1980 4 26 -15.9167 179.5833 53 52
6837 2C28529 1980 4 20 -15.8667 180.0333 1980 4 26 -15.9167 179.5833 53 52
6837 2C28533 1980 4 20 -15.8667 180.0333 1980 4 27 -16.0833 179.75 51 0
6839 2C28564 1980 4 21 -16.0167 179.8 1980 4 26 -16.1333 179.3333 53 56
6839 2C28565 1980 4 21 -16.0167 179.8 1980 4 26 -16.1333 179.3333 53 56
6842 2C28593 1980 4 22 -15.9167 179.05 1980 4 25 -16.25 179.0833 45 0
6837 2C28601 1980 4 20 -15.8667 180.0333 1980 4 26 -15.9167 179.5833 48 48
6837 2C28602 1980 4 20 -15.8667 180.0333 1980 4 26 -15.9167 179.5833 48 48
6837 2C28603 1980 4 20 -15.8667 180.0333 1980 4 26 -16.1333 179.3333 50 53
6837 2C28607 1980 4 20 -15.8667 180.0333 1980 4 26 -15.9167 179.5833 48 47
6837 2C28608 1980 4 20 -15.8667 180.0333 1980 4 26 -15.9167 179.5833 48 47
6838 2C28630 1980 4 21 -16.4167 180 1980 4 26 -15.9167 179.5833 51 50
6838 2C28642 1980 4 21 -16.4167 180 1980 4 26 -16.1333 179.3333 49 51
6838 2C28666 1980 4 21 -16.4167 180 1980 4 28 -16.1 179.35 51 52
6839 2C28679 1980 4 21 -16.0167 179.8 1980 4 30 -16 179.2333 52 53
6839 2C28680 1980 4 21 -16.0167 179.8 1980 4 30 -16 179.2333 52 53
6839 2C28688 1980 4 21 -16.0167 179.8 1980 4 26 -16.1 179.1833 52 50
6839 2C28689 1980 4 21 -16.0167 179.8 1980 4 26 -16.1 179.1833 52 50
6839 2C28694 1980 4 21 -16.0167 179.8 1980 4 30 -16 179.2333 50 51
6839 2C28695 1980 4 21 -16.0167 179.8 1980 4 30 -16 179.2333 50 51
6842 2C28785 1980 4 22 -15.9167 179.05 1980 4 27 -16 179.1833 49 50
6842 2C28786 1980 4 22 -15.9167 179.05 1980 4 27 -16 179.1833 49 50
6842 2C28796 1980 4 22 -15.9167 179.05 1980 4 24 -16.0833 178.9667 55 0
6842 2C28797 1980 4 22 -15.9167 179.05 1980 4 25 -16.25 179.0833 49 0
6842 2C28798 1980 4 22 -15.9167 179.05 1980 4 25 -16.25 179.0833 49 0
6842 2C28872 1980 4 22 -15.9167 179.05 1980 4 24 -16.0833 178.9667 49 0
6842 2C28895 1980 4 22 -15.9167 179.05 1980 4 27 -16.0833 179.0833 48 49
6837 2C28903 1980 4 20 -15.8667 180.0333 1980 4 26 -15.9167 179.5833 50 50
6837 2C28922 1980 4 20 -15.8667 180.0333 1980 4 27 -16.0833 179.0833 54 0
6837 2C28923 1980 4 20 -15.8667 180.0333 1980 4 27 -16.0833 179.0833 54 0
6837 2C28925 1980 4 20 -15.8667 180.0333 1980 4 26 -16.1333 179.3333 49 52
6837 2C28926 1980 4 20 -15.8667 180.0333 1980 4 26 -16.1333 179.3333 49 52
6837 2C28942 1980 4 20 -15.8667 180.0333 1980 4 26 -15.9167 179.5833 49 50
6837 2C28945 1980 4 20 -15.8667 180.0333 1980 4 25 -16 179 46 0
6837 2C28963 1980 4 20 -15.8667 180.0333 1980 4 26 -15.9167 179.5833 41 40
6837 2C28964 1980 4 20 -15.8667 180.0333 1980 4 26 -15.9167 179.5833 49 48
6837 2C28965 1980 4 20 -15.8667 180.0333 1980 4 26 -15.9167 179.5833 49 48
6837 2C28966 1980 4 20 -15.8667 180.0333 1980 4 26 -16.1333 179.2333 53 47
6838 2C28979 1980 4 21 -16.4167 180 1980 4 23 -16.1667 178.9667 52 53
6838 2C28980 1980 4 21 -16.4167 180 1980 4 23 -16.1667 178.9667 52 53
6838 2C28987 1980 4 21 -16.4167 180 1980 4 26 -15.9167 179.5833 52 51
6839 2C29004 1980 4 21 -16.0167 179.8 1980 4 26 -16.1 179.1833 53 51
6839 2C29005 1980 4 21 -16.0167 179.8 1980 4 26 -16.1 179.1833 53 51
6839 2C29009 1980 4 21 -16.0167 179.8 1980 4 27 -16.1 179.2 58 48
6840 2C29042 1980 4 22 -16.1667 179.2833 1980 4 26 -16.1333 179.6667 56 56
6842 2C29081 1980 4 22 -15.9167 179.05 1980 4 26 -16.1333 179.3333 48 0
6842 2C29093 1980 4 22 -15.9167 179.05 1980 4 30 -16.05 179.25 50 51
6844 2C29137 1980 4 23 -15.75 179.0167 1980 4 25 -16.25 179.05 51 51
6842 2C29204 1980 4 22 -15.9167 179.05 1980 4 28 -15.9667 179.3333 51 53
6842 2C29205 1980 4 22 -15.9167 179.05 1980 4 28 -15.9667 179.3333 51 53
6842 2C29212 1980 4 22 -15.9167 179.05 1980 4 24 -16.0833 178.9667 51 52
6842 2C29227 1980 4 22 -15.9167 179.05 1980 4 28 -16.1 179.35 51 52
6842 2C29242 1980 4 22 -15.9167 179.05 1980 4 28 -16.1 179.35 50 47
6842 2C29324 1980 4 22 -15.9167 179.05 1980 4 26 -16.15 178.9833 43 45
6842 2C29410 1980 4 22 -15.9167 179.05 1980 4 22 -16 177 50 0
6842 2C29411 1980 4 22 -15.9167 179.05 1980 4 22 -16 177 50 0
6843 2C29427 1980 4 22 -15.9167 179.05 1980 4 27 -16.0833 179.0833 53 47
6843 2C29430 1980 4 22 -15.9167 179.05 1980 4 28 -16.2667 179.2667 51 49
6843 2C29446 1980 4 22 -15.9167 179.05 1980 4 28 -16.1 179.35 51 60
6843 2C29447 1980 4 22 -15.9167 179.05 1980 4 28 -16.1 179.35 51 60
6844 2C29466 1980 4 23 -15.75 179.0167 1980 4 24 -16.0833 178.9667 50 51
6844 2C29475 1980 4 23 -15.75 179.0167 1980 4 24 -16.0833 178.9667 51 51
6844 2C29476 1980 4 23 -15.75 179.0167 1980 4 27 -16.15 178.9333 49 49
6844 2C29477 1980 4 23 -15.75 179.0167 1980 4 27 -16.15 178.9333 49 49
6844 2C29485 1980 4 23 -15.75 179.0167 1980 4 24 -16.0833 178.9667 51 51
6844 2C29486 1980 4 23 -15.75 179.0167 1980 4 24 -16.0833 178.9667 51 51
6844 2C29488 1980 4 23 -15.75 179.0167 1980 4 24 -16.0833 178.9667 50 50
6844 2C29489 1980 4 23 -15.75 179.0167 1980 4 24 -16.0833 178.9667 50 50
6844 2C29490 1980 4 23 -15.75 179.0167 1980 4 23 -16 177 53 0
6846 2C29500 1980 4 23 -16.0167 179.0333 1980 4 26 -16.15 178.9833 46 46
6843 2C29536 1980 4 22 -15.9167 179.05 1980 4 24 -16.0833 178.9667 45 46
6844 2C29551 1980 4 23 -15.75 179.0167 1980 4 24 -16.0833 178.9667 52 52
6844 2C29569 1980 4 23 -15.75 179.0167 1980 4 24 -16.0833 178.9667 51 49
6844 2C29590 1980 4 23 -15.75 179.0167 1980 4 24 -16.0833 178.9667 54 54
6846 2C29691 1980 4 23 -16.0167 179.0333 1980 4 26 -16.15 178.9833 50 50
6846 2C29692 1980 4 23 -16.0167 179.0333 1980 4 26 -16.15 178.9833 50 50
6846 2C29696 1980 4 23 -16.0167 179.0333 1980 4 24 -16.0833 178.9667 52 51
6844 2C29709 1980 4 23 -15.75 179.0167 1980 4 24 -16.0833 178.9667 49 50
6846 2C29733 1980 4 23 -16.0167 179.0333 1980 4 24 -16.0833 178.9667 50 0
6846 2C29775 1980 4 23 -16.0167 179.0333 1980 4 27 -16.15 178.9333 48 48
6846 2C29785 1980 4 23 -16.0167 179.0333 1980 4 24 -16.0833 178.9667 52 53
6846 2C29786 1980 4 23 -16.0167 179.0333 1980 4 24 -16.0833 178.9667 52 53
6846 2C29810 1980 4 23 -16.0167 179.0333 1980 4 24 -16.1833 179.0333 54 51
6846 2C29811 1980 4 23 -16.0167 179.0333 1980 4 24 -16.1833 179.0333 54 51
6846 2C29812 1980 4 23 -16.0167 179.0333 1980 4 24 -16.1833 179.0333 52 51
6846 2C29851 1980 4 23 -16.0167 179.0333 1980 4 25 -16.2833 179.9333 48 50
6846 2C29873 1980 4 23 -16.0167 179.0333 1980 4 23 -16.0167 179.0333 49 49
6846 2C29874 1980 4 23 -16.0167 179.0333 1980 4 23 -16.0167 179.0333 49 49
6846 2C29885 1980 4 23 -16.0167 179.0333 1980 4 24 -16.0833 178.9667 49 50
6846 2C29886 1980 4 23 -16.0167 179.0333 1980 4 24 -16.0833 178.9667 49 50
6846 2C29887 1980 4 23 -16.0167 179.0333 1980 4 24 -16.0833 178.9667 51 50
6842 2C29903 1980 4 22 -15.9167 179.05 1980 4 24 -16.1833 179.0333 51 51
6842 2C29907 1980 4 22 -15.9167 179.05 1980 4 26 -16.15 178.9833 52 50
6842 2C29908 1980 4 22 -15.9167 179.05 1980 4 26 -16.15 178.9833 52 50
6842 2C29909 1980 4 22 -15.9167 179.05 1980 4 27 -16 179.1833 49 54
6842 2C29910 1980 4 22 -15.9167 179.05 1980 4 27 -16.0833 179.0833 50 55
6842 2C29911 1980 4 22 -15.9167 179.05 1980 4 27 -16.0833 179.0833 50 51
6842 2C29925 1980 4 22 -15.9167 179.05 1980 4 28 -15.9667 179.3333 47 49
6842 2C29926 1980 4 22 -15.9167 179.05 1980 4 28 -15.9667 179.3333 47 49
6842 2C29928 1980 4 22 -15.9167 179.05 1980 4 28 -16.2667 179.2667 50 54
6842 2C29929 1980 4 22 -15.9167 179.05 1980 4 28 -16.2667 179.2667 50 54
6842 2C29999 1980 4 22 -15.9167 179.05 1980 4 24 -16.0833 178.9667 52 52
6851 SK43494 1980 4 24 -16.0833 178.9667 1980 4 26 -16.15 178.9833 52 49
6851 SK43495 1980 4 24 -16.0833 178.9667 1980 4 26 -16.15 178.9833 52 49
6846 SK43533 1980 4 23 -16.0167 179.0333 1980 4 24 -16.0833 178.9667 49 49
6853 SK43587 1980 4 25 -16.2 179.05 1980 4 25 -16.2 179.05 56 56
6846 SK47094 1980 4 23 -16.0167 179.0333 1980 4 24 -16.0833 178.9667 51 50
6846 SK47095 1980 4 23 -16.0167 179.0333 1980 4 24 -16.0833 178.9667 51 50
6846 SK47111 1980 4 23 -16.0167 179.0333 1980 4 24 -16.0833 178.9667 47 48
6846 SK47115 1980 4 23 -16.0167 179.0333 1980 4 24 -16.0833 178.9667 51 50
6846 SK47116 1980 4 23 -16.0167 179.0333 1980 4 27 -16.15 178.9333 44 45
6846 SK47122 1980 4 23 -16.0167 179.0333 1980 4 25 -16.1833 179.9667 52 52
6846 SK47127 1980 4 23 -16.0167 179.0333 1980 4 23 -16.0167 179.0333 50 50
6846 SK47132 1980 4 23 -16.0167 179.0333 1980 4 24 -16.0833 178.9667 50 49
6848 SK47148 1980 4 23 -16.1667 178.9667 1980 4 24 -16.0833 178.9667 53 53
6851 SK47194 1980 4 24 -16.0833 178.9667 1980 4 25 -16.1833 179.9667 53 52
6846 SK47207 1980 4 23 -16.0167 179.0333 1980 4 24 -16.0833 178.9667 44 44
6846 SK47208 1980 4 23 -16.0167 179.0333 1980 4 24 -16.0833 178.9667 44 44
6846 SK47213 1980 4 23 -16.0167 179.0333 1980 4 26 -16.15 178.9833 48 48
6846 SK47214 1980 4 23 -16.0167 179.0333 1980 4 26 -16.15 178.9833 48 48
6846 SK47224 1980 4 23 -16.0167 179.0333 1980 4 25 -16.1833 179.9667 50 50
6846 SK47230 1980 4 23 -16.0167 179.0333 1980 4 25 -16.1833 179.9667 54 54
6846 SK47249 1980 4 23 -16.0167 179.0333 1980 4 27 -16.15 178.9333 48 48
6846 SK47250 1980 4 23 -16.0167 179.0333 1980 4 27 -16.15 178.9333 48 48
6846 SK47287 1980 4 23 -16.0167 179.0333 1980 4 24 -16.0833 178.9667 50 51
6846 SK47290 1980 4 23 -16.0167 179.0333 1980 4 30 -16 179.2333 51 51
6846 SK47296 1980 4 23 -16.0167 179.0333 1980 4 28 -15.9667 179.3333 50 50
6846 SK47297 1980 4 23 -16.0167 179.0333 1980 4 23 -16 177 51 0
6846 SK47298 1980 4 23 -16.0167 179.0333 1980 4 23 -16 177 51 0
6846 SK47304 1980 4 23 -16.0167 179.0333 1980 4 27 -16.15 178.9333 46 46
6846 SK47305 1980 4 23 -16.0167 179.0333 1980 4 27 -16.15 178.9333 46 46
6846 SK47306 1980 4 23 -16.0167 179.0333 1980 4 27 -16.15 178.9333 49 49
6846 SK47321 1980 4 23 -16.0167 179.0333 1980 4 24 -16.0833 178.9667 50 49
6846 SK47342 1980 4 23 -16.0167 179.0333 1980 4 24 -16.0833 178.9667 50 50
6846 SK47351 1980 4 23 -16.0167 179.0333 1980 4 24 -16.0833 178.9667 50 52
6846 SK47367 1980 4 23 -16.0167 179.0333 1980 4 24 -16.0833 178.9667 53 51
6846 SK47368 1980 4 23 -16.0167 179.0333 1980 4 24 -16.0833 178.9667 53 51
6848 SK47399 1980 4 23 -16.1667 178.9667 1980 4 27 -16.0833 179.0833 50 0
6846 SK47428 1980 4 23 -16.0167 179.0333 1980 4 25 -16.1833 179.9667 53 52
6846 SK47429 1980 4 23 -16.0167 179.0333 1980 4 25 -16.1833 179.9667 53 52
6846 SK47442 1980 4 23 -16.0167 179.0333 1980 4 24 -16.0833 178.9667 49 49
6848 SK47506 1980 4 23 -16.1667 178.9667 1980 4 24 -16.0833 178.9667 51 53
6846 SK47636 1980 4 23 -16.0167 179.0333 1980 4 24 -16.0833 178.9667 50 50
6846 SK47637 1980 4 23 -16.0167 179.0333 1980 4 24 -16.0833 178.9667 48 0
6846 SK47638 1980 4 23 -16.0167 179.0333 1980 4 24 -16.0833 178.9667 48 0
6846 SK47664 1980 4 23 -16.0167 179.0333 1980 4 28 -15.9667 179.3333 51 52
6846 SK47665 1980 4 23 -16.0167 179.0333 1980 4 28 -15.9667 179.3333 51 52
6846 SK47693 1980 4 23 -16.0167 179.0333 1980 4 24 -16.0833 178.9667 53 0
6851 SK51009 1980 4 24 -16.0833 178.9667 1980 4 24 -18 179 53 0
6853 SK51152 1980 4 25 -16.2 179.05 1980 4 26 -16.15 178.9833 57 51
6853 SK51153 1980 4 25 -16.2 179.05 1980 4 26 -16.15 178.9833 57 51
6851 SK51271 1980 4 24 -16.0833 178.9667 1980 4 25 -16.1833 179.9667 51 51
6856 SK51397 1980 4 27 -16.1167 179.15 1980 4 28 -15.9667 179.3333 53 52
6856 SK51398 1980 4 27 -16.1167 179.15 1980 4 28 -15.9667 179.3333 53 52
6851 SK51521 1980 4 24 -16.0833 178.9667 1980 4 24 -16 177 49 0
6851 SK51615 1980 4 24 -16.0833 178.9667 1980 4 25 -16.1833 179.9667 50 49
6853 SK51797 1980 4 25 -16.2 179.05 1980 4 25 -16.2 179.05 58 57
6853 SK51798 1980 4 25 -16.2 179.05 1980 4 25 -16.2 179.05 58 57
6856 SK52001 1980 4 27 -16.1167 179.15 1980 4 28 -15.9667 179.3333 51 51
6856 SK52002 1980 4 27 -16.1167 179.15 1980 4 28 -15.9667 179.3333 51 51
6856 SK52016 1980 4 27 -16.1167 179.15 1980 4 28 -16.1 179.35 48 48
6856 SK52017 1980 4 27 -16.1167 179.15 1980 4 28 -16.1 179.35 48 48
6856 SK52046 1980 4 27 -16.1167 179.15 1980 4 30 -16 179.2333 50 52
6856 SK52047 1980 4 27 -16.1167 179.15 1980 4 30 -16 179.2333 50 52
6856 SK52054 1980 4 27 -16.1167 179.15 1980 4 28 -16.1 179.35 52 53
6856 SK52713 1980 4 27 -16.1167 179.15 1980 4 28 -16.2667 179.2667 45 46
6856 SK52720 1980 4 27 -16.1167 179.15 1980 4 28 -15.9667 179.3333 49 52
6851 SK53110 1980 4 24 -16.0833 178.9667 1980 4 25 -16.1833 179.9667 50 50
6851 SK53111 1980 4 24 -16.0833 178.9667 1980 4 25 -16.1833 179.9667 50 50
6853 SK53266 1980 4 25 -16.2 179.05 1980 4 26 -16.15 178.9833 55 55
6851 SK53328 1980 4 24 -16.0833 178.9667 1980 4 25 -16.1833 179.9667 52 52
6851 SK53329 1980 4 24 -16.0833 178.9667 1980 4 25 -16.1833 179.9667 52 52
6852 SK53467 1980 4 24 -16.1333 178.9667 1980 4 25 -16.1833 179.9667 51 52
6852 SK53468 1980 4 24 -16.1333 178.9667 1980 4 25 -16.1833 179.9667 51 52
6853 SK53582 1980 4 25 -16.2 179.05 1980 4 26 -16.15 178.9833 53 55
6853 SK53583 1980 4 25 -16.2 179.05 1980 4 26 -16.15 178.9833 53 55
6853 SK53584 1980 4 25 -16.2 179.05 1980 4 26 -16.15 178.9833 56 58
6853 SK53591 1980 4 25 -16.2 179.05 1980 4 26 -16.25 179.0833 53 0
6853 SK53592 1980 4 25 -16.2 179.05 1980 4 26 -16.25 179.0833 53 0
6853 SK53603 1980 4 25 -16.2 179.05 1980 4 25 -16.2 179.05 55 56
6853 SK53610 1980 4 25 -16.2 179.05 1980 4 26 -16.15 178.9833 52 52
6853 SK53611 1980 4 25 -16.2 179.05 1980 4 26 -16.15 178.9833 52 52
6853 SK53624 1980 4 25 -16.2 179.05 1980 4 25 -16 177 53 0
6853 SK53646 1980 4 25 -16.2 179.05 1980 4 30 -16 179.2333 57 57
6853 SK53647 1980 4 25 -16.2 179.05 1980 4 30 -16 179.2333 57 57
6853 SK53675 1980 4 25 -16.2 179.05 1980 4 26 -16.15 178.9833 54 56
6853 SK53742 1980 4 25 -16.2 179.05 1980 4 26 -16.15 178.9833 55 55
6853 SK53779 1980 4 25 -16.2 179.05 1980 4 26 -16.15 178.9833 52 52
6853 SK53780 1980 4 25 -16.2 179.05 1980 4 26 -16.15 178.9833 52 52
6856 SK53875 1980 4 27 -16.1167 179.15 1980 4 30 -16 179.2333 54 55
170199 4693 1980 4 12 6.08 275.3 1980 4 27 7.5 274.97 50.5 NA
172799 4726 1980 4 19 5.72 274.8 1980 4 20 5.65 274.72 50.4 NA
172921 4727 1980 4 19 5.72 274.8 1980 4 20 5.65 274.72 50.4 NA
172964 4728 1980 4 19 5.72 274.8 1980 4 20 5.65 274.72 50.4 NA
172974 4730 1980 4 19 5.72 274.8 1980 4 20 5.65 274.72 48.4 50
172983 4731 1980 4 19 5.72 274.8 1980 4 20 5.65 274.72 47.4 NA
173042 4732 1980 4 19 5.72 274.8 1980 4 20 5.65 274.72 48.5 NA
173087 4733 1980 4 19 5.72 274.8 1980 4 20 5.65 274.72 51.5 52
173259 4735 1980 4 19 5.72 274.8 1980 4 20 5.65 274.72 48.5 NA
173310 4736 1980 4 19 5.72 274.8 1980 4 20 5.65 274.72 50.4 NA
173479 4737 1980 4 19 5.72 274.8 1980 4 20 5.65 274.72 49.5 NA
173700 4756 1980 4 20 5.65 274.72 1980 4 20 5.65 274.72 50.3 NA
