763
id tag_no yr mo day lat lon yr_rec mo_rec day_rec lat_rec lon_rec len_rel len_rec
5572 P05073 2006 9 10 -2.331 148.7741 2009 7 5 -2.5167 143.8333 38 NA
70480 A05674 2007 11 11 -8.7159 158.5427 2009 7 22 2.6667 159.5333 48 60
78418 P51542 2008 2 24 -7.5824 159.1136 2009 7 25 -2.3213 141.8947 58 53
84387 P54153 2008 3 3 -9.1697 157.6141 2009 7 20 -2.4993 143.7247 40 50
86187 P56183 2008 3 5 -9.5151 161.1342 2009 7 7 -1.2183 177.9386 49 69
94036 Z42207 2008 3 28 -7.8869 160.958 2009 7 7 2.6708 169.4945 33 53
113716 P70124 2008 7 21 2.5138 156.1913 2009 7 7 -0.65 278.8333 53 NA
116231 P73022 2008 8 4 6.922 144.3097 2009 7 21 -0.487 177.7791 54 67
116742 P73426 2008 8 5 7.25 144.05 2009 7 12 1 139 57 55
120237 Z50909 2008 8 21 7.6205 134.2742 2009 7 9 2.4613 161.7983 31 58
121286 P74326 2008 8 23 4.8833 132.057 2009 7 12 1 139 43 55
123284 Z52334 2008 8 27 4.8385 132.0737 2009 7 11 1.6154 162.8884 33 56
125190 Z52902 2008 8 30 7.3038 133.4779 2009 7 16 -0.1442 161.666 35 55.5
126173 Z53554 2008 8 31 6.7067 130.5511 2009 7 10 1 139 32 NA
126452 P76812 2008 9 9 9.8242 121.5513 2009 7 24 11.2833 122.0333 48 NA
129246 P77892 2008 10 2 -0.3929 129.4714 2009 7 14 1 128 42 NA
129957 P79068 2008 10 3 -0.4792 129.5593 2009 7 28 3.1333 162.95 40 57
130940 P78428 2008 10 4 0.1935 131.0059 2009 7 6 1.2167 155.7167 38 55.6
131184 Z60230 2008 10 4 0.1935 131.0059 2009 7 7 1.059 162.9773 35 58
131452 P80829 2008 10 5 0.1924 131.0064 2009 7 8 -1.6038 161.3038 37 57
131578 Z60044 2008 10 5 0.1924 131.0064 2009 7 17 -0.577 161.7552 35 53
132922 Z60532 2008 10 5 0.2554 130.8246 2009 7 7 -2.8578 164.0345 35 58
132991 P78310 2008 10 5 0.286 130.764 2009 7 30 3.3733 164.6615 41 61
133588 P79840 2008 10 6 0.9488 130.6071 2009 7 23 0.654 162.97 41 55
133693 P91908 2008 10 6 1.0501 130.6411 2009 7 6 -0.2866 153.5478 39 56
134095 P91648 2008 10 6 1.0573 130.6662 2009 7 25 1.3686 163.5213 39 63
135236 P83488 2008 10 10 -2.3204 125.2768 2009 7 8 1.5672 156.2916 47 59.8
135292 P81325 2008 10 10 -2.3204 125.2768 2009 7 3 1.1833 131.9167 38 43
136688 Z55193 2008 10 12 -2.7122 125.6081 2009 7 15 -2 127 37 NA
136938 P82047 2008 10 12 -2.7122 125.6081 2009 7 3 -2.3333 124.5 38 65
136983 P82073 2008 10 12 -2.7122 125.6081 2009 7 15 -2 127 38 NA
136985 P82075 2008 10 12 -2.7122 125.6081 2009 7 7 1 125.2833 38 56
137617 P92252 2008 10 12 -2.7122 125.6081 2009 7 15 -2 127 38 NA
137899 Z59457 2008 10 12 -2.7122 125.6081 2009 7 3 -2.3333 124.5 36 40
137673 P82699 2008 10 12 -2.7431 125.6322 2009 7 3 -2.3333 124.5 38 50
139405 P94356 2008 10 13 -2.8088 126.1777 2009 7 3 -2.3333 124.5 38 40
139938 P94891 2008 10 14 -4.1522 128.0588 2009 7 15 -2 127 41 NA
139949 P93002 2008 10 14 -4.1522 128.0588 2009 7 3 -2.3333 124.5 38 50
140109 P93896 2008 10 14 -4.1522 128.0588 2009 7 15 -2 127 38 NA
140371 Z55058 2008 10 14 -4.1522 128.0588 2009 7 15 -2 127 36 NA
140536 Z55084 2008 10 17 -4.2159 128.4837 2009 7 25 0.5521 129.4219 36 43
140545 Z55316 2008 10 17 -4.2159 128.4837 2009 7 17 1 126.0833 36 48
140955 P93102 2008 10 17 -4.2159 128.4837 2009 7 3 -2.3333 124.5 37 55
141179 P100726 2008 10 17 -4.2159 128.4837 2009 7 28 0.267 130.233 37 55
141247 P100794 2008 10 17 -4.2159 128.4837 2009 7 25 0.5847 124.229 37 51
141339 P100539 2008 10 17 -4.2159 128.4837 2009 7 3 -2.3333 124.5 37 65
141706 Z56532 2008 10 17 -4.2159 128.4837 2009 7 3 -2.3333 124.5 37 50
142695 P95272 2008 10 18 -4.2388 129.2307 2009 7 15 -2 127 37 NA
142569 P100974 2008 10 18 -4.2595 129.4592 2009 7 15 -4 126 42 57
143327 P102317 2008 10 19 -3.6107 132.1181 2009 7 6 -4 126 37 44
145480 P95889 2008 10 20 -3.5979 132.3994 2009 7 3 1.1833 131.9167 38 40
145778 P97155 2008 10 20 -3.5979 132.3994 2009 7 3 -2.3333 124.5 38 39
146411 P97421 2008 10 20 -2.8854 131.1309 2009 7 28 0.267 130.233 38 60
146639 P97593 2008 10 20 -2.8854 131.1309 2009 7 28 0.267 130.233 39 61
146675 P97876 2008 10 21 -2.5095 130.1425 2009 7 3 -2.4667 131.4667 48 67
146895 P91270 2008 10 21 -2.4551 129.6458 2009 7 15 -2 127 44 NA
146922 P91279 2008 10 21 -2.4551 129.6458 2009 7 16 1 128 47 NA
147390 P98081 2008 10 22 -2.3805 129.146 2009 7 4 1.5 137 41 45
147582 P91192 2008 10 22 -2.3805 129.146 2009 7 15 -2 127 38 NA
148113 Z58618 2008 10 22 -1.9099 129.1432 2009 7 28 0.9833 130.3833 34 45
148135 Z58640 2008 10 22 -1.9099 129.1432 2009 7 17 0 129 34 NA
148444 Z58561 2008 10 22 -1.9099 129.1432 2009 7 28 0.2667 130.2333 34 40
148447 Z58564 2008 10 22 -1.9099 129.1432 2009 7 2 0.9577 127.9177 34 55
149505 P84990 2008 10 22 -1.5244 129.1438 2009 7 28 0.2667 130.2333 37 50
150189 P102628 2008 10 24 -0.5079 131.4001 2009 7 4 1.5 137 41 44
150570 P85082 2008 10 24 -0.5079 131.4001 2009 7 23 1.804 165.8247 42 60
151001 P85431 2008 10 24 -0.5079 131.4001 2009 7 16 -0.1462 161.6666 40 53.5
151093 P85497 2008 10 24 -0.5079 131.4001 2009 7 15 -2 127 41 NA
151114 P85912 2008 10 24 -0.5079 131.4001 2009 7 19 0.5291 161.4568 47 65
151500 P85875 2008 10 26 -0.4176 131.6365 2009 7 27 2.8547 161.9227 42 56
151511 P85886 2008 10 26 -0.4176 131.6365 2009 7 10 1 139 40 NA
151610 P85948 2008 10 26 -0.0347 132.1686 2009 7 12 1 139 41 55
151745 P99101 2008 10 26 -0.0347 132.1686 2009 7 6 -3.976 148.048 47 NA
151898 Z66192 2008 10 26 -0.0347 132.1686 2009 7 27 2.8547 161.9227 40 82
152935 P99477 2008 10 29 -0.2883 138.2173 2009 7 16 -0.1434 161.6661 43 61
153035 P88104 2008 10 29 -0.2883 138.2173 2009 7 16 -0.1438 161.6661 46 60
153255 P86530 2008 10 29 -0.2883 138.2173 2009 7 28 3.1333 162.95 43 58
155254 P90951 2008 11 8 -0.2415 147.7772 2009 7 28 3.1333 162.95 42 57.8
155288 P98416 2008 11 8 -0.2415 147.7772 2009 7 23 -6.393 160.6961 44 61
157696 P98599 2008 11 11 -0.3396 148.0723 2009 7 7 1.4173 162.7255 38 42.5
157968 P101007 2008 11 12 -0.0134 149.2527 2009 7 14 0.1295 186.8435 40 60
158178 P101096 2008 11 12 -0.0134 149.2527 2009 7 24 1.5121 161.0133 54 60.6
158347 P100416 2008 11 12 -0.0134 149.2527 2009 7 19 0.1508 161.6534 42 49
159593 P101605 2008 11 17 -3.087 153.666 2009 7 22 1.5731 167.3612 48 59
162352 P103309 2008 11 20 -4.22 155.2265 2009 7 15 -0.783 153.98 43 60
164055 P103262 2008 11 21 -5.74 155.6767 2009 7 23 -6.382 160.7186 60 69
164205 P103135 2008 11 21 -5.74 155.6767 2009 7 30 3.3355 163.7208 53 68
168703 P103193 2009 3 16 -10.4689 156.0293 2009 7 2 -9.0013 158.5673 46 49
169188 P104251 2009 3 17 -10.7611 153.9889 2009 7 15 -1.782 143.4953 46 NA
169219 P104442 2009 3 17 -10.7611 153.9889 2009 7 6 -2.8021 143.8288 52 64
169242 P104456 2009 3 17 -10.7611 153.9889 2009 7 17 1.1107 164.1127 43 54
169417 P104013 2009 3 17 -10.7611 153.9889 2009 7 4 0.5627 169.5572 49 59
169781 Z62899 2009 3 17 -11.1729 153.4797 2009 7 6 -3.976 148.048 34 NA
169931 P104778 2009 3 18 -10.8417 153.8687 2009 7 18 -1.5833 230.8 54 NA
169958 P104800 2009 3 18 -10.8417 153.8687 2009 7 27 2.8547 161.9227 54 53
169981 P104153 2009 3 18 -10.8417 153.8687 2009 7 11 -0.45 172.4167 57 63
170135 P104523 2009 3 18 -10.8417 153.8687 2009 7 11 2.6653 161.7213 53 NA
170181 P104558 2009 3 18 -10.8417 153.8687 2009 7 19 1.5932 163.6436 53 62
170350 P104943 2009 3 18 -10.8417 153.8687 2009 7 22 1.6754 160.6164 59 56
170369 P104962 2009 3 18 -10.8417 153.8687 2009 7 6 1.2421 155.8727 50 56.5
170473 P104820 2009 3 18 -10.8417 153.8687 2009 7 9 6.9787 158.202 54 65
170850 Z63255 2009 3 18 -10.8589 153.3492 2009 7 28 -8.3613 159.034 35 47
172323 P105255 2009 3 19 -10.3144 153.9994 2009 7 18 3.1404 160.9481 57 65
172332 P105319 2009 3 19 -10.3144 153.9994 2009 7 7 -9.2586 159.2106 43 48
172367 P105271 2009 3 19 -10.3144 153.9994 2009 7 31 0.783 161.731 53 48
172379 P105282 2009 3 19 -10.3144 153.9994 2009 7 21 -0.474 177.852 55 61
172397 P105408 2009 3 19 -10.3144 153.9994 2009 7 29 -9.0642 160.3778 54 60.5
174464 Z71099 2009 3 20 -10.5194 153.5019 2009 7 6 -3.534 172.032 35 68
173557 P106182 2009 3 20 -10.8701 153.5112 2009 7 23 6.9873 158.1652 54 62
176043 P106733 2009 3 21 -10.8188 154.3479 2009 7 8 -1.6212 161.3009 46 53
176383 P105501 2009 3 21 -10.8188 154.3479 2009 7 25 1.1713 163.194 49 50
176460 P105536 2009 3 21 -10.8188 154.3479 2009 7 17 3.2801 161.1726 47 53
176525 P105564 2009 3 21 -10.8188 154.3479 2009 7 30 -1.9 141.8833 47 52
176611 P106403 2009 3 21 -10.8188 154.3479 2009 7 21 -2.5693 143.808 41 48
176621 P106412 2009 3 21 -10.8188 154.3479 2009 7 11 -0.45 172.4167 50 53.6
176695 P106457 2009 3 21 -10.8188 154.3479 2009 7 16 1.7505 160.8936 47 55
177179 P107390 2009 3 21 -10.9323 155.1699 2009 7 24 1.5122 161.0134 50 56
177562 P106900 2009 3 21 -10.9323 155.1699 2009 7 2 -8.7787 158.8053 38 45
177793 Z72866 2009 3 26 -1.9834 156.0343 2009 7 22 1.8695 162.5073 34 NA
177896 Z72010 2009 3 26 -1.9834 156.0343 2009 7 4 0.5617 169.5574 35 46
177935 Z72049 2009 3 26 -1.9834 156.0343 2009 7 10 1.0729 156.2524 37 30
178636 Z72494 2009 3 26 -1.4736 156.0148 2009 7 25 1.9522 161.1665 34 50
178474 P107222 2009 3 26 -1.4459 156.037 2009 7 4 1.6989 160.2757 44 52
178539 P108055 2009 3 26 -1.4459 156.037 2009 7 15 -2.138 177.9047 42 52
178913 P108627 2009 3 27 -0.0179 155.9623 2009 7 9 0.2926 165.6969 42 53
178918 P108632 2009 3 27 -0.0179 155.9623 2009 7 9 2.4615 161.798 41 49
178945 P108659 2009 3 27 -0.0179 155.9623 2009 7 26 -3.4564 177.8667 41 NA
179027 P108241 2009 3 27 -0.0179 155.9623 2009 7 6 1.0601 158.5234 39 51
180399 P109675 2009 3 28 3.0671 156.0481 2009 7 17 1.1106 164.1127 46 55
180144 P109870 2009 3 28 3.1313 156.0526 2009 7 19 1.6033 163.6314 42 49
180794 P110739 2009 3 29 4.9756 156.0328 2009 7 6 -0.2722 153.5515 45 53
180881 P110081 2009 3 29 4.9756 156.0328 2009 7 11 -4.549 194.0739 45 58
180948 P110111 2009 3 29 4.9756 156.0328 2009 7 1 7.1867 156.3753 44 53
180951 P110990 2009 3 29 4.9756 156.0328 2009 7 18 -0.4246 161.3818 39 48.5
181042 P110180 2009 3 29 4.9756 156.0328 2009 7 18 3.1229 160.9563 43 60
181050 P110188 2009 3 29 4.9756 156.0328 2009 7 23 6.988 158.1653 44 52
181124 P110462 2009 3 29 4.9756 156.0328 2009 7 18 3.1297 160.936 40 53
181199 P109774 2009 3 29 4.9756 156.0328 2009 7 20 2.8728 161.0432 40 52
181244 P110519 2009 3 29 4.9756 156.0328 2009 7 30 3.3494 163.7099 38 48
181268 P110540 2009 3 29 4.9756 156.0328 2009 7 27 0.894 164.0902 40 40
181732 P110855 2009 3 29 4.9756 156.0328 2009 7 16 -0.1448 161.6667 42 52
181763 P110886 2009 3 29 4.9756 156.0328 2009 7 11 2.6653 161.7213 46 NA
181806 P110909 2009 3 29 4.9756 156.0328 2009 7 16 1.7494 160.8938 41 53
181885 P109283 2009 3 29 4.9756 156.0328 2009 7 15 -0.437 161.373 43 51.2
181958 P110342 2009 3 29 4.9756 156.0328 2009 7 11 -0.45 172.4167 40 48
182095 P111704 2009 3 31 6.6368 157.6502 2009 7 1 7.1867 156.3753 47 54.5
182136 P111745 2009 3 31 6.6368 157.6502 2009 7 8 -1.6088 161.3008 49 57
182327 P111480 2009 3 31 6.6368 157.6502 2009 7 19 2.5721 161.374 48 66
182502 P111614 2009 3 31 6.6368 157.6502 2009 7 30 3.3609 163.7099 50 58.5
182512 P111096 2009 3 31 6.6368 157.6502 2009 7 15 -1.85 151.8333 50 76
182605 P111675 2009 3 31 6.6368 157.6502 2009 7 6 -0.287 153.5478 53 58
182844 P112131 2009 3 31 6.2185 157.3699 2009 7 25 1.4549 162.412 64 71
182933 P112164 2009 4 1 8.6006 157.9451 2009 7 20 2.6322 161.2455 54 60
182956 P112187 2009 4 1 8.6006 157.9451 2009 7 18 2.512 160.8373 50 54.6
182967 P112198 2009 4 1 8.6006 157.9451 2009 7 27 2.8547 161.9227 49 52
183137 P112319 2009 4 1 8.6006 157.9451 2009 7 1 7.1867 156.3753 48 54
183246 P112845 2009 4 1 8.6006 157.9451 2009 7 6 -0.2856 153.5475 48 56
183257 P112849 2009 4 1 8.6006 157.9451 2009 7 1 7.1869 156.3753 50 57
183300 P112521 2009 4 1 8.6006 157.9451 2009 7 1 7.1868 156.3753 48 55.7
183370 P112066 2009 4 1 8.6006 157.9451 2009 7 8 -1.611 161.2966 52 58
183419 P112093 2009 4 1 8.6006 157.9451 2009 7 9 2.4615 161.798 51 55
183431 P112403 2009 4 1 8.6006 157.9451 2009 7 15 3.0654 159.7647 51 58
183491 P112435 2009 4 1 8.6006 157.9451 2009 7 11 1.6107 162.8857 49 53
183510 P112740 2009 4 1 8.6006 157.9451 2009 7 6 -0.2863 153.5477 49 55
183628 P113956 2009 4 2 6.7504 157.7837 2009 7 11 -0.45 172.4167 45 55
183675 P112400 2009 4 2 6.7504 157.7837 2009 7 16 -0.1452 161.6666 45 53.5
183772 P113597 2009 4 2 6.7504 157.7837 2009 7 1 7.1867 156.3752 45 53.8
183774 P113599 2009 4 2 6.7504 157.7837 2009 7 28 3.1487 162.962 46 51
183811 P113836 2009 4 2 6.7504 157.7837 2009 7 1 7.1868 156.3752 46 53
183830 P113855 2009 4 2 6.7504 157.7837 2009 7 18 2.1403 161.4672 45 54
183862 P113887 2009 4 2 6.7504 157.7837 2009 7 1 7.1867 156.3751 49 53.5
183882 P114007 2009 4 2 6.7504 157.7837 2009 7 9 2.4615 161.7981 46 55.5
183891 P114016 2009 4 2 6.7504 157.7837 2009 7 9 2.4608 161.7978 51 52
183914 P114039 2009 4 2 6.7504 157.7837 2009 7 30 3.349 163.7187 44 52
184127 P112851 2009 4 2 6.7504 157.7837 2009 7 1 7.1867 156.3753 45 53
184163 P112887 2009 4 2 6.7504 157.7837 2009 7 16 -0.143 161.6659 39 42
184225 P112561 2009 4 2 6.7504 157.7837 2009 7 1 7.1868 156.3753 48 50
184247 P112583 2009 4 2 6.7504 157.7837 2009 7 16 1.7684 160.8324 48 46
184260 P112596 2009 4 2 6.7504 157.7837 2009 7 1 7.1866 156.3753 47 51
184303 P112939 2009 4 2 6.7504 157.7837 2009 7 28 3.1487 162.962 48 54.6
184541 P114177 2009 4 5 6.5777 158.8924 2009 7 30 2.734 165.086 48 61
184615 P114457 2009 4 5 6.5777 158.8924 2009 7 22 6.9757 158.0874 45 52
184637 P114479 2009 4 5 6.5777 158.8924 2009 7 1 7.1867 156.3753 43 49.4
184651 P113664 2009 4 5 6.5777 158.8924 2009 7 8 -1.6181 161.3 55 51.5
184661 P113674 2009 4 5 6.5777 158.8924 2009 7 16 -0.1434 161.6653 47 52
184665 P113678 2009 4 5 6.5777 158.8924 2009 7 1 7.1867 156.3753 44 51
184694 P115705 2009 4 7 5.0387 165.0056 2009 7 30 3.3421 163.708 42 51
184800 P114782 2009 4 7 5.0387 165.0056 2009 7 24 2.19 163.5447 43 54
184916 P114298 2009 4 7 5.0387 165.0056 2009 7 7 0.0441 163.9027 40 57
185022 P115542 2009 4 7 5.0387 165.0056 2009 7 26 -3.4568 177.8666 41 NA
185056 P115184 2009 4 7 5.0387 165.0056 2009 7 2 1.444 176.908 42 48
185114 P115422 2009 4 7 5.0387 165.0056 2009 7 11 -0.45 172.4167 39 45.8
185154 P115006 2009 4 7 5.0387 165.0056 2009 7 18 3.142 160.9807 45 47
185165 P115012 2009 4 7 5.0387 165.0056 2009 7 14 -0.3472 170.8487 41 51
185201 P115039 2009 4 7 5.0387 165.0056 2009 7 19 2.5725 161.3721 42 50
185372 P114495 2009 4 7 5.0387 165.0056 2009 7 29 -1.3377 170.3132 48 41
185376 P115669 2009 4 7 5.0387 165.0056 2009 7 18 3.1173 160.9453 43 52
185383 P115672 2009 4 7 5.0387 165.0056 2009 7 24 1.2181 164.7213 44 57
185669 P114597 2009 4 7 5.0387 165.0056 2009 7 26 -3.4562 177.8666 41 NA
185691 P114806 2009 4 7 5.0387 165.0056 2009 7 10 1.1569 157.9232 40 48
185723 P114827 2009 4 7 5.0387 165.0056 2009 7 18 3.142 160.9807 41 43
185729 P114833 2009 4 7 5.0387 165.0056 2009 7 23 6.988 158.1653 45 54
185783 P114883 2009 4 7 5.0387 165.0056 2009 7 19 2.5208 160.5761 42 52
185800 P114310 2009 4 7 5.0387 165.0056 2009 7 11 -4.548 194.0809 44 51
185917 P115209 2009 4 7 5.0387 165.0056 2009 7 26 -3.4567 177.8666 45 NA
185924 P115216 2009 4 7 5.0387 165.0056 2009 7 11 -0.45 172.4167 41 48
185967 P115259 2009 4 7 5.0387 165.0056 2009 7 16 -0.1438 161.6674 43 51
186258 P115397 2009 4 15 5.8717 169.7767 2009 7 10 1.1377 157.8957 45 52
186514 P116526 2009 4 18 6.3071 169.3942 2009 7 30 3.335 163.7057 48 57.5
186540 P116552 2009 4 18 6.3071 169.3942 2009 7 11 -0.45 172.4167 45 51
186580 P115895 2009 4 18 6.3071 169.3942 2009 7 20 -1.9317 177.018 45 54
186760 P116356 2009 4 18 6.3071 169.3942 2009 7 15 2.55 160 42 NA
186861 P116723 2009 4 19 6.1696 171.4228 2009 7 5 0.964 179.9867 52 59
186875 P116737 2009 4 19 6.1696 171.4228 2009 7 5 0.964 179.9867 53 58
186940 P116943 2009 4 19 6.1696 171.4228 2009 7 19 0.5334 177.7001 52 48
187252 P116796 2009 4 20 7.1966 171.2204 2009 7 23 6.988 158.1653 42 49
187275 P116219 2009 4 20 7.1966 171.2204 2009 7 28 -3.8573 181.4873 45 49
187348 P117113 2009 4 20 7.1966 171.2204 2009 7 1 2.8756 172.5988 44 48
187468 P117088 2009 4 23 3.9791 172.9801 2009 7 6 0.5633 179.924 60 65
187575 P117186 2009 4 23 3.4874 173.0487 2009 7 6 -3.534 172.032 42 65
187717 P117240 2009 4 23 3.4874 173.0487 2009 7 14 0.1308 186.8354 42 52
187915 P116495 2009 4 23 3.4874 173.0487 2009 7 7 -1.9233 178.4667 44 NA
187832 P117901 2009 4 23 3.4575 173.0762 2009 7 24 7.1253 171.252 41 39
188064 P117363 2009 4 26 1.9499 172.7724 2009 7 19 0.533 177.7001 44 46
188278 P117437 2009 4 26 1.9499 172.7724 2009 7 9 4.0167 181.6 49 53
188338 P117882 2009 4 26 1.9499 172.7724 2009 7 1 1.6887 178.7887 47 NA
188447 P120120 2009 4 27 1.9929 172.8551 2009 7 2 1.444 176.908 44 47
188573 P120187 2009 4 27 1.9929 172.8551 2009 7 27 -4.582 178.4213 44 NA
188685 P118694 2009 4 27 1.9929 172.8551 2009 7 2 1.444 176.908 47 48
188728 P120233 2009 4 27 1.9929 172.8551 2009 7 2 1.444 176.908 48 51
189062 P120977 2009 4 27 1.9929 172.8551 2009 7 20 -1.9128 177.0089 51 58
189142 P119272 2009 4 27 1.9929 172.8551 2009 7 23 3.5994 173.1478 42 50
189389 P118060 2009 4 27 1.9929 172.8551 2009 7 2 1.444 176.9079 48 51
189429 P118100 2009 4 27 1.9929 172.8551 2009 7 2 1.2324 175.9559 46 47
189659 P118216 2009 4 27 1.9929 172.8551 2009 7 27 -4.582 178.4213 40 NA
189776 P118298 2009 4 27 1.9929 172.8551 2009 7 21 1.2976 174.614 45 48
189943 P118822 2009 4 27 1.9929 172.8551 2009 7 1 1.1847 175.902 46 58
189947 P118824 2009 4 27 1.9929 172.8551 2009 7 1 1.1847 175.902 46 49
190080 P119132 2009 4 27 1.9929 172.8551 2009 7 13 3.0774 175.3994 45 46.5
190306 P118515 2009 4 27 1.9929 172.8551 2009 7 2 1.444 176.908 45 48.5
190575 P118426 2009 4 27 1.9929 172.8551 2009 7 2 1.444 176.908 44 63
190629 P118444 2009 4 27 1.9929 172.8551 2009 7 2 1.444 176.908 46 48
190750 P118486 2009 4 27 1.9929 172.8551 2009 7 2 1.444 176.908 43 46.5
191010 P120454 2009 4 27 1.9929 172.8551 2009 7 27 -4.582 178.4213 46 NA
191049 P119397 2009 4 27 1.9929 172.8551 2009 7 25 -5.165 164.1415 43 54
191085 P120498 2009 4 27 1.9929 172.8551 2009 7 2 1.444 176.908 43 47
191136 P119547 2009 4 27 1.9929 172.8551 2009 7 10 -2.7313 169.3133 47 NA
189217 P119631 2009 4 27 2.0022 172.8634 2009 7 2 1.444 176.908 45 47.5
189308 P120623 2009 4 27 2.0129 173.0204 2009 7 2 -3.7994 176.0445 45 51
189315 P120630 2009 4 27 2.0129 173.0204 2009 7 28 -4.4403 181.244 44 36
189953 P120584 2009 4 27 2.0129 173.0204 2009 7 21 -0.474 177.852 43 46
190602 P119821 2009 4 27 2.0129 173.0204 2009 7 18 -1.5833 230.8 47 NA
191262 P121024 2009 4 28 2.0774 173.2645 2009 7 2 1.2324 175.9559 42 46
191263 P121025 2009 4 28 2.0774 173.2645 2009 7 2 1.444 176.908 43 47.5
191289 P119854 2009 4 28 2.0774 173.2645 2009 7 27 -5 179.4833 54 NA
191337 P121511 2009 4 28 2.0774 173.2645 2009 7 2 1.4441 176.9079 44 45.5
191350 P119884 2009 4 28 1.3621 173.1853 2009 7 26 2.7334 174.6335 51 NA
193192 P122922 2009 4 30 1.1627 173.0142 2009 7 19 1.4593 163.919 47 46
193253 P122975 2009 4 30 1.1627 173.0142 2009 7 27 -4.582 178.4213 46 NA
193320 P122753 2009 4 30 1.1627 173.0142 2009 7 9 4.0167 181.6 53 61
193427 P122377 2009 4 30 1.1627 173.0142 2009 7 3 1.0087 177.5972 44 47.5
193439 P122389 2009 4 30 1.1627 173.0142 2009 7 10 -1.9731 178.712 44 NA
193548 P123119 2009 4 30 1.1627 173.0142 2009 7 16 -0.145 161.6667 37 64
193613 P123169 2009 4 30 1.1627 173.0142 2009 7 22 2.6287 159.4093 43 60
193747 P122829 2009 4 30 1.1627 173.0142 2009 7 1 1.1847 175.902 46 45
193525 P123065 2009 4 30 1.0332 173.0681 2009 7 2 1.444 176.908 45 49
193699 P123316 2009 4 30 1.0332 173.0681 2009 7 10 1.1455 157.9318 48 58
193784 P122863 2009 4 30 1.0332 173.0681 2009 7 21 -0.47 177.8507 43 45
193941 P123414 2009 4 30 0.5722 173.624 2009 7 8 1.6173 141.1513 44 NA
193983 P123375 2009 4 30 0.5722 173.624 2009 7 2 1.2324 175.9559 40 46
193984 P123376 2009 4 30 0.5722 173.624 2009 7 25 -5.1637 164.1414 44 47
194271 P124336 2009 5 1 0.4647 173.7252 2009 7 14 -1.5101 185.5688 46 54
194424 P123671 2009 5 1 0.4647 173.7252 2009 7 8 -2.698 182.7767 44 NA
194433 P123680 2009 5 1 0.4647 173.7252 2009 7 21 0.3234 168.512 45 53
194508 P124217 2009 5 1 0.4647 173.7252 2009 7 10 -1.9731 178.712 46 NA
194512 P124221 2009 5 1 0.4647 173.7252 2009 7 1 1.1847 175.902 48 47
195032 P125205 2009 5 3 1.9127 172.7714 2009 7 24 1.284 179.5739 53 39
195906 P124617 2009 5 3 1.9127 172.7714 2009 7 2 1.444 176.908 47 49
198325 P125111 2009 5 3 1.9127 172.7714 2009 7 26 2.7455 174.634 45 49
195236 P123581 2009 5 3 1.9712 172.8395 2009 7 1 1.15 173 47 45
195494 P126040 2009 5 3 1.9712 172.8395 2009 7 9 0.2894 165.695 45 54
195509 P126055 2009 5 3 1.9712 172.8395 2009 7 21 -0.47 177.8507 43 45
195513 P126059 2009 5 3 1.9712 172.8395 2009 7 2 1.444 176.908 45 48
195690 P126336 2009 5 3 1.9712 172.8395 2009 7 4 -2.7293 183.8233 45 55
195708 P126354 2009 5 3 1.9712 172.8395 2009 7 1 2.8787 172.5995 46 48
195743 P126389 2009 5 3 1.9712 172.8395 2009 7 16 -0.1461 161.6653 47 62
195873 P127295 2009 5 3 1.9712 172.8395 2009 7 2 1.444 176.908 47 48
196211 P125822 2009 5 3 1.9712 172.8395 2009 7 9 1.15 173 46 42
196285 P125896 2009 5 3 1.9712 172.8395 2009 7 2 1.444 176.908 45 47
196305 P126416 2009 5 3 1.9712 172.8395 2009 7 2 1.444 176.908 47 48
196320 P126431 2009 5 3 1.9712 172.8395 2009 7 27 -4.582 178.4213 46 NA
196408 P126719 2009 5 3 1.9712 172.8395 2009 7 13 0.15 238.35 43 NA
196530 P126941 2009 5 3 1.9712 172.8395 2009 7 4 -2.7293 183.8233 46 55
196605 P127315 2009 5 3 1.9712 172.8395 2009 7 2 1.444 176.908 46 47
196689 P127399 2009 5 3 1.9712 172.8395 2009 7 2 1.444 176.908 45 47.5
196886 P124905 2009 5 3 1.9712 172.8395 2009 7 19 2.5509 160.7023 44 48.5
196956 P124969 2009 5 3 1.9712 172.8395 2009 7 11 -4.5358 194.0844 44 48.5
196962 P124975 2009 5 3 1.9712 172.8395 2009 7 4 -2.7293 183.8233 44 55
197008 P125321 2009 5 3 1.9712 172.8395 2009 7 2 1.4674 177.0605 44 49
197023 P125335 2009 5 3 1.9712 172.8395 2009 7 20 -1.9401 177.0124 46 52
197056 P125367 2009 5 3 1.9712 172.8395 2009 7 19 0.5334 177.6999 45 46
197086 P125397 2009 5 3 1.9712 172.8395 2009 7 2 1.444 176.908 46 48.5
197105 P125916 2009 5 3 1.9712 172.8395 2009 7 14 0.1362 186.8313 45 48
197208 P126513 2009 5 3 1.9712 172.8395 2009 7 27 -5 179.4833 47 NA
197571 P127170 2009 5 3 1.9712 172.8395 2009 7 2 1.444 176.908 46 48
197577 P127176 2009 5 3 1.9712 172.8395 2009 7 10 1.1691 157.9201 48 54
197602 P127701 2009 5 3 1.9712 172.8395 2009 7 1 2.8668 172.6643 47 46
197630 P127729 2009 5 3 1.9712 172.8395 2009 7 24 1.512 161.0133 43 49
197730 P127622 2009 5 3 1.9712 172.8395 2009 7 14 0.1649 186.8575 45 56
197821 P127677 2009 5 3 1.9712 172.8395 2009 7 27 -3.993 180.6725 45 50
198233 P125277 2009 5 3 1.9712 172.8395 2009 7 24 1.512 161.0132 44 48
198497 P125193 2009 5 3 1.9712 172.8395 2009 7 1 1.1847 175.902 45 48
198550 P125535 2009 5 3 1.9712 172.8395 2009 7 7 -2.348 177.506 46 49
198628 P126141 2009 5 3 1.9712 172.8395 2009 7 4 -2.7292 183.8233 44 55
198675 P125586 2009 5 3 1.9712 172.8395 2009 7 10 1.1383 157.9299 46 54
198740 P126204 2009 5 3 1.9712 172.8395 2009 7 4 -2.7293 183.8233 45 55
198750 P126208 2009 5 3 1.9712 172.8395 2009 7 2 1.444 176.908 46 50
198809 P127428 2009 5 3 1.9712 172.8395 2009 7 26 2.7336 174.6335 44 NA
198841 P127436 2009 5 3 1.9712 172.8395 2009 7 1 1.1847 175.902 42 46
198921 P126242 2009 5 3 1.9712 172.8395 2009 7 29 -1.3346 170.3122 44 50
198957 P127492 2009 5 3 1.9712 172.8395 2009 7 26 2.7333 174.6333 47 NA
198976 P126264 2009 5 3 1.9712 172.8395 2009 7 2 1.444 176.908 45 47.5
197857 P128334 2009 5 3 1.9899 172.8541 2009 7 29 -1.3339 170.3122 43 52
197887 P128352 2009 5 3 1.9899 172.8541 2009 7 23 1.9587 165.9553 44 51
196872 P128483 2009 5 3 2.0061 172.8336 2009 7 21 -0.47 177.8507 44 47
196893 P128498 2009 5 3 2.0061 172.8336 2009 7 1 1.1847 175.902 44 47
198020 P128068 2009 5 3 2.0061 172.8336 2009 7 21 1.2976 174.614 43 47
198043 P128079 2009 5 3 2.0061 172.8336 2009 7 1 1.1847 175.902 45 49
199035 P128211 2009 5 3 2.0061 172.8336 2009 7 4 -2.7293 183.8233 42 55
199047 P128217 2009 5 3 2.0061 172.8336 2009 7 20 2.4193 187.5493 47 55
199053 P128223 2009 5 3 2.0061 172.8336 2009 7 14 0.1311 186.8427 45 54
197410 P128567 2009 5 3 1.9932 172.7902 2009 7 2 1.2324 175.9559 42 47
198272 P127502 2009 5 3 1.9932 172.7902 2009 7 2 1.444 176.908 46 49.5
198279 P129045 2009 5 3 1.9932 172.7902 2009 7 2 1.2324 175.9559 44 47
199160 P128146 2009 5 3 1.9932 172.7902 2009 7 1 3.5113 193.4773 47 30
199273 P128860 2009 5 4 1.1594 173.0112 2009 7 2 1.2324 175.9559 45 49
199279 P128866 2009 5 4 1.1594 173.0112 2009 7 21 -0.47 177.8507 50 56
199316 P129101 2009 5 4 1.1594 173.0112 2009 7 2 1.444 176.908 51 52.5
199372 P129157 2009 5 4 1.1594 173.0112 2009 7 30 -3.4413 178.2826 45 NA
199382 P129167 2009 5 4 1.1594 173.0112 2009 7 21 -0.47 177.8507 49 49
199548 P129666 2009 5 4 1.1594 173.0112 2009 7 11 -0.45 172.4167 44 NA
200228 P129700 2009 5 6 1.9934 172.8531 2009 7 2 1.444 176.908 44 47
200386 P129870 2009 5 6 1.9934 172.8531 2009 7 14 0.1626 186.8385 42 50
200428 P129899 2009 5 6 1.9934 172.8531 2009 7 2 1.444 176.908 43 48
200629 P129917 2009 5 6 1.9934 172.8531 2009 7 10 -1.9731 178.712 46 NA
200663 P129943 2009 5 6 1.9934 172.8531 2009 7 11 -4.5418 194.0755 45 49
200802 P129434 2009 5 6 1.9624 173.3085 2009 7 4 1.15 173.6667 46 55
200897 Z73099 2009 5 6 1.9624 173.3085 2009 7 27 -4.582 178.4213 43 NA
201018 P129982 2009 5 6 1.9624 173.3085 2009 7 27 -4.5839 178.4226 41 NA
205037 P130831 2009 5 6 1.9624 173.3085 2009 7 2 1.444 176.908 45 NA
201914 P130335 2009 5 8 1.926 172.6783 2009 7 2 1.444 176.908 42 45.5
201943 P130364 2009 5 8 1.926 172.6783 2009 7 2 1.444 176.908 42 47.5
202009 P131630 2009 5 8 1.926 172.6783 2009 7 21 -0.47 177.8507 45 46
202013 P131634 2009 5 8 1.926 172.6783 2009 7 21 -0.47 177.8507 46 49
202025 P131646 2009 5 8 1.926 172.6783 2009 7 1 2.8756 172.5988 46 48
202109 P131730 2009 5 8 1.926 172.6783 2009 7 2 1.2324 175.9559 43 48
202180 P132201 2009 5 8 1.926 172.6783 2009 7 4 -2.7293 183.8233 43 55
202209 P132230 2009 5 8 1.926 172.6783 2009 7 30 -3.4413 178.2827 45 NA
202216 P132237 2009 5 8 1.926 172.6783 2009 7 1 1.1847 175.902 44 47
202504 P130638 2009 5 8 1.926 172.6783 2009 7 1 1.1847 175.902 43 46.5
202582 P130687 2009 5 8 1.926 172.6783 2009 7 2 1.2324 175.9559 42 45
202616 P131553 2009 5 8 1.926 172.6783 2009 7 2 1.444 176.908 44 47.5
202618 P131554 2009 5 8 1.926 172.6783 2009 7 2 1.444 176.908 46 48
202684 P131877 2009 5 8 1.926 172.6783 2009 7 1 2.8756 172.5988 45 46
202724 P130717 2009 5 8 1.926 172.6783 2009 7 10 1.15 173 46 45
202960 P131264 2009 5 8 1.926 172.6783 2009 7 29 -1.3322 170.3099 49 48
202981 P131284 2009 5 8 1.926 172.6783 2009 7 2 1.444 176.908 46 48
203215 P131974 2009 5 8 1.926 172.6783 2009 7 2 1.444 176.908 42 46.5
202775 P130768 2009 5 8 1.9802 172.5483 2009 7 2 1.444 176.908 44 47.5
202855 P132418 2009 5 8 1.9802 172.5483 2009 7 1 1.1847 175.902 45 47
203383 P132399 2009 5 8 1.9802 172.5483 2009 7 19 2.5506 160.7023 47 56
202918 P132059 2009 5 8 1.6997 172.383 2009 7 29 -1.3349 170.3092 45 48
203013 P132077 2009 5 8 1.6522 172.326 2009 7 25 1.2629 164.0972 42 47
203050 P132812 2009 5 8 1.6522 172.326 2009 7 2 1.444 176.908 43 46.5
203400 P132556 2009 5 8 1.6522 172.326 2009 7 13 0.15 238.35 43 NA
203506 P132874 2009 5 8 1.5212 172.3498 2009 7 25 -5.1648 164.1425 44 54
203792 P133318 2009 5 8 1.5212 172.3498 2009 7 2 1.444 176.908 46 47
203530 P132898 2009 5 8 1.4667 172.3333 2009 7 10 1.166 157.9401 46 53
203696 P132657 2009 5 8 1.4667 172.3333 2009 7 1 1.1847 175.902 43 47
203826 P133352 2009 5 8 1.4667 172.3333 2009 7 1 1.1847 175.902 43 47
203839 P133365 2009 5 8 1.4667 172.3333 2009 7 21 -0.47 177.8507 43 45
204204 P133283 2009 5 12 -0.647 174.1386 2009 7 10 -1.9732 178.712 46 NA
204861 P134277 2009 5 14 1.1688 172.8908 2009 7 2 1.444 176.908 46 48
205469 Z73421 2009 5 31 -10.7499 166.2696 2009 7 14 -10.5297 165.8157 36 43
206039 P134310 2009 6 2 -10.3662 160.953 2009 7 6 -9.3893 158.8906 41 47
206427 P135386 2009 6 2 -10.3662 160.953 2009 7 30 -9.2925 158.2504 38 45
207171 P134395 2009 6 7 -8.277 159.0111 2009 7 14 -8.54 159.1633 49 51
207179 P136833 2009 6 7 -8.277 159.0111 2009 7 25 -8.508 158.8133 44 60
207191 P136845 2009 6 7 -8.277 159.0111 2009 7 17 -8.7291 159.3205 43 60
207220 P136874 2009 6 7 -8.277 159.0111 2009 7 14 -8.54 159.1633 49 54
207223 P136877 2009 6 7 -8.277 159.0111 2009 7 26 -8.7335 158.8287 46 53
207225 P136879 2009 6 7 -8.277 159.0111 2009 7 6 -9.3893 158.8907 42 43
207226 P136880 2009 6 7 -8.277 159.0111 2009 7 4 -8.4113 158.9553 44 58
207479 P135711 2009 6 7 -8.277 159.0111 2009 7 31 -8.7333 159.256 47 44
207488 P135720 2009 6 7 -8.277 159.0111 2009 7 7 -8.9607 157.578 52 56
207494 P135726 2009 6 7 -8.277 159.0111 2009 7 9 -9.49 158.1027 46 49
207519 P135751 2009 6 7 -8.277 159.0111 2009 7 3 -9.0907 158.32 39 48
207589 Z73890 2009 6 7 -8.277 159.0111 2009 7 2 -8.4833 158.7927 37 44
207601 Z40082 2009 6 7 -8.277 159.0111 2009 7 2 -8.2667 158.0667 38 60
207618 Z40099 2009 6 7 -8.277 159.0111 2009 7 22 -8.2133 158.8933 37 59
207623 P135391 2009 6 7 -8.277 159.0111 2009 7 6 -9.3893 158.8907 41 42
207751 P135582 2009 6 7 -8.277 159.0111 2009 7 3 -8.4289 158.9925 48 29
207843 P136405 2009 6 7 -8.277 159.0111 2009 7 10 -9.532 158.2127 51 52.5
207845 P136406 2009 6 7 -8.277 159.0111 2009 7 1 -8.4786 158.7172 51 52
207854 P136414 2009 6 7 -8.277 159.0111 2009 7 26 -8.7367 158.8307 51 40
207860 P136420 2009 6 7 -8.277 159.0111 2009 7 14 -8.54 159.1633 52 45
207863 P136423 2009 6 7 -8.277 159.0111 2009 7 12 -8.8267 159.1993 52 50
207866 P136426 2009 6 7 -8.277 159.0111 2009 7 13 -8.2193 158.696 52 40
207880 P136436 2009 6 7 -8.277 159.0111 2009 7 17 -8.1907 158.884 53 55
207890 P136444 2009 6 7 -8.277 159.0111 2009 7 14 -8.5647 158.8807 53 42
207893 P136446 2009 6 7 -8.277 159.0111 2009 7 14 -8.54 159.1633 51 51
207925 P136459 2009 6 7 -8.277 159.0111 2009 7 1 -8.2534 158.4561 43 41
207939 P136470 2009 6 7 -8.277 159.0111 2009 7 14 -8.5647 158.8807 43 43
207948 P136479 2009 6 7 -8.277 159.0111 2009 7 13 -8.4213 159.138 43 45
207952 P136483 2009 6 7 -8.277 159.0111 2009 7 14 -8.54 159.1633 43 47
207981 P136044 2009 6 7 -8.277 159.0111 2009 7 12 -8.4707 158.67 40 47
208020 P135915 2009 6 7 -8.277 159.0111 2009 7 1 -8.382 158.4333 38 45
208052 P135932 2009 6 7 -8.277 159.0111 2009 7 2 -8.4833 158.7927 41 45
208068 P136076 2009 6 7 -8.277 159.0111 2009 7 20 -8.4213 158.99 43 48
208071 P135940 2009 6 7 -8.277 159.0111 2009 7 17 -8.7291 159.3205 42 47
208088 P135947 2009 6 7 -8.277 159.0111 2009 7 14 -8.478 158.774 44 43
208096 P135951 2009 6 7 -8.277 159.0111 2009 7 2 -8.4833 158.7927 39 41
208098 P135952 2009 6 7 -8.277 159.0111 2009 7 13 -8.4773 159.2773 43 45
208110 P135961 2009 6 7 -8.277 159.0111 2009 7 9 -9.49 158.1027 41 45
208112 P135963 2009 6 7 -8.277 159.0111 2009 7 14 -8.54 159.1633 50 45
208127 P136089 2009 6 7 -8.277 159.0111 2009 7 3 -9.152 158.476 38 50
208128 P135974 2009 6 7 -8.277 159.0111 2009 7 26 -8.7387 158.8473 47 51
208135 P135979 2009 6 7 -8.277 159.0111 2009 7 6 -9.3892 158.8907 40 45
208143 P135983 2009 6 7 -8.277 159.0111 2009 7 14 -8.478 158.774 53 40
208144 P135984 2009 6 7 -8.277 159.0111 2009 7 26 -8.5427 159.286 45 51
208148 P135987 2009 6 7 -8.277 159.0111 2009 7 13 -8.4773 159.2773 50 48
208151 P136098 2009 6 7 -8.277 159.0111 2009 7 13 -8.4213 159.138 43 43
208200 P135614 2009 6 7 -8.277 159.0111 2009 7 25 -8.508 158.8133 40 45
208228 P136125 2009 6 7 -8.277 159.0111 2009 7 14 -8.478 158.774 38 41
208232 P136127 2009 6 7 -8.277 159.0111 2009 7 1 -8.2713 158.972 39 61
208237 P136218 2009 6 7 -8.277 159.0111 2009 7 10 -9.4347 158.8832 47 45
208244 P136221 2009 6 7 -8.277 159.0111 2009 7 25 -8.7367 158.8307 41 48
208245 P136132 2009 6 7 -8.277 159.0111 2009 7 13 -8.4773 159.2773 42 46
208248 P136223 2009 6 7 -8.277 159.0111 2009 7 26 -8.7387 158.8473 41 48
208252 P135631 2009 6 7 -8.277 159.0111 2009 7 14 -8.4779 158.774 41 42
208276 P135640 2009 6 7 -8.277 159.0111 2009 7 13 -8.2193 158.696 38 51
208281 P136235 2009 6 7 -8.277 159.0111 2009 7 2 -8.4833 158.7927 41 42
208285 P136236 2009 6 7 -8.277 159.0111 2009 7 1 -8.6539 159.1699 45 51
208289 P135646 2009 6 7 -8.277 159.0111 2009 7 21 -8 159 38 43
208297 P135650 2009 6 7 -8.277 159.0111 2009 7 28 -8.5407 159.1947 40 50
208310 P136149 2009 6 7 -8.277 159.0111 2009 7 8 -9.3807 158.314 43 51
208313 P136151 2009 6 7 -8.277 159.0111 2009 7 4 -9.084 158.5747 41 47
208315 P135659 2009 6 7 -8.277 159.0111 2009 7 17 -8.5 159.1667 43 40
208332 P136246 2009 6 7 -8.277 159.0111 2009 7 12 -8.3 158.6567 38 42
208335 P135666 2009 6 7 -8.277 159.0111 2009 7 14 -8.478 158.774 39 57
208336 P136159 2009 6 7 -8.277 159.0111 2009 7 3 -8.2067 157.9266 43 44
208337 P135667 2009 6 7 -8.277 159.0111 2009 7 6 -8.2567 158.798 43 41
208376 P136262 2009 6 7 -8.277 159.0111 2009 7 6 -9.3892 158.8908 43 38
208394 P135690 2009 6 7 -8.277 159.0111 2009 7 26 -8.5427 159.286 39 48
208395 P136175 2009 6 7 -8.277 159.0111 2009 7 12 -8.3 158.6567 50 41
208407 P135697 2009 6 7 -8.277 159.0111 2009 7 17 -8.7291 159.3205 39 44
208413 P135700 2009 6 7 -8.277 159.0111 2009 7 13 -8.4213 159.138 41 44
208423 P136180 2009 6 7 -8.277 159.0111 2009 7 23 -8.6237 159.0442 54 38
208449 P136902 2009 6 7 -8.277 159.0111 2009 7 9 -9.49 158.1027 45 48
208474 P136920 2009 6 7 -8.277 159.0111 2009 7 20 -8.0453 157.3067 44 59
208490 P136198 2009 6 7 -8.277 159.0111 2009 7 3 -8.35 159.0667 47 59
208492 P136199 2009 6 7 -8.277 159.0111 2009 7 14 -8.544 158.8773 50 49
208512 P136938 2009 6 7 -8.277 159.0111 2009 7 17 -8.7293 159.32 45 45
208517 P136943 2009 6 7 -8.277 159.0111 2009 7 22 -8.2053 158.7627 43 58
208519 P136945 2009 6 7 -8.277 159.0111 2009 7 2 -8.4833 158.7927 53 30
208522 P136948 2009 6 7 -8.277 159.0111 2009 7 3 -8.35 159.0667 55 56
208526 P136951 2009 6 7 -8.277 159.0111 2009 7 13 -8.4773 159.2773 53 60
208532 P136957 2009 6 7 -8.277 159.0111 2009 7 23 -8 159 45 47
208571 P136503 2009 6 7 -8.277 159.0111 2009 7 14 -8.478 158.774 40 39
208586 P136509 2009 6 7 -8.277 159.0111 2009 7 13 -8.4213 159.138 49 30
208593 P136516 2009 6 7 -8.277 159.0111 2009 7 3 -9.228 158.412 49 54
208594 P136517 2009 6 7 -8.277 159.0111 2009 7 31 -8.8967 159.2433 50 43
208598 P136520 2009 6 7 -8.277 159.0111 2009 7 1 -8.3819 158.4333 50 42
208636 P136535 2009 6 7 -8.277 159.0111 2009 7 16 -8.3007 158.8227 51 59
208673 P136547 2009 6 7 -8.277 159.0111 2009 7 1 -8.4787 158.7173 43 46
208677 P136548 2009 6 7 -8.277 159.0111 2009 7 5 -8.2667 158.9667 42 56
208687 P136551 2009 6 7 -8.277 159.0111 2009 7 16 -8.7291 159.3205 45 40
208693 P136553 2009 6 7 -8.277 159.0111 2009 7 1 -8.382 158.4333 51 34
208699 P136555 2009 6 7 -8.277 159.0111 2009 7 2 -8.4833 158.7927 44 47
208727 P136566 2009 6 7 -8.277 159.0111 2009 7 4 -9.0353 157.7253 48 50
208744 P136577 2009 6 7 -8.277 159.0111 2009 7 2 -8.6892 159.0147 39 43
208749 P136582 2009 6 7 -8.277 159.0111 2009 7 14 -8.54 159.1633 42 50
208764 P136591 2009 6 7 -8.277 159.0111 2009 7 2 -8.7787 158.8053 55 54
208774 P136594 2009 6 7 -8.277 159.0111 2009 7 2 -8.2667 158.0667 43 59
208803 P136605 2009 6 7 -8.277 159.0111 2009 7 28 -8.5407 159.1947 49 44
208807 P136608 2009 6 7 -8.277 159.0111 2009 7 2 -8.4833 158.7927 42 45
208841 P136623 2009 6 7 -8.277 159.0111 2009 7 25 -8.7387 158.8473 47 48
208858 P136630 2009 6 7 -8.277 159.0111 2009 7 6 -9.3894 158.8907 43 45
208870 P136633 2009 6 7 -8.277 159.0111 2009 7 3 -9.0707 158.4793 50 62
208916 P136645 2009 6 7 -8.277 159.0111 2009 7 21 -7.4313 156.7774 48 50
208975 P136662 2009 6 7 -8.277 159.0111 2009 7 13 -8.4213 159.138 43 43
208993 P136667 2009 6 7 -8.277 159.0111 2009 7 14 -8.4779 158.7737 51 46
209001 P136670 2009 6 7 -8.277 159.0111 2009 7 1 -8.4787 158.7173 41 44
209007 P136672 2009 6 7 -8.277 159.0111 2009 7 1 -8.2533 158.456 49 51
209049 P136688 2009 6 7 -8.277 159.0111 2009 7 8 -7.9994 157.7514 42 60
209669 P136808 2009 6 7 -8.277 159.0111 2009 7 4 -8.4113 158.9553 40 61
209681 P136817 2009 6 7 -8.277 159.0111 2009 7 26 -8.7335 158.8287 51 54
210028 P136702 2009 6 7 -8.277 159.0111 2009 7 30 -8.7333 159.256 51 49
210030 P136704 2009 6 7 -8.277 159.0111 2009 7 21 -7.4313 156.7774 48 49
210103 P136741 2009 6 7 -8.277 159.0111 2009 7 3 -9.0908 158.3199 41 50
210108 P136746 2009 6 7 -8.277 159.0111 2009 7 12 -8.8261 159.1953 50 52
210122 P136752 2009 6 7 -8.277 159.0111 2009 7 14 -8.478 158.774 42 45
210140 P136760 2009 6 7 -8.277 159.0111 2009 7 14 -8.54 159.1633 50 50
210266 P135808 2009 6 7 -8.277 159.0111 2009 7 30 -8.7235 159.2654 46 46
210292 P135820 2009 6 7 -8.277 159.0111 2009 7 21 -7.4313 156.7774 50 50
210304 P136314 2009 6 7 -8.277 159.0111 2009 7 6 -9.1468 159.6446 51 52
210308 P136316 2009 6 7 -8.277 159.0111 2009 7 25 -8.2607 158.84 42 40
210317 P135830 2009 6 7 -8.277 159.0111 2009 7 30 -8.4573 158.4673 44 48
210320 P135831 2009 6 7 -8.277 159.0111 2009 7 26 -8.7387 158.8473 52 45
210332 P135837 2009 6 7 -8.277 159.0111 2009 7 26 -8.7387 158.8473 53 NA
210335 P135838 2009 6 7 -8.277 159.0111 2009 7 26 -8.7367 158.8307 49 55
210350 P136326 2009 6 7 -8.277 159.0111 2009 7 26 -8.5427 159.286 39 45
210376 P135855 2009 6 7 -8.277 159.0111 2009 7 26 -8.7367 158.8307 38 56
210404 P136349 2009 6 7 -8.277 159.0111 2009 7 14 -8.5399 159.1633 52 28
210408 P135867 2009 6 7 -8.277 159.0111 2009 7 13 -8.4213 159.138 39 45
210410 P135869 2009 6 7 -8.277 159.0111 2009 7 7 -9.2587 159.2107 39 40
210432 P135877 2009 6 7 -8.277 159.0111 2009 7 2 -8.4833 158.7927 42 45
210440 P136368 2009 6 7 -8.277 159.0111 2009 7 4 -8.4 158.8833 43 58
210446 P135879 2009 6 7 -8.277 159.0111 2009 7 17 -8.7291 159.3205 38 46
210454 P136375 2009 6 7 -8.277 159.0111 2009 7 1 -8.2551 158.4596 52 52
210461 P135887 2009 6 7 -8.277 159.0111 2009 7 26 -8.5427 159.286 42 58
210475 P136384 2009 6 7 -8.277 159.0111 2009 7 2 -8.4833 158.7927 38 48
210481 P135898 2009 6 7 -8.277 159.0111 2009 7 6 -8.2568 158.798 40 57
210498 P134990 2009 6 7 -8.277 159.0111 2009 7 1 -8.276 158.97 39 60
210505 P134996 2009 6 7 -8.277 159.0111 2009 7 19 -8.2307 157.188 45 62
210506 P134997 2009 6 7 -8.277 159.0111 2009 7 26 -8.5427 159.286 50 45
210509 P135000 2009 6 7 -8.277 159.0111 2009 7 1 -8.2713 158.972 43 56
207273 P136893 2009 6 7 -8.3406 158.8847 2009 7 4 -8.4113 158.9553 38 54
207316 P138211 2009 6 7 -8.3406 158.8847 2009 7 14 -8.5647 158.8807 38 41
207332 P138227 2009 6 7 -8.3406 158.8847 2009 7 13 -8.2193 158.696 38 42
207358 P138253 2009 6 7 -8.3406 158.8847 2009 7 25 -8.7367 158.8307 37 44
207364 P138259 2009 6 7 -8.3406 158.8847 2009 7 1 -8.4787 158.7173 44 45
207367 P138262 2009 6 7 -8.3406 158.8847 2009 7 13 -8.2192 158.6959 39 39
207414 Z73528 2009 6 7 -8.3406 158.8847 2009 7 1 -8.2833 158.9667 35 59
207455 Z73569 2009 6 7 -8.3406 158.8847 2009 7 1 -8.276 158.97 36 56
207681 Z73686 2009 6 7 -8.3406 158.8847 2009 7 8 -9.3807 158.314 35 44
208541 P136965 2009 6 7 -8.3406 158.8847 2009 7 2 -8.4833 158.7927 41 44
208578 P136997 2009 6 7 -8.3406 158.8847 2009 7 14 -8.5647 158.8807 41 44
208583 P136999 2009 6 7 -8.3406 158.8847 2009 7 1 -8.4787 158.7173 46 42
208678 P137333 2009 6 7 -8.3406 158.8847 2009 7 25 -8.508 158.8133 41 40
208787 P137389 2009 6 7 -8.3406 158.8847 2009 7 1 -8.4787 158.7173 39 41
208821 P137410 2009 6 7 -8.3406 158.8847 2009 7 4 -9.084 158.5747 43 53
208919 P137451 2009 6 7 -8.3406 158.8847 2009 7 30 -8.7276 159.2635 42 45
208921 P137452 2009 6 7 -8.3406 158.8847 2009 7 14 -8.4779 158.774 41 55
208927 P137035 2009 6 7 -8.3406 158.8847 2009 7 8 -9.3807 158.314 40 51
208931 P137037 2009 6 7 -8.3406 158.8847 2009 7 3 -9.152 158.476 40 50
208946 P137043 2009 6 7 -8.3406 158.8847 2009 7 26 -8.5427 159.286 42 51
208970 P137468 2009 6 7 -8.3406 158.8847 2009 7 20 -8.0453 157.3067 39 51
209000 P137480 2009 6 7 -8.3406 158.8847 2009 7 2 -8.4833 158.7927 46 40
209004 P137482 2009 6 7 -8.3406 158.8847 2009 7 12 -8.3 158.6567 46 49
209078 P137601 2009 6 7 -8.3406 158.8847 2009 7 1 -8.2713 158.972 46 60
209082 P137093 2009 6 7 -8.3406 158.8847 2009 7 14 -8.54 159.1633 38 55
209139 P137101 2009 6 7 -8.3406 158.8847 2009 7 14 -8.4779 158.774 39 50
209168 P137108 2009 6 7 -8.3406 158.8847 2009 7 7 -8.2941 158.5873 44 40
209170 P137651 2009 6 7 -8.3406 158.8847 2009 7 25 -8.508 158.8133 42 45
209183 P137116 2009 6 7 -8.3406 158.8847 2009 7 13 -8.4773 159.2773 52 43
209213 P137663 2009 6 7 -8.3406 158.8847 2009 7 6 -8.2567 158.798 41 42
209235 P137671 2009 6 7 -8.3406 158.8847 2009 7 3 -8.35 159.0667 39 60
209302 P137150 2009 6 7 -8.3406 158.8847 2009 7 3 -8.318 158.0787 40 42
209335 P137169 2009 6 7 -8.3406 158.8847 2009 7 8 -9.5667 158.1573 48 47
209337 P137171 2009 6 7 -8.3406 158.8847 2009 7 25 -8.508 158.8133 39 60
209346 P137178 2009 6 7 -8.3406 158.8847 2009 7 25 -8.508 158.8133 40 60
209403 P137502 2009 6 7 -8.3406 158.8847 2009 7 2 -8.4227 158.2987 41 47
209406 P137504 2009 6 7 -8.3406 158.8847 2009 7 7 -9.0969 157.6594 39 47
209427 P137510 2009 6 7 -8.3406 158.8847 2009 7 12 -8.3 158.6567 48 46
209499 P138015 2009 6 7 -8.3406 158.8847 2009 7 6 -8.2667 158.9667 41 32
209505 P137536 2009 6 7 -8.3406 158.8847 2009 7 17 -8.7291 159.3205 40 43
209537 P137543 2009 6 7 -8.3406 158.8847 2009 7 20 -8.4213 158.99 40 44
209548 P138037 2009 6 7 -8.3406 158.8847 2009 7 26 -8.5427 159.286 53 47
209563 P137555 2009 6 7 -8.3406 158.8847 2009 7 26 -8.806 158.9053 38 43
209571 P138051 2009 6 7 -8.3406 158.8847 2009 7 4 -8.4113 158.9553 43 60
209585 P137767 2009 6 7 -8.3406 158.8847 2009 7 9 -9.3781 157.9073 38 53
209597 P137775 2009 6 7 -8.3406 158.8847 2009 7 13 -8.4773 159.2773 45 60
209604 P137566 2009 6 7 -8.3406 158.8847 2009 7 17 -8.7291 159.3205 39 46
209614 P138065 2009 6 7 -8.3406 158.8847 2009 7 14 -8.2913 158.9693 54 57
209620 P137571 2009 6 7 -8.3406 158.8847 2009 7 5 -8.4 158.95 38 38
209627 P137789 2009 6 7 -8.3406 158.8847 2009 7 12 -8.0548 156.6667 38 43
209656 P137597 2009 6 7 -8.3406 158.8847 2009 7 2 -8.4833 158.7927 40 46
209658 P137598 2009 6 7 -8.3406 158.8847 2009 7 30 -8.7276 159.2635 42 41
209731 P137833 2009 6 7 -8.3406 158.8847 2009 7 20 -8.4212 158.99 41 44
209822 P137864 2009 6 7 -8.3406 158.8847 2009 7 2 -8.6893 159.0147 40 45
209867 P137885 2009 6 7 -8.3406 158.8847 2009 7 14 -8.478 158.774 40 41
209872 P137888 2009 6 7 -8.3406 158.8847 2009 7 28 -8.5407 159.1947 39 42
209882 P137892 2009 6 7 -8.3406 158.8847 2009 7 1 -8.4787 158.7173 39 45
210017 P137204 2009 6 7 -8.3406 158.8847 2009 7 2 -8.2667 156.9667 40 58
210022 P137209 2009 6 7 -8.3406 158.8847 2009 7 2 -8.4227 158.2987 44 45
210074 P137231 2009 6 7 -8.3406 158.8847 2009 7 15 -7.4067 156.8573 40 41
210160 P137266 2009 6 7 -8.3406 158.8847 2009 7 4 -8.4 158.8833 39 60
210250 P137904 2009 6 7 -8.3406 158.8847 2009 7 1 -8.4786 158.7173 43 45
210261 P137911 2009 6 7 -8.3406 158.8847 2009 7 2 -8.3447 159.054 43 57
210267 P137913 2009 6 7 -8.3406 158.8847 2009 7 2 -8.2667 158.9667 42 36
210289 P137917 2009 6 7 -8.3406 158.8847 2009 7 30 -8.7359 158.6701 41 42
210307 P137921 2009 6 7 -8.3406 158.8847 2009 7 18 -9.158 157.4207 42 45
210330 P137928 2009 6 7 -8.3406 158.8847 2009 7 12 -8.418 158.652 42 46
210334 P137930 2009 6 7 -8.3406 158.8847 2009 7 4 -8.4 158.8833 41 56
210365 P137939 2009 6 7 -8.3406 158.8847 2009 7 25 -8.7367 158.8307 40 52
207902 P138104 2009 6 7 -8.1106 158.7029 2009 7 17 -8.7291 159.3205 38 50
207993 Z73598 2009 6 7 -8.1106 158.7029 2009 7 14 -8.54 159.1633 33 54
208026 P138282 2009 6 7 -8.1106 158.7029 2009 7 14 -8.54 159.1633 40 50
208091 P138295 2009 6 7 -8.1106 158.7029 2009 7 1 -8.2533 158.4561 38 43
209670 P137798 2009 6 7 -8.1106 158.7029 2009 7 2 -8.4833 158.7927 39 44
209778 Z73948 2009 6 7 -8.1106 158.7029 2009 7 14 -8.54 159.1633 34 38
209801 Z73957 2009 6 7 -8.1106 158.7029 2009 7 13 -8.4773 159.2773 36 30
209802 Z73958 2009 6 7 -8.1106 158.7029 2009 7 1 -8.2833 158.9667 36 60
209863 P138086 2009 6 7 -8.1106 158.7029 2009 7 25 -8.508 158.8133 39 50
209868 P138088 2009 6 7 -8.1106 158.7029 2009 7 26 -8.806 158.9054 40 56
210431 P137947 2009 6 7 -8.1106 158.7029 2009 7 13 -8.4773 159.2773 38 55
210608 Z73400 2009 6 7 -8.1106 158.7029 2009 7 1 -8.2833 158.9667 37 55
209936 Z73982 2009 6 7 -8.0816 158.7523 2009 7 5 -8.2667 158.9667 35 58
210660 P138503 2009 6 8 -8.0158 158.409 2009 7 6 -8.2667 158.9667 39 42
210668 P138507 2009 6 8 -8.0158 158.409 2009 7 2 -8.6893 159.0147 43 45
210675 P138511 2009 6 8 -8.0158 158.409 2009 7 4 -9.084 158.5747 38 45
210708 Z40498 2009 6 8 -8.0158 158.409 2009 7 20 -8.4211 158.99 35 39
210734 P138624 2009 6 8 -8.0158 158.409 2009 7 14 -8.478 158.774 38 51
210752 P138635 2009 6 8 -8.0158 158.409 2009 7 14 -8.5647 158.8807 38 45
210764 P138642 2009 6 8 -8.0158 158.409 2009 7 13 -8.2192 158.696 40 37
210795 P138658 2009 6 8 -8.0158 158.409 2009 7 5 -8.2667 158.9667 41 54
210796 P138659 2009 6 8 -8.0158 158.409 2009 7 28 -9.1472 158.6551 43 48
210798 P138661 2009 6 8 -8.0158 158.409 2009 7 7 -7.9993 157.7513 41 59
210804 P138144 2009 6 8 -8.0158 158.409 2009 7 19 -8.3453 157.0121 40 44
210809 P138667 2009 6 8 -8.0158 158.409 2009 7 3 -8.2067 157.9267 39 38
210839 P138686 2009 6 8 -8.0158 158.409 2009 7 14 -8.5647 158.8807 48 38
210856 P138161 2009 6 8 -8.0158 158.409 2009 7 14 -8.54 159.1632 42 54
210861 P138165 2009 6 8 -8.0158 158.409 2009 7 6 -8.4267 158.92 40 52
211101 Z40718 2009 6 9 -8.097 158.5126 2009 7 14 -8.478 158.774 37 47
211187 P138462 2009 6 10 -8.6391 158.4551 2009 7 2 -8.7007 158.6434 43 44
211293 P138373 2009 6 10 -8.6391 158.4551 2009 7 28 -8.5407 159.1947 43 45
211316 P138396 2009 6 10 -8.6391 158.4551 2009 7 25 -8.7367 158.8307 38 53
211342 P138479 2009 6 10 -8.6391 158.4551 2009 7 14 -8.54 159.1633 43 42
211385 P138496 2009 6 10 -8.6391 158.4551 2009 7 26 -8.5427 159.286 47 48
211880 P139018 2009 6 10 -8.6391 158.4551 2009 7 2 -8.206 158.0933 38 40
211938 P139044 2009 6 10 -8.6391 158.4551 2009 7 13 -8.4773 159.2773 43 45
212004 P139083 2009 6 10 -8.6391 158.4551 2009 7 23 -8 159 42 NA
212659 P138965 2009 6 10 -8.6391 158.4551 2009 7 17 -8.7291 159.3205 43 48
212680 P138973 2009 6 10 -8.6391 158.4551 2009 7 14 -8.54 159.1633 46 65
212794 P138996 2009 6 10 -8.7747 158.4881 2009 7 2 -8.4833 158.7927 42 50
211594 Z74838 2009 6 10 -8.8185 158.5662 2009 7 25 -8.2607 158.84 37 40
211655 P138843 2009 6 10 -8.8185 158.5662 2009 7 10 -9.532 158.2127 39 41.5
212434 P139268 2009 6 10 -8.8185 158.5662 2009 7 16 -8.2933 158.8127 39 63
212478 P139288 2009 6 10 -8.8185 158.5662 2009 7 2 -8.4833 158.7927 40 42
212495 P139296 2009 6 10 -8.8185 158.5662 2009 7 13 -8.4773 159.2773 43 65
212544 P139609 2009 6 10 -8.8185 158.5662 2009 7 6 -8.2566 158.798 39 42
213368 P139537 2009 6 10 -8.8185 158.5662 2009 7 9 -9.49 158.1027 38 41
213392 P139561 2009 6 10 -8.8185 158.5662 2009 7 16 -7.4248 156.0675 41 43
211866 Z75122 2009 6 10 -8.7663 158.612 2009 7 1 -8.4788 158.7171 35 36
212747 P139651 2009 6 10 -8.7663 158.612 2009 7 25 -8.7367 158.8307 39 46
212835 P139694 2009 6 10 -8.7663 158.612 2009 7 13 -8.4773 159.2773 40 48
213095 Z74737 2009 6 10 -8.7663 158.612 2009 7 14 -8.478 158.7739 37 42
213152 P139144 2009 6 10 -8.7663 158.612 2009 7 1 -8.4787 158.7173 39 45
213337 Z75246 2009 6 10 -8.7663 158.612 2009 7 14 -8.4779 158.7739 36 38
213494 P139763 2009 6 10 -8.7663 158.612 2009 7 6 -8.4268 158.9201 37 41
213935 P139185 2009 6 11 -9.1654 157.7221 2009 7 13 -8.4773 159.2773 41 42
214098 P139303 2009 6 11 -9.2481 157.6559 2009 7 18 -9.158 157.4207 41 46
214451 P140236 2009 6 11 -9.2481 157.6559 2009 7 17 -8.7291 159.3205 43 60
214473 P140246 2009 6 11 -9.2481 157.6559 2009 7 18 -9.158 157.4207 46 49
214558 P140284 2009 6 11 -9.2481 157.6559 2009 7 23 -8.6293 159.052 46 41
214223 P140082 2009 6 11 -9.2092 157.5513 2009 7 27 -9.33 158.3193 48 48
214287 P139444 2009 6 11 -9.2092 157.5513 2009 7 14 -8.54 159.1633 51 52
214310 P139453 2009 6 11 -9.2092 157.5513 2009 7 12 -8.4707 158.67 40 47
214759 P140505 2009 6 11 -8.9978 157.6588 2009 7 17 -8.7291 159.3205 48 54
214818 Z76020 2009 6 11 -8.9978 157.6588 2009 7 3 -9.0707 158.4792 33 36
214910 P139860 2009 6 11 -8.9978 157.6588 2009 7 6 -9.3893 158.8907 59 47
214925 P140549 2009 6 12 -7.5666 157.2401 2009 7 6 -9.3893 158.8907 48 51
214931 P139864 2009 6 12 -7.5666 157.2401 2009 7 3 -9.152 158.476 49 50
214934 P139867 2009 6 12 -7.5666 157.2401 2009 7 13 -8.4773 159.2773 52 52
215448 P140902 2009 6 13 -7.3999 156.6107 2009 7 14 -8.5647 158.8807 43 50
215472 P140925 2009 6 13 -7.3999 156.6107 2009 7 12 -8.8267 159.1993 41 50
215509 P140954 2009 6 13 -7.3999 156.6107 2009 7 15 -7.4067 156.8573 38 46
215524 P142115 2009 6 13 -7.3999 156.6107 2009 7 13 -8.2193 158.696 50 48
215577 P142137 2009 6 13 -7.3999 156.6107 2009 7 19 -7.398 156.8373 47 48
215586 P142140 2009 6 13 -7.3999 156.6107 2009 7 31 -8.8966 159.2432 48 52
215595 P140998 2009 6 13 -7.3999 156.6107 2009 7 18 -7.3487 156.766 48 33.5
215906 P139936 2009 6 13 -7.3999 156.6107 2009 7 15 -7.4067 156.8572 50 56
215984 P139977 2009 6 13 -7.3999 156.6107 2009 7 14 -8.5647 158.8807 50 37
216012 P139993 2009 6 13 -7.3999 156.6107 2009 7 25 -8.7387 158.8473 47 48
216061 P141542 2009 6 13 -7.3999 156.6107 2009 7 2 -8.3447 159.054 50 56
216087 P141560 2009 6 13 -7.3999 156.6107 2009 7 17 -8.7291 159.3205 47 45
216092 P141562 2009 6 13 -7.3999 156.6107 2009 7 18 -7.3487 156.766 50 52
216098 P141305 2009 6 13 -7.3999 156.6107 2009 7 14 -8.5647 158.8807 45 42
216102 P141307 2009 6 13 -7.3999 156.6107 2009 7 15 -7.4067 156.8573 48 52
216106 P141308 2009 6 13 -7.3999 156.6107 2009 7 13 -8.4773 159.2773 38 40
216240 P141364 2009 6 13 -7.3999 156.6107 2009 7 15 -7.5047 156.9647 42 53
216261 P141371 2009 6 13 -7.3999 156.6107 2009 7 6 -8.2667 158.9667 51 32
216311 P141390 2009 6 13 -7.3999 156.6107 2009 7 15 -7.5045 156.9648 49 53
216315 P141392 2009 6 13 -7.3999 156.6107 2009 7 25 -8.7367 158.8307 52 49
216407 P141086 2009 6 13 -7.3999 156.6107 2009 7 7 -9.0967 157.6592 38 42
216524 P140412 2009 6 13 -7.3999 156.6107 2009 7 4 -9.0353 157.7253 40 46
216586 P141605 2009 6 13 -7.3999 156.6107 2009 7 30 -8.7333 159.256 53 53
216587 P141606 2009 6 13 -7.3999 156.6107 2009 7 14 -8.478 158.774 51 44
216596 P140438 2009 6 13 -7.3999 156.6107 2009 7 26 -8.5427 159.286 50 49
216633 P141632 2009 6 13 -7.3999 156.6107 2009 7 30 -8.736 158.67 49 50
216635 P141633 2009 6 13 -7.3999 156.6107 2009 7 15 -7.356 156.55 44 51
216694 P140468 2009 6 13 -7.3999 156.6107 2009 7 10 -9.4933 158.5647 38 53
216712 P141656 2009 6 13 -7.3999 156.6107 2009 7 13 -8.2193 158.696 48 38
216730 P141668 2009 6 13 -7.3999 156.6107 2009 7 25 -8.7387 158.8473 50 56
216765 P141681 2009 6 13 -7.3999 156.6107 2009 7 17 -8.5 159.1667 53 45
216771 P140483 2009 6 13 -7.3999 156.6107 2009 7 23 -8.6293 159.052 45 56
216778 P141686 2009 6 13 -7.3999 156.6107 2009 7 25 -8.508 158.8133 51 50
216781 P141687 2009 6 13 -7.3999 156.6107 2009 7 28 -8.6686 159.1866 50 46
216794 P140899 2009 6 13 -7.3999 156.6107 2009 7 16 -7.5173 156.1807 39 45
216881 P141901 2009 6 13 -7.3999 156.6107 2009 7 25 -8.7387 158.8473 50 58
216939 P141917 2009 6 13 -7.3999 156.6107 2009 7 26 -8.5427 159.286 49 45
216947 P141922 2009 6 13 -7.3999 156.6107 2009 7 17 -8.7293 159.32 51 51
216954 P141926 2009 6 13 -7.3999 156.6107 2009 7 1 -8.4787 158.7173 51 50
216989 P141958 2009 6 13 -7.3999 156.6107 2009 7 21 -8.044 158.6187 52 55
217041 P141981 2009 6 13 -7.3999 156.6107 2009 7 17 -7.4248 156.0742 51 51
217047 P141984 2009 6 13 -7.3999 156.6107 2009 7 2 -8.6893 159.0147 50 55
217366 P141228 2009 6 13 -7.3999 156.6107 2009 7 1 -8.2533 158.456 51 51
217381 P141230 2009 6 13 -7.3999 156.6107 2009 7 21 -7.4313 156.7774 47 48
217385 P141232 2009 6 13 -7.3999 156.6107 2009 7 1 -8.4787 158.7173 52 52
217525 P141271 2009 6 13 -7.3999 156.6107 2009 7 6 -8.817 157.326 48 50
217587 P141284 2009 6 13 -7.3999 156.6107 2009 7 13 -8.4773 159.2773 38 43
217682 P141406 2009 6 13 -7.3999 156.6107 2009 7 10 -9.4933 158.5647 52 54
217730 P141432 2009 6 13 -7.3999 156.6107 2009 7 15 -7.4067 156.8573 40 40
217947 P141855 2009 6 13 -7.3999 156.6107 2009 7 9 -9.49 158.1028 48 50
217952 P141857 2009 6 13 -7.3999 156.6107 2009 7 26 -8.5427 159.286 39 43
218451 Z77412 2009 6 13 -7.3999 156.6107 2009 7 14 -8.5647 158.8807 35 38
218486 Z77447 2009 6 13 -7.3999 156.6107 2009 7 17 -8.2 158.896 37 61
218778 P142007 2009 6 13 -7.3999 156.6107 2009 7 6 -9.3894 158.8906 38 47
218802 P142019 2009 6 13 -7.3999 156.6107 2009 7 24 -8.0507 156.4613 48 48
218854 P142053 2009 6 13 -7.3999 156.6107 2009 7 2 -8.4833 158.7927 49 50
218856 P142055 2009 6 13 -7.3999 156.6107 2009 7 7 -8.294 158.5871 48 62
218862 P142059 2009 6 13 -7.3999 156.6107 2009 7 10 -9.4931 158.5648 41 55
218872 P142066 2009 6 13 -7.3999 156.6107 2009 7 15 -7.356 156.55 49 47
218881 P142072 2009 6 13 -7.3999 156.6107 2009 7 4 -9.0353 157.7253 52 50
218906 P141114 2009 6 13 -7.3999 156.6107 2009 7 14 -8.5647 158.8807 43 40
218968 P141154 2009 6 13 -7.3999 156.6107 2009 7 5 -8.2255 158.5759 42 50
218996 P141171 2009 6 13 -7.3999 156.6107 2009 7 13 -8.4773 159.2773 39 40
218999 P141173 2009 6 13 -7.3999 156.6107 2009 7 17 -8.7291 159.3205 48 50
219012 P141182 2009 6 13 -7.3999 156.6107 2009 7 28 -8.3832 158.8567 47 47
219016 P141184 2009 6 13 -7.3999 156.6107 2009 7 15 -7.4067 156.8573 40 44
219025 P141191 2009 6 13 -7.3999 156.6107 2009 7 18 -7.3487 156.766 48 51
219029 P141195 2009 6 13 -7.3999 156.6107 2009 7 15 -7.4067 156.8573 39 38
219163 Z76743 2009 6 13 -7.3999 156.6107 2009 7 17 -7.4273 156.0747 35 42
219350 P141721 2009 6 13 -7.3999 156.6107 2009 7 13 -8.2193 158.696 39 58
219379 P141735 2009 6 13 -7.3999 156.6107 2009 7 16 -8.2947 158.8027 51 54
219382 P141738 2009 6 13 -7.3999 156.6107 2009 7 30 -8.7333 159.256 38 50
219397 P141748 2009 6 13 -7.3999 156.6107 2009 7 25 -8.7367 158.8307 48 54
219440 P141778 2009 6 13 -7.3999 156.6107 2009 7 14 -8.2887 158.9693 48 55
219455 P141786 2009 6 13 -7.3999 156.6107 2009 7 1 -8.2713 158.972 55 63
219465 P141788 2009 6 13 -7.3999 156.6107 2009 7 15 -7.4067 156.8573 39 42
215330 P142181 2009 6 13 -7.3473 156.4429 2009 7 19 -7.398 156.8373 41 50
217241 P142223 2009 6 13 -7.3473 156.4429 2009 7 17 -7.4232 156.078 48 44
217277 P142243 2009 6 13 -7.3473 156.4429 2009 7 30 -8.7333 159.256 51 54
217305 P142260 2009 6 13 -7.3473 156.4429 2009 7 19 -7.398 156.8373 50 32
217321 P142270 2009 6 13 -7.3473 156.4429 2009 7 13 -8.4772 159.2772 40 52
217330 P142276 2009 6 13 -7.3473 156.4429 2009 7 15 -7.4066 156.8572 51 55
217351 P142287 2009 6 13 -7.3473 156.4429 2009 7 3 -9.152 158.476 46 50
217719 P142526 2009 6 13 -7.3473 156.4429 2009 7 22 -8.2053 158.7627 49 55
218798 P142306 2009 6 13 -7.3473 156.4429 2009 7 4 -9.0353 157.7253 50 50
218953 P142347 2009 6 13 -7.3473 156.4429 2009 7 13 -8.4773 159.2773 46 45
219013 P142097 2009 6 13 -7.3473 156.4429 2009 7 30 -8.7333 159.256 43 47
219069 P142372 2009 6 13 -7.3473 156.4429 2009 7 4 -9.084 158.5747 52 45
219351 P142403 2009 6 13 -7.3397 156.3453 2009 7 19 -7.398 156.8373 42 45
220176 P142915 2009 6 13 -7.3364 156.2231 2009 7 17 -7.4233 156.078 38 46
220188 P142927 2009 6 13 -7.3364 156.2231 2009 7 13 -8.4772 159.2773 39 50
220189 P142928 2009 6 13 -7.3364 156.2231 2009 7 2 -8.4833 158.7927 47 49
223427 P145846 2009 7 22 6.9757 158.0874 2009 7 28 7.0117 158.1858 52 56
H8774 1788 2009 5 20 32.7333 142.4667 2009 7 7 37.75 148.2167 50 60
H8824 1789 2009 6 4 31.0167 145.7833 2009 7 12 38 145.5 42 46.2
H8732 1790 2009 4 15 28.9 135.25 2009 7 6 36.7667 151.5333 37 44
H8778 1791 2009 5 20 32.7333 142.4667 2009 7 19 39.3333 149.1667 49 52
H8860 1792 2009 6 4 31.5167 145.9833 2009 7 28 39.3333 148.2667 41 50
