613
id tag_no yr mo day lat lon yr_rec mo_rec day_rec lat_rec lon_rec len_rel len_rec
22927 P18808 2007 2 20 -5.7776 155.8412 2009 12 20 -2.0783 144.3402 46 NA
25183 P19984 2007 2 26 -6.489 150.4272 2009 12 5 -3.7691 148.1935 47 54
47785 P35245 2007 4 16 -1.5774 150.8157 2009 12 10 -1.6819 186.3678 49 73
71187 A11969 2007 11 13 -8.6308 158.4617 2009 12 17 -9.79 155.7906 48 70
85575 P55397 2008 3 4 -9.625 159.4537 2009 12 7 -8.5627 156.5524 38 67
95394 A15234 2008 3 31 -9.9689 160.0491 2009 12 11 -9.208 156.137 38 57
100579 Z43772 2008 4 2 -8.3586 159.0436 2009 12 9 -2.2113 178.694 37 60
115061 P70227 2008 7 24 7.1303 157.9405 2009 12 5 -1.2794 187.128 51 50
121133 P74572 2008 8 23 5.1743 132.115 2009 12 13 12 118.45 40 NA
121773 P87288 2008 8 25 3.046 131.2585 2009 12 13 12 118.45 43 NA
124129 P77070 2008 8 27 4.8383 132.0862 2009 12 17 -3.0179 145.0933 62 70
125981 Z53463 2008 8 31 6.7505 130.6355 2009 12 22 6.6531 127.5837 33 NA
127482 P77681 2008 9 13 9.6378 118.9062 2009 12 14 9 123 47 61
133061 P83626 2008 10 5 0.2554 130.8246 2009 12 26 3.3333 128.5 39 49
133504 P91859 2008 10 6 1.0501 130.6411 2009 12 15 -3.4839 149.381 39 NA
140362 P94987 2008 10 14 -4.1522 128.0588 2009 12 23 -7.168 159.5502 37 60
141091 P93179 2008 10 17 -4.2159 128.4837 2009 12 29 -1.0892 128.8412 39 44
144823 P96721 2008 10 20 -3.5979 132.3994 2009 12 17 -1.2373 128.7255 38 49
148441 Z58558 2008 10 22 -1.9099 129.1432 2009 12 17 -1.2373 128.7255 34 42
149287 P84672 2008 10 22 -1.5244 129.1438 2009 12 27 -8.4987 155.374 42 62
150782 P85382 2008 10 24 -0.5079 131.4001 2009 12 12 -2.5022 141.9324 42 54
162707 P103954 2008 11 21 -5.3063 155.8433 2009 12 16 -1.8039 189.3216 39 42
164296 Z61924 2008 11 21 -5.576 155.6254 2009 12 1 -2.64 143.047 35 NA
169091 P113047 2009 3 17 -10.9713 154.0614 2009 12 2 -5.0617 165.1456 57 65
169204 P104427 2009 3 17 -10.7611 153.9889 2009 12 2 -3.6253 168.036 46 55
169259 P104280 2009 3 17 -10.7611 153.9889 2009 12 16 2.6512 166.7872 47 65
169594 Z63130 2009 3 17 -11.1729 153.4797 2009 12 25 -8.819 155.839 33 48
169731 Z62260 2009 3 17 -11.1729 153.4797 2009 12 26 0 133 32 NA
169823 P104400 2009 3 18 -10.8417 153.8687 2009 12 15 -10.3473 158.0487 58 68.5
170313 P104905 2009 3 18 -10.8417 153.8687 2009 12 20 -8.8667 156.2833 54 NA
170510 P105116 2009 3 18 -10.8417 153.8687 2009 12 14 -8.223 157.191 52 70
170614 P104657 2009 3 18 -10.8417 153.8687 2009 12 18 -9.78 155.7853 53 66
170644 P104687 2009 3 18 -10.8417 153.8687 2009 12 24 -9.969 157.175 53 66
170982 Z62699 2009 3 18 -10.8589 153.3492 2009 12 6 -0.9853 159.4426 35 56
171254 Z63656 2009 3 18 -10.8015 153.2572 2009 12 20 -8.55 155.152 35 50.6
172842 P106244 2009 3 19 -10.2755 153.5264 2009 12 15 -2.1193 189.0326 48 52
173015 Z64634 2009 3 19 -10.2555 153.5225 2009 12 18 -8.574 155.303 36 51.9
175099 Z65856 2009 3 20 -10.5194 153.5019 2009 12 24 -9.69 157.284 34 49
175884 P105872 2009 3 20 -10.8701 153.5112 2009 12 2 -5.0617 165.1456 52 59.5
176174 Z72261 2009 3 21 -10.8188 154.3479 2009 12 2 -5.2287 166.626 38 49
176186 Z72273 2009 3 21 -10.8188 154.3479 2009 12 20 -8.8667 156.2833 36 NA
176261 P105710 2009 3 21 -10.8188 154.3479 2009 12 10 -10.2807 157.3493 40 50
176390 Z72322 2009 3 21 -10.8188 154.3479 2009 12 5 -2.4667 142.6333 34 41
176483 Z72372 2009 3 21 -10.8188 154.3479 2009 12 10 -2.766 187.8133 37 43
176609 P107007 2009 3 21 -10.8188 154.3479 2009 12 16 -9.6933 157.275 46 50
176618 P106409 2009 3 21 -10.8188 154.3479 2009 12 11 -9.208 156.137 43 54
176726 P107059 2009 3 21 -10.8188 154.3479 2009 12 15 -9.983 156.869 40 48
176765 P107098 2009 3 21 -10.8188 154.3479 2009 12 28 -4.0923 146.2577 39 NA
176797 P106611 2009 3 21 -10.8188 154.3479 2009 12 12 -1.9786 187.8427 39 53
177248 P107121 2009 3 21 -10.9323 155.1699 2009 12 9 -1.448 186.172 61 65
177275 P107148 2009 3 21 -10.9323 155.1699 2009 12 7 -8.226 157.199 45 54
177604 Z72415 2009 3 22 -10.4116 156.0432 2009 12 15 -1.3404 173.5012 33 NA
177700 Z72437 2009 3 22 -10.1412 156.2041 2009 12 2 -5.2287 166.626 33 55
177702 Z72614 2009 3 22 -10.1412 156.2041 2009 12 24 -7.8613 155.4653 34 51
177705 Z72617 2009 3 22 -10.1412 156.2041 2009 12 25 -8.3562 154.8719 37 56
181627 P110650 2009 3 29 4.9756 156.0328 2009 12 29 -6.1597 157.3721 40 57
182062 P111325 2009 3 29 5.2514 156.295 2009 12 18 -3.9 188.0833 61 NA
182330 P111483 2009 3 31 6.6368 157.6502 2009 12 13 -7.3473 160.2647 52 60
182611 P111681 2009 3 31 6.6368 157.6502 2009 12 16 -2.1353 184.8506 53 68.5
183145 P112327 2009 4 1 8.6006 157.9451 2009 12 4 -0.844 172.842 51 65
183798 P113823 2009 4 2 6.7504 157.7837 2009 12 7 1 179 45 58
185668 P114596 2009 4 7 5.0387 165.0056 2009 12 10 0.2547 170.95 39 42
186470 P116055 2009 4 18 5.8847 169.4415 2009 12 2 -1.508 169.8573 42 58
186872 P116734 2009 4 19 6.1696 171.4228 2009 12 7 -3.2184 187.801 53 47
187041 P116676 2009 4 19 6.1696 171.4228 2009 12 20 -8.8667 156.2833 56 NA
188475 P120147 2009 4 27 1.9929 172.8551 2009 12 10 -2.3447 186.2733 45 65
188599 P118613 2009 4 27 1.9929 172.8551 2009 12 17 -2.1647 189.855 46 79
189735 P118273 2009 4 27 1.9929 172.8551 2009 12 19 -11.4187 157.4633 45 58
190436 P118575 2009 4 27 1.9929 172.8551 2009 12 15 -1.3404 173.5012 47 NA
190455 P118583 2009 4 27 1.9929 172.8551 2009 12 24 -2.8933 185.4854 46 55
189346 P120661 2009 4 27 2.0129 173.0204 2009 12 25 2.7333 266.5333 46 NA
189944 P120578 2009 4 27 2.0129 173.0204 2009 12 28 -7.3753 154.3947 44 60
191282 P119847 2009 4 28 2.0774 173.2645 2009 12 2 -6.1736 180.1058 46 NA
193764 P122843 2009 4 30 1.1627 173.0142 2009 12 1 -3.4667 180.4333 47 60
194053 P123437 2009 4 30 0.5327 173.691 2009 12 20 -8.8667 156.2833 46 NA
194074 P123390 2009 4 30 0.5327 173.691 2009 12 24 -7.8612 155.4653 43 50
194410 P123657 2009 5 1 0.4647 173.7252 2009 12 7 -3.9642 186.217 43 53
195921 P124632 2009 5 3 1.9127 172.7714 2009 12 13 -2.3819 171.3689 47 44
195309 P125754 2009 5 3 1.9712 172.8395 2009 12 6 -0.9973 187.7927 42 42
195422 P125468 2009 5 3 1.9712 172.8395 2009 12 7 -1.9587 172.2887 46 57
195450 P125496 2009 5 3 1.9712 172.8395 2009 12 20 -8.8667 156.2833 46 NA
195459 P126005 2009 5 3 1.9712 172.8395 2009 12 20 -8.8667 156.2833 44 NA
195503 P126049 2009 5 3 1.9712 172.8395 2009 12 21 3.6953 174.8861 44 61
195772 P127219 2009 5 3 1.9712 172.8395 2009 12 15 -3.8167 183.4 46 40
196154 P125665 2009 5 3 1.9712 172.8395 2009 12 10 -4.0041 182.518 45 62
196894 P124909 2009 5 3 1.9712 172.8395 2009 12 2 -0.4828 167.7419 43 58
197058 P125369 2009 5 3 1.9712 172.8395 2009 12 29 -5.7915 162.9324 45 54
197062 P125373 2009 5 3 1.9712 172.8395 2009 12 20 -8.8667 156.2833 45 NA
197150 P125961 2009 5 3 1.9712 172.8395 2009 12 10 -2.3447 186.2733 46 65
197180 P125987 2009 5 3 1.9712 172.8395 2009 12 17 -2.1647 189.855 43 56
197585 P127184 2009 5 3 1.9712 172.8395 2009 12 16 -2.137 184.861 43 58
197810 P127667 2009 5 3 1.9712 172.8395 2009 12 6 -3.8793 167.7759 40 60
198502 P125090 2009 5 3 1.9712 172.8395 2009 12 4 -0.844 172.842 45 60
198649 P126156 2009 5 3 1.9712 172.8395 2009 12 20 -4.8455 184.5338 45 49
198863 P127447 2009 5 3 1.9712 172.8395 2009 12 6 -5.312 166.6207 43 57.5
197980 P128037 2009 5 3 2.0061 172.8336 2009 12 24 7.1007 171.3707 45 60
199120 P128289 2009 5 3 2.0061 172.8336 2009 12 15 3.5 179 45 58.6
199142 P128300 2009 5 3 2.0061 172.8336 2009 12 10 -2.7373 186.432 42 60
197388 P128552 2009 5 3 1.9932 172.7902 2009 12 16 -10.096 157.61 43 50
198223 P129019 2009 5 3 1.9932 172.7902 2009 12 10 0.064 171.242 44 57
199209 P128728 2009 5 4 1.1594 173.0112 2009 12 11 -0.7553 166.1857 54 47
199250 P128837 2009 5 4 1.1594 173.0112 2009 12 13 -5.3 187.4 44 66
199724 P128928 2009 5 4 1.1594 173.0112 2009 12 27 -8.753 155.727 42 52
199882 P128990 2009 5 4 1.1594 173.0112 2009 12 4 -3.9553 173.3827 47 61
203427 P132583 2009 5 8 1.6522 172.326 2009 12 23 -7.2847 159.7373 43 58
203567 P132735 2009 5 8 1.4667 172.3333 2009 12 15 -3.8167 183.4 46 40
203907 P132765 2009 5 11 -0.6198 174.1319 2009 12 5 -4.3441 170.5165 47 48
205124 P134662 2009 5 30 -11.2793 166.4091 2009 12 18 -9.7853 155.7867 43 52
205415 Z72924 2009 5 31 -10.7499 166.2696 2009 12 23 -7.2847 159.7373 37 53.7
206314 P135074 2009 6 2 -10.4216 161.1543 2009 12 7 -8.226 157.199 46 50
206103 P134374 2009 6 2 -10.3662 160.953 2009 12 10 -10.2807 157.3493 44 52.5
206203 P134903 2009 6 2 -10.3662 160.953 2009 12 2 -3.5587 168.008 47 53
206268 P134968 2009 6 2 -10.3662 160.953 2009 12 4 -3.9553 173.3827 40 49
207097 Z40019 2009 6 2 -10.3662 160.953 2009 12 7 -8.226 157.199 33 45
207219 P136873 2009 6 7 -8.277 159.0111 2009 12 10 -9.932 157.586 41 51
207257 Z40366 2009 6 7 -8.277 159.0111 2009 12 16 -9.6933 157.275 36 50
210104 P136742 2009 6 7 -8.277 159.0111 2009 12 7 -8.5627 156.5524 43 NA
210248 P135801 2009 6 7 -8.277 159.0111 2009 12 7 -8.5627 156.5524 39 45
210268 P135809 2009 6 7 -8.277 159.0111 2009 12 7 -8.5627 156.5524 48 56
210421 P136359 2009 6 7 -8.277 159.0111 2009 12 3 -8.6419 159.0577 38 58
207368 P138263 2009 6 7 -8.3406 158.8847 2009 12 28 -8.7567 160.7417 51 45
207456 Z73570 2009 6 7 -8.3406 158.8847 2009 12 3 -8.6419 159.0577 36 42
209400 P137701 2009 6 7 -8.3406 158.8847 2009 12 7 -8.5627 156.5524 41 48
213055 Z74717 2009 6 10 -8.8185 158.5662 2009 12 2 -8.47 158.619 37 49
213001 Z74677 2009 6 10 -8.7663 158.612 2009 12 7 -8.5627 156.5524 34 43
213930 P140011 2009 6 11 -9.1654 157.7221 2009 12 24 -8.3892 154.8551 48 56
213998 P140033 2009 6 11 -9.2481 157.6559 2009 12 24 -9.1167 155.7 38 51.2
214408 P140202 2009 6 11 -9.2481 157.6559 2009 12 27 -8.753 155.727 49 57
214456 P140240 2009 6 11 -9.2481 157.6559 2009 12 14 -10.6233 156.4173 47 55
214215 P139331 2009 6 11 -9.2092 157.5513 2009 12 13 -9.9387 157.4773 47 53
214232 P139420 2009 6 11 -9.2092 157.5513 2009 12 15 -10.288 158.1293 50 53
214326 P139373 2009 6 11 -9.2092 157.5513 2009 12 11 -9.4453 157.5107 42 35
214332 P139376 2009 6 11 -9.2092 157.5513 2009 12 6 -3.542 167.6913 45 51
214470 P140334 2009 6 11 -9.2092 157.5513 2009 12 15 -10.3473 158.0487 49 48.5
215612 P142158 2009 6 13 -7.3999 156.6107 2009 12 1 -2.92 159.0407 43 60
215620 P142166 2009 6 13 -7.3999 156.6107 2009 12 13 -8.995 159.734 39 44
215792 Z77138 2009 6 13 -7.3999 156.6107 2009 12 31 -5.346 158.385 37 46
215896 P139930 2009 6 13 -7.3999 156.6107 2009 12 31 -8.983 154.165 41 48
216211 P141347 2009 6 13 -7.3999 156.6107 2009 12 7 -8.605 156.488 39 46
216244 P141366 2009 6 13 -7.3999 156.6107 2009 12 7 -8.5627 156.5524 41 46
216336 Z76848 2009 6 13 -7.3999 156.6107 2009 12 1 -2.9199 159.0406 34 61
216748 P141675 2009 6 13 -7.3999 156.6107 2009 12 3 -8.6419 159.0577 48 49
216756 P140882 2009 6 13 -7.3999 156.6107 2009 12 7 -8.5627 156.5524 38 50
216813 Z76606 2009 6 13 -7.3999 156.6107 2009 12 7 -8.5627 156.5524 37 45
216837 P141696 2009 6 13 -7.3999 156.6107 2009 12 7 -8.5627 156.5524 51 60
216907 Z76527 2009 6 13 -7.3999 156.6107 2009 12 24 -9.1167 155.7 35 48.5
217013 Z76544 2009 6 13 -7.3999 156.6107 2009 12 1 -0.582 172.1767 37 52
217120 Z76600 2009 6 13 -7.3999 156.6107 2009 12 1 -0.582 172.1767 38 51
217125 Z75805 2009 6 13 -7.3999 156.6107 2009 12 29 -7.579 149.7643 37 48
217251 Z75893 2009 6 13 -7.3999 156.6107 2009 12 29 -8.365 159.119 35 38
217315 P141218 2009 6 13 -7.3999 156.6107 2009 12 9 -2.5199 159.1915 38 NA
217708 P141420 2009 6 13 -7.3999 156.6107 2009 12 18 -10.0832 156.0567 39 50
217862 P141808 2009 6 13 -7.3999 156.6107 2009 12 11 -7.085 150.3358 38 50
217885 P141829 2009 6 13 -7.3999 156.6107 2009 12 7 -8.5627 156.5524 41 56
218354 Z75954 2009 6 13 -7.3999 156.6107 2009 12 6 -5.1673 166.9286 36 42
218546 Z75969 2009 6 13 -7.3999 156.6107 2009 12 24 -7.8613 155.4653 35 51
218555 Z75978 2009 6 13 -7.3999 156.6107 2009 12 23 -7.1643 152.4153 37 47
218686 Z76424 2009 6 13 -7.3999 156.6107 2009 12 24 -9.1167 155.7 37 48.6
218783 Z76498 2009 6 13 -7.3999 156.6107 2009 12 27 -8.753 155.727 35 50
219349 P141720 2009 6 13 -7.3999 156.6107 2009 12 14 -10.074 156.718 38 52
219475 P141797 2009 6 13 -7.3999 156.6107 2009 12 7 -8.5627 156.5524 45 55
219066 Z77710 2009 6 13 -7.3473 156.4429 2009 12 20 -8.8667 156.2833 35 NA
215194 Z77930 2009 6 13 -7.3397 156.3453 2009 12 6 -5.312 166.6207 33 50
218049 Z77382 2009 6 13 -7.3397 156.3453 2009 12 3 -8.6419 159.0577 36 52
219654 Z78203 2009 6 13 -7.3397 156.3453 2009 12 18 -9.78 155.7853 34 47
219658 Z78207 2009 6 13 -7.3397 156.3453 2009 12 20 -8.0167 152.8667 33 47.9
215067 Z78140 2009 6 13 -7.3364 156.2231 2009 12 2 -4.8298 166.3828 36 50
215139 P142615 2009 6 13 -7.3364 156.2231 2009 12 7 -8.5627 156.5524 38 52
215142 P142618 2009 6 13 -7.3364 156.2231 2009 12 11 -9.208 156.137 40 50
218360 Z78513 2009 6 13 -7.3364 156.2231 2009 12 31 -8.983 154.165 37 49
220027 Z78061 2009 6 13 -7.3364 156.2231 2009 12 18 -11.4187 157.4633 35 34
223638 P143041 2009 7 22 6.9757 158.0874 2009 12 30 -2.5653 185.7553 53 57
225100 Z79478 2009 7 27 -0.3306 155.4563 2009 12 8 -1.228 170.1993 37 38
225319 P144143 2009 7 31 -0.7469 148.1824 2009 12 11 -9.208 156.137 52 61
225505 P143378 2009 7 31 -0.7469 148.1824 2009 12 15 -4.0269 150.1615 40 NA
225508 P143381 2009 7 31 -0.7469 148.1824 2009 12 20 -8.327 154.902 39 48.5
225553 Z79755 2009 7 31 -0.7469 148.1824 2009 12 14 -2.2479 142.5836 36 NA
225597 P143863 2009 7 31 -0.7469 148.1824 2009 12 27 -5.1314 149.7005 50 52
225865 Z80528 2009 8 1 1.9996 147.0398 2009 12 11 -5.6817 166.5892 35 51
226081 Z80279 2009 8 1 1.9996 147.0398 2009 12 14 -4.244 157.8553 33 51
226083 Z80281 2009 8 1 1.9996 147.0398 2009 12 27 -5.1314 149.7005 35 59
226098 Z80296 2009 8 1 1.9996 147.0398 2009 12 6 -0.1067 171.7247 33 51
226151 Z79504 2009 8 2 -0.025 147.0098 2009 12 22 -2.0833 144.4333 35 47
226258 P144327 2009 8 2 -0.025 147.0098 2009 12 9 0.418 143.86 40 NA
226362 P144731 2009 8 2 -0.025 147.0098 2009 12 9 0.418 143.86 40 NA
226482 Z79958 2009 8 2 -0.025 147.0098 2009 12 11 -3.6473 149.2842 36 50
226500 Z79976 2009 8 2 -0.025 147.0098 2009 12 9 0.418 143.86 35 NA
226573 P144462 2009 8 2 -0.025 147.0098 2009 12 23 0.0485 143.0697 38 NA
226587 Z80311 2009 8 2 -0.025 147.0098 2009 12 23 0.0485 143.0697 37 NA
226653 Z80377 2009 8 2 -0.025 147.0098 2009 12 9 0.418 143.86 37 NA
226751 Z80431 2009 8 2 -0.025 147.0098 2009 12 18 -2.52 148.702 35 41
226789 Z80469 2009 8 2 -0.025 147.0098 2009 12 15 -0.138 145.081 36 30
226816 Z80496 2009 8 2 -0.025 147.0098 2009 12 3 -2.55 148.0333 38 45
226970 Z79588 2009 8 3 -2.1687 148.715 2009 12 5 -4.3112 149.7298 35 50
226973 P145024 2009 8 3 -2.1687 148.715 2009 12 10 -2.084 143.44 38 47
227033 P145084 2009 8 3 -2.1687 148.715 2009 12 5 -4.3125 149.729 37 48
227171 Z80903 2009 8 3 -2.1687 148.715 2009 12 2 -3.9855 150.2973 37 47
227241 P144476 2009 8 3 -2.1687 148.715 2009 12 20 -5.25 149.1667 38 45
227270 P144489 2009 8 3 -2.1687 148.715 2009 12 5 -4.4333 150.85 39 45
227272 Z80672 2009 8 3 -2.1687 148.715 2009 12 28 -6.9902 149.8635 37 NA
227417 P145132 2009 8 3 -2.1687 148.715 2009 12 27 -5.1314 149.7005 39 48
227560 P144655 2009 8 4 -2.36 148.666 2009 12 15 -3.9021 147.613 39 56
227611 P145206 2009 8 4 -2.36 148.666 2009 12 31 -2.912 148.565 38 53
227622 P145217 2009 8 4 -2.36 148.666 2009 12 5 -4.463 150.8722 40 28
227734 P145472 2009 8 4 -2.36 148.666 2009 12 30 -6.6639 150.0363 38 36
227773 P145495 2009 8 4 -2.36 148.666 2009 12 11 -0.9252 166.2333 55 53
228196 P146074 2009 8 5 -2.8316 150.6789 2009 12 7 -7.2587 148.767 55 49
228222 P146100 2009 8 5 -2.8316 150.6789 2009 12 3 -3.7 146.45 50 40
228248 P145633 2009 8 5 -2.8316 150.6789 2009 12 17 -9.183 154.893 52 56
228271 P145656 2009 8 5 -2.8316 150.6789 2009 12 5 -3.7691 148.1935 53 54
228564 P146826 2009 8 5 -2.8316 150.6789 2009 12 1 -0.2995 171.6567 49 64
228648 P146510 2009 8 5 -2.8316 150.6789 2009 12 21 -7.4833 154.1333 52 56
228681 P146543 2009 8 5 -2.8316 150.6789 2009 12 22 -5.2226 152.6342 53 46
228731 P146593 2009 8 5 -2.8316 150.6789 2009 12 5 -4.312 149.73 53 48
228893 P147306 2009 8 5 -2.8316 150.6789 2009 12 5 -4.3162 149.7298 42 50
228946 P147340 2009 8 5 -2.8316 150.6789 2009 12 9 -1.25 157.5 52 60.5
229145 P146962 2009 8 5 -2.8316 150.6789 2009 12 7 -7.2587 148.767 51 NA
229185 P146302 2009 8 5 -2.8316 150.6789 2009 12 5 -4.463 150.8722 51 40
229188 P146305 2009 8 5 -2.8316 150.6789 2009 12 23 -3.2033 148.6661 57 59
229357 P146392 2009 8 5 -2.8316 150.6789 2009 12 4 0.0134 158.798 51 63
229825 P147710 2009 8 8 -3.2446 150.8874 2009 12 28 -7.278 154.121 50 42
229876 P147761 2009 8 8 -3.2446 150.8874 2009 12 17 -2.418 148.8094 51 62
229878 P147763 2009 8 8 -3.2446 150.8874 2009 12 11 -4.05 150.1833 50 51
229904 P147789 2009 8 8 -3.2446 150.8874 2009 12 3 -4.7047 150.502 53 56
229910 P147795 2009 8 8 -3.2446 150.8874 2009 12 22 -3.6833 150.0333 51 56
230214 P148143 2009 8 8 -3.2446 150.8874 2009 12 2 -3.9855 150.2973 52 54
230301 P148509 2009 8 8 -3.2446 150.8874 2009 12 3 -2.55 148.0333 51 51
230335 P148536 2009 8 8 -3.2446 150.8874 2009 12 9 -3.867 150.483 50 52
230387 P148573 2009 8 8 -3.2446 150.8874 2009 12 11 -4.05 150.1833 51 52
230470 P147801 2009 8 8 -3.2446 150.8874 2009 12 15 -3.6067 150.0117 51 NA
230642 P147875 2009 8 8 -3.2446 150.8874 2009 12 15 -4.1763 147.4427 57 NA
230656 P147879 2009 8 8 -3.2446 150.8874 2009 12 15 -4.1763 147.4427 53 NA
230667 P147885 2009 8 8 -3.2446 150.8874 2009 12 26 -5.2751 149.1901 55 53
230849 P148015 2009 8 8 -3.2446 150.8874 2009 12 11 -3.6473 149.2842 49 55
230896 P148062 2009 8 8 -3.2446 150.8874 2009 12 25 -8.837 155.705 52 55
231024 P147990 2009 8 8 -3.2446 150.8874 2009 12 14 -11.694 155.058 52 56
231060 P148626 2009 8 8 -3.2446 150.8874 2009 12 11 -3.6473 149.2842 50 54
231106 P148672 2009 8 8 -3.2446 150.8874 2009 12 15 -3.7563 148.8299 51 NA
231223 P149507 2009 8 11 -5.0524 149.4018 2009 12 6 -4.1167 150.9833 41 47
231356 Z80112 2009 8 11 -5.0524 149.4018 2009 12 7 -7.2587 148.767 38 49
231682 P149251 2009 8 11 -5.2518 149.1974 2009 12 25 -4.967 149.483 42 49
232192 P149482 2009 8 12 -4.3136 150.1233 2009 12 23 -3.8045 147.975 47 NA
232204 P149494 2009 8 12 -4.3136 150.1233 2009 12 23 -3.8388 147.9313 48 56
232284 P148982 2009 8 12 -4.3136 150.1233 2009 12 9 -3.883 150.4846 43 52
232293 P150002 2009 8 12 -4.3333 150.1441 2009 12 18 -2.3246 148.7114 45 52
232372 P150057 2009 8 12 -4.3333 150.1441 2009 12 5 -4.433 150.85 46 47
232429 P149636 2009 8 12 -4.2397 150.1962 2009 12 17 -2.5 142.2167 51 45
232440 P149647 2009 8 12 -4.2397 150.1962 2009 12 3 -2.55 148.0333 42 50
232467 P149674 2009 8 12 -4.2397 150.1962 2009 12 10 -3.973 150.343 45 52
232517 P149327 2009 8 12 -4.2397 150.1962 2009 12 12 -5.03 157.8453 47 58
232557 P149367 2009 8 12 -4.2397 150.1962 2009 12 11 -3.6473 149.2842 43 51
232599 P150209 2009 8 12 -4.2397 150.1962 2009 12 9 -3.7567 150.5833 46 49
232789 P150372 2009 8 12 -4.2397 150.1962 2009 12 11 -6.571 158.553 50 54.8
232926 P150248 2009 8 12 -4.1825 149.5474 2009 12 20 -7.7459 150.2719 46 49
232974 P150296 2009 8 12 -4.1825 149.5474 2009 12 22 -6.7783 148.9702 43 NA
233017 P150421 2009 8 12 -4.1825 149.5474 2009 12 15 -4.1763 147.4427 43 NA
233148 Z80974 2009 8 13 -3.3104 148.5956 2009 12 15 -2.42 144.007 38 43
233283 P150598 2009 8 14 -2.8931 147.9715 2009 12 10 -3.973 150.343 47 57
233343 P150758 2009 8 14 -2.8931 147.9715 2009 12 7 -7.2587 148.767 40 NA
233667 P151270 2009 8 16 -1.7674 145.3322 2009 12 20 -3.761 150.167 40 45
233670 Z81003 2009 8 16 -1.7674 145.3322 2009 12 13 -2.192 143.817 33 41
233725 Z81316 2009 8 16 -1.7674 145.3322 2009 12 15 -4.05 150.1833 38 43.5
233765 Z81102 2009 8 16 -1.7674 145.3322 2009 12 3 -5.217 149.1 37 44
233795 Z81132 2009 8 16 -1.7674 145.3322 2009 12 3 -1.8333 151.4167 35 NA
233829 Z81166 2009 8 16 -1.7674 145.3322 2009 12 15 -2.42 144.007 36 NA
233852 Z81189 2009 8 16 -1.7674 145.3322 2009 12 26 -5.2751 149.1901 36 52
233907 Z80892 2009 8 16 -2.0888 144.606 2009 12 31 -2.912 148.565 37 43
233955 Z81356 2009 8 16 -2.0888 144.606 2009 12 3 -6.0741 151.9295 36 49
233997 Z81523 2009 8 16 -2.0888 144.606 2009 12 11 -4.05 150.1833 35 40
234050 Z81063 2009 8 16 -2.0888 144.606 2009 12 2 -3.9855 150.2973 37 48
234057 Z81070 2009 8 16 -2.0888 144.606 2009 12 6 -4.1167 150.9833 37 38
234154 P151949 2009 8 17 -2.3984 141.7955 2009 12 4 -2.0707 159.0913 47 56
234174 P150782 2009 8 17 -2.3984 141.7955 2009 12 10 -2.084 143.44 46 56
234233 Z81083 2009 8 22 -1.4058 135.9975 2009 12 12 -0.138 145.137 37 28
234540 P151546 2009 8 23 -0.534 134.3473 2009 12 13 1.5833 138.6667 41 NA
234562 Z81406 2009 8 23 -0.534 134.3473 2009 12 13 1.5833 138.6667 38 NA
234574 Z81418 2009 8 23 -0.534 134.3473 2009 12 5 -2.0274 142.8373 38 47
234812 Z81660 2009 8 23 -0.534 134.3473 2009 12 15 -1 117 37 NA
234958 P151863 2009 8 23 -0.534 134.3473 2009 12 25 -4.9667 149.4833 38 59
234981 P151622 2009 8 23 -0.534 134.3473 2009 12 13 1.5833 138.6667 43 NA
235068 P151668 2009 8 23 -0.534 134.3473 2009 12 13 1.5833 138.6667 39 NA
235103 P151728 2009 8 23 -0.534 134.3473 2009 12 13 12 118 38 NA
235183 P151788 2009 8 23 -0.534 134.3473 2009 12 3 -1.8667 151.7833 39 NA
235275 P152119 2009 8 23 -0.5184 134.2475 2009 12 6 4.5558 128.2647 37 47
235276 P152061 2009 8 23 -0.5184 134.2475 2009 12 29 -1.733 142.267 38 56
235605 P152456 2009 8 23 -0.4697 134.151 2009 12 15 -1.3404 173.5012 41 NA
236609 P152302 2009 8 24 0.5634 131.5582 2009 12 17 -1.2373 128.7255 40 48
236645 P152327 2009 8 24 0.5634 131.5582 2009 12 9 0.418 143.86 40 NA
236201 P152752 2009 8 24 0.6148 131.4894 2009 12 9 0.418 143.86 41 NA
236224 P152775 2009 8 24 0.6148 131.4894 2009 12 7 -2.7338 144.7243 40 NA
236292 P152943 2009 8 24 0.6148 131.4894 2009 12 16 4.4812 128.2378 41 48
236563 P153002 2009 8 24 0.6148 131.4894 2009 12 15 -0.138 145.081 37 45
236585 P153024 2009 8 24 0.6148 131.4894 2009 12 10 -2.084 143.44 39 43
236720 P152374 2009 8 24 0.6148 131.4894 2009 12 26 0 133 42 NA
236829 P152812 2009 8 24 0.6148 131.4894 2009 12 17 -1.2373 128.7255 43 45
237193 P153417 2009 8 29 -3.2099 123.6614 2009 12 29 -1.089 128.841 42 46
237288 P153875 2009 8 29 -3.2099 123.6614 2009 12 15 -0.138 145.081 45 50
237373 P153751 2009 8 29 -3.2099 123.6614 2009 12 17 -1.2373 128.7255 40 43
237379 P153758 2009 8 29 -3.2099 123.6614 2009 12 16 -3.5 123.5 38 48
237470 P153344 2009 8 29 -3.2099 123.6614 2009 12 16 -3.5 123.5 42 45
237471 P153346 2009 8 29 -3.2099 123.6614 2009 12 20 -2.3333 124.5 45 NA
237931 P154311 2009 9 1 -7.8073 122.7296 2009 12 15 2 118 39 NA
239345 Z83287 2009 9 2 -7.5865 123.9491 2009 12 16 -3.5 123.5 34 39
239683 P154875 2009 9 4 -2.8139 126.2661 2009 12 29 -1.089 128.841 42 41
239687 P154879 2009 9 4 -2.8139 126.2661 2009 12 29 -1.0892 128.8412 41 45
239738 P153595 2009 9 4 -2.8139 126.2661 2009 12 28 -3.5 123.5 40 40
240053 P155053 2009 9 4 -2.8139 126.2661 2009 12 10 -1 128 39 NA
240063 P154979 2009 9 4 -2.8139 126.2661 2009 12 28 -3.5 123.5 40 40
240285 P154800 2009 9 4 -2.8139 126.2661 2009 12 10 -1 128 39 NA
240469 P155281 2009 9 4 -2.8139 126.2661 2009 12 10 -1 128 39 NA
240964 P155436 2009 9 4 -2.8139 126.2661 2009 12 29 -1.0892 128.8412 41 48
241002 Z69227 2009 9 4 -2.8139 126.2661 2009 12 27 -3.5 123.5 38 41
241585 P155717 2009 9 7 3.8596 127.7471 2009 12 19 4.7258 128.2375 40 43
242053 P155555 2009 9 7 3.8596 127.7471 2009 12 3 3.288 130.2562 38 44
241827 Z84164 2009 9 7 3.9123 128.0136 2009 12 22 3.7813 128.2925 37 49
242143 Z83991 2009 9 8 2.3575 128.8662 2009 12 26 0 133 33 NA
242187 Z84508 2009 9 8 2.3575 128.8662 2009 12 12 -0.138 145.137 35 28
242504 Z84434 2009 9 9 1.06 130.0695 2009 12 17 -1.2373 128.7255 38 47
242572 P156002 2009 9 9 1.06 130.0695 2009 12 26 0 133 43 NA
242810 P155969 2009 9 9 1.06 130.0695 2009 12 17 -1.2373 128.7255 41 48
242860 P155987 2009 9 9 1.06 130.0695 2009 12 10 -1.9653 145.3272 42 49
242918 P156746 2009 9 9 1.06 130.0695 2009 12 17 -1.2373 128.7255 42 43
242919 P156747 2009 9 9 1.06 130.0695 2009 12 17 -1.2373 128.7255 43 44
243082 P156371 2009 9 9 1.06 130.0695 2009 12 14 4.0941 127.6567 43 49
243138 P155826 2009 9 9 1.06 130.0695 2009 12 15 -0.138 145.081 40 NA
243142 P155830 2009 9 9 1.06 130.0695 2009 12 17 -1.2373 128.7255 40 48
243269 P156937 2009 9 9 1.06 130.0695 2009 12 21 -0.1258 137.514 40 47
243490 P156169 2009 9 9 1.06 130.0695 2009 12 22 3.0558 130.0377 41 48
243695 P156419 2009 9 9 1.06 130.0695 2009 12 26 0 133 43 NA
244240 P155688 2009 9 9 1.06 130.0695 2009 12 17 -1.2373 128.7255 39 45
244400 Z84374 2009 9 9 1.06 130.0695 2009 12 14 4.0941 127.6567 37 48
243754 P157116 2009 9 9 1.0498 130.3672 2009 12 16 4.4812 128.2378 45 46
243869 P156991 2009 9 9 1.0498 130.3672 2009 12 26 0 133 42 NA
243881 P156791 2009 9 9 1.0498 130.3672 2009 12 20 4.5888 128.2213 40 49
243889 P156799 2009 9 9 1.0498 130.3672 2009 12 20 0 131 45 NA
244017 P157527 2009 9 9 1.0498 130.3672 2009 12 22 -2.063 144.605 44 45
244073 P157578 2009 9 9 1.0498 130.3672 2009 12 23 0.0485 143.0697 43 NA
244096 P157403 2009 9 9 1.0498 130.3672 2009 12 24 -9.1167 155.7 39 50.7
244165 P157802 2009 9 9 1.0498 130.3672 2009 12 10 3.812 128.2725 38 48
244168 P157805 2009 9 9 1.0498 130.3672 2009 12 23 4.6055 128.2612 37 48
244190 P157827 2009 9 9 1.0498 130.3672 2009 12 28 -8.3376 152.5612 43 35
244407 P157661 2009 9 9 1.0498 130.3672 2009 12 22 -0.138 145.081 45 50
244410 P157663 2009 9 9 1.0498 130.3672 2009 12 17 -1.2373 128.7255 42 49
244445 P157685 2009 9 9 1.0498 130.3672 2009 12 5 -2.2188 144.5967 43 50
244503 P157334 2009 9 9 1.0498 130.3672 2009 12 14 4.0941 127.6567 42 47
244547 P157378 2009 9 9 1.0498 130.3672 2009 12 3 3.7667 129.6833 41 54
244599 P157229 2009 9 9 1.0498 130.3672 2009 12 12 2.072 126.2551 43 55
244687 P157297 2009 9 9 1.0498 130.3672 2009 12 17 -1.2373 128.7255 41 43
244733 P156813 2009 9 9 1.0498 130.3672 2009 12 3 1.3091 130.1557 39 42
244740 P156820 2009 9 9 1.0498 130.3672 2009 12 17 -1.2373 128.7255 45 47
244822 P157884 2009 9 10 1.0188 130.5126 2009 12 12 2.072 126.2551 38 52
244865 P158418 2009 9 10 1.0188 130.5126 2009 12 17 -1.2373 128.7255 40 47
244928 P158468 2009 9 10 1.0188 130.5126 2009 12 20 4.5888 128.2213 39 46
244939 P156872 2009 9 10 1.0188 130.5126 2009 12 26 0 133 39 NA
245007 P158516 2009 9 10 1.0188 130.5126 2009 12 13 -7.3473 160.2647 40 42
245045 P157905 2009 9 10 1.0188 130.5126 2009 12 3 3.1667 130.1833 39 45
245054 P158557 2009 9 10 1.0188 130.5126 2009 12 14 4.0941 127.6567 40 43
245133 P157701 2009 9 10 1.0188 130.5126 2009 12 17 2.2097 132.041 39 43
245150 P157950 2009 9 10 1.0188 130.5126 2009 12 12 2.072 126.2551 47 55
245162 P157715 2009 9 10 1.0188 130.5126 2009 12 17 4.3087 128.237 43 48
245183 P157729 2009 9 10 1.0188 130.5126 2009 12 3 3.2667 130.2333 44 50
245218 P157753 2009 9 10 1.0188 130.5126 2009 12 19 -6.2333 127.5833 41 36
245262 P157989 2009 9 10 1.0188 130.5126 2009 12 17 -1.2373 128.7255 40 46
245283 P157795 2009 9 10 1.0188 130.5126 2009 12 1 3 143 40 NA
245331 P158217 2009 9 10 1.0188 130.5126 2009 12 17 -1.2373 128.7255 39 49
245356 P158242 2009 9 10 1.0188 130.5126 2009 12 26 0 133 44 NA
245409 P158295 2009 9 10 1.0188 130.5126 2009 12 26 0.7442 142.124 47 53
245436 P158022 2009 9 10 1.0188 130.5126 2009 12 15 2 118 41 NA
245561 P158305 2009 9 10 1.0188 130.5126 2009 12 12 2.072 126.2551 43 53
245582 P158319 2009 9 10 1.0188 130.5126 2009 12 17 -1.2373 128.7255 41 48
245608 P158334 2009 9 10 1.0188 130.5126 2009 12 25 -4.1145 149.2526 40 NA
245836 P158109 2009 9 10 1.0188 130.5126 2009 12 14 2.087 129.0758 41 47
245977 P158610 2009 9 10 1.0188 130.5126 2009 12 15 2 118 38 NA
245690 P158949 2009 9 10 0.9912 130.4622 2009 12 1 3 143 40 NA
245700 P158954 2009 9 10 0.9912 130.4622 2009 12 15 -2.55 144.3513 40 NA
245727 P158974 2009 9 10 0.9912 130.4622 2009 12 23 0.0485 143.0697 40 NA
245734 P158981 2009 9 10 0.9912 130.4622 2009 12 29 -1.0892 128.8412 40 48
245754 P158999 2009 9 10 0.9912 130.4622 2009 12 10 -2.418 143.8358 41 59
246151 P159351 2009 9 10 0.9912 130.4622 2009 12 4 2.6427 130.2295 42 45
246176 P158817 2009 9 10 0.9912 130.4622 2009 12 17 -1.2373 128.7255 39 47
246238 P158853 2009 9 10 0.9912 130.4622 2009 12 14 2.087 129.0758 43 49
246274 P158888 2009 9 10 0.9912 130.4622 2009 12 29 -1.733 142.267 39 52
246285 P159407 2009 9 10 0.9912 130.4622 2009 12 21 4.4225 128.2458 43 55
246291 P159412 2009 9 10 0.9912 130.4622 2009 12 12 2.072 126.2551 45 45
246321 Z84715 2009 9 10 0.9912 130.4622 2009 12 17 -1.2373 128.7255 33 46
246346 P158711 2009 9 10 0.9912 130.4622 2009 12 17 -1.2373 128.7255 40 46
246548 P159179 2009 9 10 0.9912 130.4622 2009 12 17 -1.2373 128.7255 39 45
246597 Z84982 2009 9 10 0.3005 130.7196 2009 12 17 -1.2373 128.7255 33 47
246715 Z84753 2009 9 11 -0.4129 131.6617 2009 12 29 -1.0892 128.8412 35 48
246988 P159614 2009 9 13 -0.4715 134.1496 2009 12 13 -2.4363 141.9619 39 NA
247808 Z85426 2009 9 13 -0.6741 134.3813 2009 12 17 -1.2373 128.7255 35 46
248698 Z85653 2009 9 16 -0.9686 138.9701 2009 12 13 -8.995 159.734 36 48
248705 Z85660 2009 9 16 -0.9686 138.9701 2009 12 5 -1.5217 144.5967 32 48
249070 Z86354 2009 9 16 -0.9686 138.9701 2009 12 9 0.418 143.86 33 NA
248787 Z85326 2009 9 16 -0.9529 138.9943 2009 12 13 -2.3517 143.4183 35 51
248795 Z85334 2009 9 16 -0.9529 138.9943 2009 12 11 -0.7552 166.186 36 46
248823 Z86708 2009 9 16 -0.9529 138.9943 2009 12 9 0.418 143.86 33 NA
248837 Z86716 2009 9 16 -0.9529 138.9943 2009 12 18 -2.52 148.702 33 45
249011 Z86593 2009 9 16 -0.9529 138.9943 2009 12 9 0.418 143.86 35 NA
249181 Z86847 2009 9 16 -0.9529 138.9943 2009 12 23 -7.2667 152.55 33 47.5
249375 Z86470 2009 9 16 -0.9529 138.9943 2009 12 9 0.418 143.86 35 NA
249383 Z86478 2009 9 16 -0.9529 138.9943 2009 12 11 -2.851 148.547 33 33
249101 P160507 2009 9 16 -1.0006 139.0842 2009 12 14 -2.1167 143.1 47 52
249210 P160215 2009 9 16 -1.0872 139.1379 2009 12 18 -3.2837 146.9242 47 30
249218 P160223 2009 9 16 -1.0872 139.1379 2009 12 14 2.087 129.0758 46 48
249267 P160532 2009 9 16 -1.0872 139.1379 2009 12 18 -3.2698 147.0575 50 56
249477 P160256 2009 9 22 -4.8008 147.3673 2009 12 5 -4.3162 149.7298 44 47
249652 P161318 2009 9 22 -4.8008 147.3673 2009 12 23 -4.0221 147.1632 41 50
249691 P161357 2009 9 22 -4.8008 147.3673 2009 12 18 -2.52 148.702 43 50
249764 P160129 2009 9 22 -4.8008 147.3673 2009 12 15 -3.875 147.958 48 NA
249874 P168939 2009 9 22 -4.8008 147.3673 2009 12 16 -2.8425 148.813 44 51
249953 P168998 2009 9 22 -4.8008 147.3673 2009 12 26 -5.2751 149.1901 46 50
249956 P161422 2009 9 22 -4.8008 147.3673 2009 12 28 -4.0923 146.2577 70 53
249958 P161423 2009 9 22 -4.8008 147.3673 2009 12 5 -0.4123 172.8454 50 54
250081 P161121 2009 9 22 -4.8008 147.3673 2009 12 15 -3.875 147.958 43 NA
250086 P161126 2009 9 22 -4.8008 147.3673 2009 12 26 -5.2751 149.1901 44 50
250113 P161153 2009 9 22 -4.8008 147.3673 2009 12 10 -1.0475 143.3062 42 45
250125 P161165 2009 9 22 -4.8008 147.3673 2009 12 12 -2.7283 148.3209 42 49
250141 P161181 2009 9 22 -4.8008 147.3673 2009 12 10 -7.9073 150.3782 51 95
250195 P169035 2009 9 22 -4.8008 147.3673 2009 12 5 -4.4333 150.85 42 48
250251 P169089 2009 9 22 -4.8008 147.3673 2009 12 3 -2.55 148.0333 43 46
250314 P169447 2009 9 22 -4.8008 147.3673 2009 12 3 -2.55 148.0333 44 48
250325 P169454 2009 9 22 -4.8008 147.3673 2009 12 31 -2.912 148.565 46 53
250382 P169498 2009 9 22 -4.8008 147.3673 2009 12 31 -2.912 148.565 47 45
250391 P160580 2009 9 22 -4.8008 147.3673 2009 12 5 -4.3162 149.7298 44 49
250429 P168819 2009 9 22 -4.8008 147.3673 2009 12 17 -3.3773 148.5132 43 49
251008 P161006 2009 9 22 -4.8008 147.3673 2009 12 20 -3.761 150.167 41 46
251015 P161013 2009 9 22 -4.8008 147.3673 2009 12 22 -2.8358 147.0863 41 NA
251056 P161054 2009 9 22 -4.8008 147.3673 2009 12 14 -4.4853 147.3418 40 58
251068 P161066 2009 9 22 -4.8008 147.3673 2009 12 26 -5.2751 149.1901 44 50
251081 P161079 2009 9 22 -4.8008 147.3673 2009 12 11 -3.6473 149.2842 42 51
251186 P160682 2009 9 22 -4.8008 147.3673 2009 12 8 -3.2332 145.45 43 36
251212 P169108 2009 9 22 -4.8008 147.3673 2009 12 15 -3.875 147.958 48 NA
251310 P170203 2009 9 24 -4.641 150.0014 2009 12 2 -3.9855 150.2973 40 47
251327 P170220 2009 9 24 -4.641 150.0014 2009 12 19 -3.9474 148.1449 43 48
251364 P170257 2009 9 24 -4.641 150.0014 2009 12 28 -7.1196 150.0891 42 NA
251395 P170288 2009 9 24 -4.641 150.0014 2009 12 31 -2.913 148.579 50 53
251575 P169324 2009 9 24 -4.641 150.0014 2009 12 22 -2.6234 148.916 44 50
251595 P169668 2009 9 24 -4.641 150.0014 2009 12 15 -3.6067 150.0117 50 NA
251598 P169670 2009 9 24 -4.641 150.0014 2009 12 20 -7.7459 150.2719 45 51
251655 P169367 2009 9 24 -4.641 150.0014 2009 12 18 -3.6833 149.1667 44 50
251673 P169379 2009 9 24 -4.641 150.0014 2009 12 2 -3.7407 148.3713 40 53
251733 P169712 2009 9 24 -4.641 150.0014 2009 12 27 -7.0651 150.1823 41 49
251850 P169793 2009 9 24 -4.641 150.0014 2009 12 26 -5.2751 149.1901 45 49
251912 P170431 2009 9 24 -4.641 150.0014 2009 12 2 -3.9562 150.434 41 46
251975 P170002 2009 9 24 -4.641 150.0014 2009 12 1 1.0613 157.6173 37 52
252089 P170378 2009 9 24 -4.641 150.0014 2009 12 6 -4.1167 150.9833 43 48.5
252185 P170806 2009 9 24 -4.5395 150.2157 2009 12 12 -2.7283 148.3209 48 51
252205 P170824 2009 9 24 -4.5395 150.2157 2009 12 15 -10.3473 158.0487 43 43
252259 P170114 2009 9 24 -4.5395 150.2157 2009 12 20 -7.7459 150.2719 44 51
252382 P170181 2009 9 24 -4.5395 150.2157 2009 12 26 -5.2751 149.1901 44 55
252498 P170038 2009 9 24 -4.5395 150.2157 2009 12 22 -2.6234 148.916 40 50
252518 P170057 2009 9 24 -4.5395 150.2157 2009 12 18 -2.2364 145.3792 45 44
252555 P170069 2009 9 24 -4.5395 150.2157 2009 12 14 -2.1167 143.1 43 51
252595 P170489 2009 9 24 -4.5395 150.2157 2009 12 15 -3.875 147.958 45 50
252644 P170627 2009 9 24 -4.5395 150.2157 2009 12 26 -5.2751 149.1901 45 54
252709 P170789 2009 9 24 -4.4039 150.2626 2009 12 2 -3.99 150.2967 42 50
252712 P170791 2009 9 24 -4.4039 150.2626 2009 12 6 -4.1167 150.9833 45 47
252734 P170864 2009 9 24 -4.4039 150.2626 2009 12 31 -2.912 148.565 46 63
252772 P170938 2009 9 24 -4.3335 150.2237 2009 12 10 -3.973 150.343 45 54
252773 P170939 2009 9 24 -4.3335 150.2237 2009 12 5 -4.463 150.8722 51 40
252778 P171004 2009 9 24 -4.3335 150.2237 2009 12 2 -2.606 143.306 40 NA
252792 P170876 2009 9 24 -4.3335 150.2237 2009 12 15 -2.4237 144.007 43 NA
252885 P171405 2009 9 24 -4.3348 150.1048 2009 12 18 -2.3246 148.7114 45 51
253019 P171324 2009 9 24 -4.3348 150.1048 2009 12 5 -4.3162 149.7298 46 49
253078 P170986 2009 9 24 -4.3348 150.1048 2009 12 15 -2.629 144.727 46 NA
253239 P171467 2009 9 24 -4.2723 150.1989 2009 12 11 -3.8667 150.4833 40 49
253321 P171338 2009 9 24 -4.2723 150.1989 2009 12 2 -2.606 143.306 42 NA
253360 P171360 2009 9 24 -4.2723 150.1989 2009 12 23 -3.8059 147.9759 44 54
253459 P171396 2009 9 24 -4.2308 150.2629 2009 12 5 -4.3112 149.7298 47 49
253484 P171243 2009 9 24 -4.2308 150.2629 2009 12 19 -3.9479 148.1485 46 48
253488 P171702 2009 9 24 -4.2308 150.2629 2009 12 20 -7.963 153.617 47 50.7
253489 P171247 2009 9 24 -4.2308 150.2629 2009 12 25 -4.9667 149.4833 45 58
253521 P171554 2009 9 24 -4.2308 150.2629 2009 12 15 -2.42 144.007 45 NA
253524 P171557 2009 9 24 -4.2308 150.2629 2009 12 2 -2.849 143.43 50 48
253550 P171583 2009 9 24 -4.2308 150.2629 2009 12 19 -3.7784 148.2256 45 51
253561 P171594 2009 9 24 -4.2308 150.2629 2009 12 6 -4.1167 150.9833 43 48
253562 P171595 2009 9 24 -4.2308 150.2629 2009 12 2 -3.9562 150.434 44 47
253578 P171805 2009 9 24 -4.2048 150.3206 2009 12 21 -2.5083 147.168 51 NA
253590 P171817 2009 9 24 -4.2048 150.3206 2009 12 15 -2.42 144.007 43 NA
253598 P171825 2009 9 24 -4.2048 150.3206 2009 12 3 -4.7035 150.501 44 49
253613 P171840 2009 9 24 -4.2048 150.3206 2009 12 20 -7.7459 150.2719 49 52
253706 P171725 2009 9 24 -4.2048 150.3206 2009 12 5 -4.3125 149.729 43 49
253674 P172035 2009 9 24 -4.2142 150.3398 2009 12 6 -4.1167 150.9833 45 53
253730 P172307 2009 9 24 -4.2142 150.3398 2009 12 3 -2.325 143.579 44 NA
253748 P172316 2009 9 24 -4.2142 150.3398 2009 12 2 -3.9855 150.2973 44 44
253792 P171854 2009 9 24 -4.2142 150.3398 2009 12 26 -5.2751 149.1901 41 54
253861 P171274 2009 9 24 -4.2142 150.3398 2009 12 20 -3.499 148.867 47 NA
254027 P171776 2009 9 24 -4.1257 150.5097 2009 12 20 -3.499 148.867 44 NA
254052 P172209 2009 9 24 -4.1257 150.5097 2009 12 3 -2.325 143.579 43 NA
254081 P172107 2009 9 24 -4.1257 150.5097 2009 12 18 -7.3524 150.0821 48 50
254125 P172334 2009 9 24 -4.1257 150.5097 2009 12 3 -2.55 148.0333 48 55
254153 P172362 2009 9 24 -4.1257 150.5097 2009 12 15 -2.42 144.007 47 NA
254178 P172387 2009 9 24 -4.1257 150.5097 2009 12 7 -7.3537 148.8005 44 50
254189 P172398 2009 9 24 -4.1257 150.5097 2009 12 25 -2.5022 141.9324 45 52
254196 P172425 2009 9 25 -3.7464 150.7715 2009 12 3 -2.55 148.0333 49 52
254201 P171671 2009 9 25 -3.7464 150.7715 2009 12 2 -2.606 143.306 48 NA
254234 P171697 2009 9 25 -3.7464 150.7715 2009 12 5 -4.3162 149.7298 47 48
254299 P172128 2009 9 25 -3.7464 150.7715 2009 12 2 -3.7038 149.5528 45 45
254319 P172233 2009 9 25 -3.446 150.7982 2009 12 22 -6.7163 149.0491 49 NA
254344 P172538 2009 9 25 -3.446 150.7982 2009 12 24 -7.8613 155.4653 51 57
254483 P172576 2009 9 25 -3.339 150.909 2009 12 7 -7.3537 148.8005 49 54
254498 P172592 2009 9 25 -3.339 150.909 2009 12 23 -10.41 157.9487 50 54
254664 Z86755 2009 9 27 -1.4102 150.8047 2009 12 2 -0.2316 169.849 36 50
254688 P172291 2009 9 27 -2.2051 150.7834 2009 12 5 -4.463 150.8722 42 30
254766 Z85392 2009 10 1 1.9578 156.0085 2009 12 16 2.6512 166.7872 35 44
255305 Z87147 2009 10 1 1.9578 156.0085 2009 12 1 -2.92 159.0407 35 43
255475 P173014 2009 10 1 1.9578 156.0085 2009 12 30 -6.6639 150.0363 43 32
255778 Z87429 2009 10 1 1.9578 156.0085 2009 12 4 0.0133 158.798 36 45
255986 Z87748 2009 10 1 1.9578 156.0085 2009 12 23 -0.5813 162.726 35 42
255989 Z87750 2009 10 1 1.9578 156.0085 2009 12 1 1.0733 157.658 35 28
256402 Z88231 2009 10 7 4.9707 156.0312 2009 12 30 -6.6489 150.0429 36 29
256708 Z87880 2009 10 7 4.7494 155.8499 2009 12 23 -10.41 157.9487 33 44
256758 Z88310 2009 10 7 4.7494 155.8499 2009 12 21 -5.3753 157.078 33 41
256767 Z88315 2009 10 7 4.7494 155.8499 2009 12 22 -9.1333 155.3 35 47
256878 Z88300 2009 10 7 4.7494 155.8499 2009 12 9 -2.5199 159.1915 36 43
257029 P173391 2009 10 8 1.9568 156.009 2009 12 17 2.525 166.8273 57 79
257193 P173916 2009 10 8 1.9568 156.009 2009 12 9 -2.2113 178.694 45 51
257307 P173818 2009 10 8 1.9568 156.009 2009 12 2 -3.568 160.2827 42 51
257477 Z88374 2009 10 8 1.9568 156.0102 2009 12 3 -0.271 160.2976 38 45
257501 Z88392 2009 10 8 1.9568 156.0102 2009 12 1 -8.2269 164.5678 36 48
257523 P173766 2009 10 8 1.9568 156.0102 2009 12 9 -2.5199 159.1915 44 48
257643 P173986 2009 10 8 1.9568 156.0102 2009 12 31 -9.2867 159.966 39 42
257797 P174288 2009 10 8 1.9568 156.0102 2009 12 1 -2.9199 159.0406 41 44
257845 P174336 2009 10 8 1.9568 156.0102 2009 12 11 -6.1 158.8167 43 47
258268 Z88439 2009 10 9 -0.0108 155.9743 2009 12 20 -3.337 156.201 34 42
258315 P174516 2009 10 9 -0.0108 155.9743 2009 12 11 -0.7553 166.186 43 47
258404 P174482 2009 10 9 -0.0108 155.9743 2009 12 11 -0.7552 166.1859 45 53
258437 P175216 2009 10 11 -2.8309 150.6783 2009 12 25 -7.983 153.419 53 61.5
258446 P175225 2009 10 11 -2.8309 150.6783 2009 12 9 -10.25 157.5 51 NA
258693 P174573 2009 10 11 -2.8309 150.6783 2009 12 26 -5.2751 149.1901 59 52
258763 P175114 2009 10 11 -2.8309 150.6783 2009 12 24 -8.6601 154.9101 64 69
258778 P175122 2009 10 11 -2.8309 150.6783 2009 12 15 -4.1101 147.9306 53 NA
259102 P175611 2009 10 11 -2.8309 150.6783 2009 12 5 -4.463 150.8722 54 32
259698 P175469 2009 10 11 -2.8309 150.6783 2009 12 15 -4.109 147.9316 57 NA
259720 P175491 2009 10 11 -2.8309 150.6783 2009 12 7 -7.2587 148.767 51 NA
259791 P176055 2009 10 13 -5.1764 153.6656 2009 12 16 -9.6933 157.275 45 52
259809 P176073 2009 10 13 -5.1764 153.6656 2009 12 25 -8.3585 154.8719 47 58
259813 P176077 2009 10 13 -5.1764 153.6656 2009 12 14 -10.1887 156.4987 47 51
259832 P176096 2009 10 13 -5.1764 153.6656 2009 12 29 -8.769 154.794 47 50.7
259887 P176101 2009 10 13 -5.1764 153.6656 2009 12 20 -8.169 153.991 46 49
259972 P176508 2009 10 13 -5.1764 153.6656 2009 12 14 -10.1886 156.4987 45 47
259991 P176521 2009 10 13 -5.1764 153.6656 2009 12 29 -8.1533 158.845 45 57
259998 P176525 2009 10 13 -5.1764 153.6656 2009 12 15 -12.201 153.849 47 50
260008 P176531 2009 10 13 -5.1764 153.6656 2009 12 9 -1.25 157.5 44 47
260010 P176151 2009 10 13 -5.1764 153.6656 2009 12 14 -9.083 155.883 47 52
260047 P176555 2009 10 13 -5.1764 153.6656 2009 12 22 -7.2333 153.25 45 58.5
260090 P176181 2009 10 13 -5.1764 153.6656 2009 12 1 -2.9199 159.0407 43 51
260102 P176590 2009 10 13 -5.1764 153.6656 2009 12 24 -9.1167 155.7 49 51
260121 P176194 2009 10 13 -5.1764 153.6656 2009 12 16 -0.8133 161.73 43 47
260158 P176614 2009 10 13 -5.1764 153.6656 2009 12 18 -8.0667 153.35 46 51.2
260186 P175991 2009 10 13 -5.1764 153.6656 2009 12 18 -9.78 155.7853 43 46
260191 P175994 2009 10 13 -5.1764 153.6656 2009 12 13 -8.995 159.734 48 51
260197 P175998 2009 10 13 -5.1764 153.6656 2009 12 24 -8.3892 154.8551 45 52
260208 P175727 2009 10 13 -5.1764 153.6656 2009 12 31 -8.983 154.165 47 49.9
260220 P175730 2009 10 13 -5.1764 153.6656 2009 12 10 -9.7904 158.3213 47 NA
260266 P176656 2009 10 13 -5.1764 153.6656 2009 12 20 -8.8667 156.2833 46 NA
260269 P176658 2009 10 13 -5.1764 153.6656 2009 12 1 -0.582 172.1767 46 52
260271 P176659 2009 10 13 -5.1764 153.6656 2009 12 1 1.282 164.4033 47 51
260301 P176668 2009 10 13 -5.1764 153.6656 2009 12 7 -8.605 156.488 45 48
260351 P176224 2009 10 13 -5.1764 153.6656 2009 12 23 -7.2667 152.55 48 50.8
260353 P176226 2009 10 13 -5.1764 153.6656 2009 12 2 -5.063 165.146 48 51
260372 P176245 2009 10 13 -5.1764 153.6656 2009 12 2 -8.47 158.619 48 52
260377 P176250 2009 10 13 -5.1764 153.6656 2009 12 23 -7.2667 152.55 47 48
260389 P175389 2009 10 13 -5.1764 153.6656 2009 12 22 -9.1333 155.3 48 49
260391 P175391 2009 10 13 -5.1764 153.6656 2009 12 29 6.9923 158.1686 49 51
260398 P175398 2009 10 13 -5.1764 153.6656 2009 12 11 -9.208 156.137 48 54
260545 P176390 2009 10 13 -5.1764 153.6656 2009 12 20 -8.8667 156.2833 44 NA
260554 P176399 2009 10 13 -5.1764 153.6656 2009 12 24 -7.8613 155.4653 48 53
260687 P177416 2009 10 14 -5.6126 155.5626 2009 12 29 -6.1597 157.3721 44 53
260714 P176763 2009 10 14 -5.6126 155.5626 2009 12 23 -7.2846 159.7372 43 46
260731 P176772 2009 10 14 -5.6126 155.5626 2009 12 23 -7.749 153.603 45 49.8
260795 P177206 2009 10 14 -5.6126 155.5626 2009 12 31 -9.2867 159.966 44 50
260816 P177220 2009 10 14 -5.6126 155.5626 2009 12 16 -7.32 159.8007 47 51
260864 P176910 2009 10 14 -5.6126 155.5626 2009 12 6 -2.5733 158.598 45 58
260978 P176982 2009 10 14 -5.6126 155.5626 2009 12 20 -8.169 153.991 47 51.5
260988 P176866 2009 10 14 -5.6126 155.5626 2009 12 31 6.992 158.1687 44 49
261009 P177482 2009 10 14 -5.6037 155.7663 2009 12 7 -8.5627 156.5524 41 48
261026 P177499 2009 10 14 -5.6037 155.7663 2009 12 2 -0.2316 169.849 44 58.5
261097 P177836 2009 10 14 -5.6037 155.7663 2009 12 12 -0.3853 167.3349 45 53
261106 P177845 2009 10 14 -5.6037 155.7663 2009 12 9 -2.5199 159.1915 43 48
261176 Z88598 2009 10 14 -5.6037 155.7663 2009 12 14 -4.044 158.0407 44 50
261188 P177510 2009 10 14 -5.6037 155.7663 2009 12 2 -1.508 169.8573 40 46
261216 P177538 2009 10 14 -5.6037 155.7663 2009 12 23 -7.2667 152.55 43 48
261219 P177541 2009 10 14 -5.6037 155.7663 2009 12 23 -7.2847 159.7373 50 51
261244 P177566 2009 10 14 -5.6037 155.7663 2009 12 11 -6.578 158.559 42 48.5
261276 P177598 2009 10 14 -5.6037 155.7663 2009 12 23 -7.2847 159.7373 44 50
261293 P177270 2009 10 14 -5.6037 155.7663 2009 12 1 1.068 157.6387 44 52
261327 P177604 2009 10 14 -5.6037 155.7663 2009 12 13 -6.0167 158.65 41 47
261483 P177022 2009 10 14 -5.6037 155.7663 2009 12 6 0.5807 170.3707 43 49.5
261494 P177033 2009 10 14 -5.6037 155.7663 2009 12 13 -8.995 159.734 44 51
261514 P178009 2009 10 14 -5.6037 155.7663 2009 12 6 -2.5733 158.598 38 54
261530 P177054 2009 10 14 -5.6037 155.7663 2009 12 7 -8.5627 156.5524 44 NA
261569 P177074 2009 10 14 -5.6037 155.7663 2009 12 21 -5.64 157.296 45 43
261587 P178042 2009 10 14 -5.6037 155.7663 2009 12 31 -5.346 158.385 50 57
261607 P177096 2009 10 14 -5.6037 155.7663 2009 12 30 -8.1467 154.4967 41 58
261702 P177943 2009 10 14 -5.6037 155.7663 2009 12 3 -9.6187 156.3787 47 49
261707 P177948 2009 10 14 -5.6037 155.7663 2009 12 7 -8.5627 156.5524 44 55
261714 P177955 2009 10 14 -5.6037 155.7663 2009 12 31 -5.346 158.385 54 52
261723 P177962 2009 10 14 -5.6037 155.7663 2009 12 8 -1.228 170.1993 45 50
261742 P177317 2009 10 14 -5.6037 155.7663 2009 12 23 -1.452 164.798 44 47.5
261747 P177322 2009 10 14 -5.6037 155.7663 2009 12 23 -7.2847 159.7373 42 51
261757 P177330 2009 10 14 -5.6037 155.7663 2009 12 23 -8.8 155.8 44 48.5
261775 P177347 2009 10 14 -5.6037 155.7663 2009 12 11 -10.0354 158.6354 43 46
261798 P177353 2009 10 14 -5.6037 155.7663 2009 12 9 -10.25 157.5 43 48.8
261851 P177372 2009 10 14 -5.6037 155.7663 2009 12 2 -0.78 169.97 43 50
261875 P177382 2009 10 14 -5.6037 155.7663 2009 12 2 -0.2316 169.849 42 49
261895 P177390 2009 10 14 -5.6037 155.7663 2009 12 31 -5.346 158.385 44 48
261915 P177189 2009 10 14 -5.6037 155.7663 2009 12 21 -5.6407 157.2693 44 46
261935 P177709 2009 10 14 -5.6037 155.7663 2009 12 9 -10.25 157.5 44 48
261952 P177726 2009 10 14 -5.6037 155.7663 2009 12 31 6.992 158.1687 44 49
261971 P177745 2009 10 14 -5.6037 155.7663 2009 12 11 -6.611 158.564 45 49.8
H8946 1794 2009 7 18 31.1 127 2009 12 8 34.7333 129.2167 52 57
