116
id tag_no yr mo day lat lon yr_rec mo_rec day_rec lat_rec lon_rec len_rel len_rec
24239 P19544 2007 2 23 -6.7017 154.4708 2010 6 19 -1.7714 168.4387 46 72
113435 P70670 2008 7 18 7.2666 157.8962 2010 6 2 0.8335 166.7665 51 69
135527 P81016 2008 10 10 -2.3204 125.2768 2010 6 9 -1 126 37 NA
143881 P96404 2008 10 20 -3.5979 132.3994 2010 6 11 -2.5 128.5 38 58.5
147144 P91380 2008 10 21 -2.5922 129.6083 2010 6 22 -2.136 143.9347 48 69
191216 P119703 2009 4 28 2.0774 173.2645 2010 6 25 -2.1684 172.618 45 68
203410 P132566 2009 5 8 1.6522 172.326 2010 6 15 1.544 165.175 45 40
205780 P135297 2009 6 2 -10.4216 161.1543 2010 6 17 -2.2809 160.048 51 61
223453 P145865 2009 7 22 6.9757 158.0874 2010 6 28 1.55 167.35 53 46
225228 P144025 2009 7 31 -0.7469 148.1824 2010 6 20 -2.3674 143.9447 38 54
225328 P144151 2009 7 31 -0.7469 148.1824 2010 6 23 -2.478 165.9696 38 55
226939 P144553 2009 8 2 -0.025 147.0098 2010 6 24 0.627 149.042 40 53
228006 P145299 2009 8 4 -2.6728 148.7198 2010 6 15 -3.6452 148.662 51 48
228377 P146710 2009 8 5 -2.8316 150.6789 2010 6 2 4.6563 150.862 52 60.7
228403 P146736 2009 8 5 -2.8316 150.6789 2010 6 14 2.1307 146.0675 51 49
229194 P146311 2009 8 5 -2.8316 150.6789 2010 6 16 1.678 164.885 48 57
229277 P146340 2009 8 5 -2.8316 150.6789 2010 6 5 -4.45 150.3971 49 NA
229333 P146368 2009 8 5 -2.8316 150.6789 2010 6 19 2.6333 153.0333 51 66
229866 P147751 2009 8 8 -3.2446 150.8874 2010 6 13 2.5335 153.8246 49 65
229941 P148326 2009 8 8 -3.2446 150.8874 2010 6 24 1.1 151.4333 50 62.3
230227 P148156 2009 8 8 -3.2446 150.8874 2010 6 30 -4.188 149.6945 51 NA
230285 P148501 2009 8 8 -3.2446 150.8874 2010 6 10 -2.6745 144.9227 55 30.5
230490 P149004 2009 8 8 -3.2446 150.8874 2010 6 17 2.56 153.819 46 58
230747 P148721 2009 8 8 -3.2446 150.8874 2010 6 5 -1.771 148.1082 51 NA
230985 P147951 2009 8 8 -3.2446 150.8874 2010 6 10 0.4823 151.0011 51 62
232377 P150062 2009 8 12 -4.2397 150.1962 2010 6 13 -2.8971 146.0901 44 45
232450 P149657 2009 8 12 -4.2397 150.1962 2010 6 3 4.6165 155.8542 50 43
232548 P149358 2009 8 12 -4.2397 150.1962 2010 6 22 -5.5116 162.11 48 57
232666 P150157 2009 8 12 -4.2397 150.1962 2010 6 20 -2.3874 143.9923 45 52
232694 P150185 2009 8 12 -4.2397 150.1962 2010 6 30 -2.5137 166.5504 46 53
232788 P150371 2009 8 12 -4.2397 150.1962 2010 6 16 -2.4726 160.3761 50 35
232793 P150376 2009 8 12 -4.2397 150.1962 2010 6 28 -5.83 160.6313 45 56
232908 P150805 2009 8 12 -4.1825 149.5474 2010 6 26 36.4414 150.4206 41 31
232971 P150293 2009 8 12 -4.1825 149.5474 2010 6 20 -2.3674 143.9447 40 54
233026 P150908 2009 8 12 -4.1825 149.5474 2010 6 11 0.8502 144.7389 50 58.3
233233 P150893 2009 8 14 -2.8931 147.9715 2010 6 5 -1.771 148.1082 49 NA
233289 P150704 2009 8 14 -2.8931 147.9715 2010 6 6 6.35 158.1333 52 64.8
233401 P151153 2009 8 14 -2.8931 147.9715 2010 6 8 2.25 154.9833 51 62.6
234115 P151066 2009 8 17 -2.3984 141.7955 2010 6 20 -1.5504 146.2384 47 NA
234129 P151080 2009 8 17 -2.3984 141.7955 2010 6 30 -0.5756 146.4705 43 61
235507 P152294 2009 8 23 -0.4697 134.151 2010 6 21 -2.0009 156.5326 40 60
235646 P151379 2009 8 23 -0.4697 134.151 2010 6 15 2.5833 245.65 39 NA
236164 P152716 2009 8 24 0.5634 131.5582 2010 6 15 -1 127 39 NA
235829 P151472 2009 8 24 0.6148 131.4894 2010 6 2 4.6507 150.8612 42 58.6
235897 P152531 2009 8 24 0.6148 131.4894 2010 6 1 1.3167 190.7333 42 NA
236207 P152758 2009 8 24 0.6148 131.4894 2010 6 3 4.6165 155.8542 40 60
236319 P152970 2009 8 24 0.6148 131.4894 2010 6 18 1.099 145.523 41 54
236846 P152829 2009 8 24 0.6148 131.4894 2010 6 21 4.95 149.95 44 61.4
238678 P154120 2009 9 2 -7.6126 124.1078 2010 6 8 -2.3145 129.5105 40 58.9
239742 P153599 2009 9 4 -2.8139 126.2661 2010 6 9 -1 126 43 NA
240350 P155701 2009 9 4 -2.8139 126.2661 2010 6 9 -1 126 44 NA
241414 Z83637 2009 9 7 3.8596 127.7471 2010 6 2 4.6562 150.8614 35 54
262186 P155549 2009 9 7 3.8596 127.7471 2010 6 20 -2.3674 143.9447 39 55
242718 P156613 2009 9 9 1.06 130.0695 2010 6 7 1.5333 150.1333 42 57
242906 P156735 2009 9 9 1.06 130.0695 2010 6 19 -1.8996 167.5891 41 40
243072 Z84069 2009 9 9 1.06 130.0695 2010 6 29 -1.331 153.945 36 45.5
243260 P156930 2009 9 9 1.06 130.0695 2010 6 5 -1.771 148.1082 42 NA
243789 P156478 2009 9 9 1.06 130.0695 2010 6 19 -1.8996 167.5891 42 74
244097 P157598 2009 9 9 1.0498 130.3672 2010 6 13 3.582 189.963 46 NA
244661 P156261 2009 9 9 1.0498 130.3672 2010 6 18 1.099 145.523 45 62
244684 P157296 2009 9 9 1.0498 130.3672 2010 6 20 -3.6 146.9 44 48
245019 P158528 2009 9 10 1.0188 130.5126 2010 6 16 2.5833 153.7833 43 60
245077 P158567 2009 9 10 1.0188 130.5126 2010 6 20 -3.6 146.9 41 45
245181 P157728 2009 9 10 1.0188 130.5126 2010 6 16 1.155 145.373 41 56
245207 P157746 2009 9 10 1.0188 130.5126 2010 6 20 -2.3674 143.9447 42 55
246092 P158806 2009 9 10 1.0188 130.5126 2010 6 30 -2.0182 154.2826 44 60
245587 P158913 2009 9 10 0.9912 130.4622 2010 6 3 4.6167 155.8546 38 59
245748 P158994 2009 9 10 0.9912 130.4622 2010 6 16 1.462 146.5777 37 49
246105 P159311 2009 9 10 0.9912 130.4622 2010 6 15 -1.5277 155.8702 40 59
246126 P159326 2009 9 10 0.9912 130.4622 2010 6 13 6.151 213.927 40 NA
246471 P159102 2009 9 10 0.9912 130.4622 2010 6 20 -1.5504 146.2384 37 NA
248720 Z85675 2009 9 16 -0.9686 138.9701 2010 6 5 -1.5793 147.2788 35 49
249462 P160570 2009 9 22 -4.8311 147.2025 2010 6 5 4.2837 149.7073 49 62
249713 P161379 2009 9 22 -4.8008 147.3673 2010 6 20 -2.3674 143.9447 50 52
250070 P161110 2009 9 22 -4.8008 147.3673 2010 6 13 6.151 213.927 42 40
250247 P169086 2009 9 22 -4.8008 147.3673 2010 6 18 -2.439 143.7267 49 51
250520 P168874 2009 9 22 -4.8008 147.3673 2010 6 12 3.9667 190.0833 48 NA
250947 P160946 2009 9 22 -4.8008 147.3673 2010 6 5 -1.771 148.1082 49 NA
251502 P169981 2009 9 24 -4.641 150.0014 2010 6 13 -1.8333 160.8667 41 55
251689 P169395 2009 9 24 -4.641 150.0014 2010 6 20 -2.3674 143.9447 44 54
251700 P170350 2009 9 24 -4.641 150.0014 2010 6 5 -1.5793 147.2788 45 77
252025 P170312 2009 9 24 -4.641 150.0014 2010 6 20 -4.9423 149.6298 39 60
252040 P170327 2009 9 24 -4.641 150.0014 2010 6 7 1.5333 150.1333 45 57.9
252506 P170045 2009 9 24 -4.5395 150.2157 2010 6 12 1.7227 145.614 45 56
252725 P170855 2009 9 24 -4.4039 150.2626 2010 6 29 3.4 194.6833 41 NA
252825 P170659 2009 9 24 -4.3335 150.2237 2010 6 20 -2.3667 143.9448 46 58
253495 P171803 2009 9 24 -4.2308 150.2629 2010 6 20 -2.3874 143.9923 51 58
253701 P171720 2009 9 24 -4.2048 150.3206 2010 6 10 -3.18 148.6828 48 35
253788 P171850 2009 9 24 -4.2142 150.3398 2010 6 10 -2.6745 144.9227 45 33
253883 P171285 2009 9 24 -4.2142 150.3398 2010 6 10 -2.257 172.273 48 60
254462 P172825 2009 9 25 -3.339 150.909 2010 6 1 4.9167 246.7333 51 NA
256366 Z88122 2009 10 7 4.9707 156.0312 2010 6 19 -1.8996 167.5891 36 55
256476 P173425 2009 10 7 4.9707 156.0312 2010 6 22 -2.435 160.2639 37 60
256645 Z88063 2009 10 7 4.9707 156.0312 2010 6 23 6.067 157.73 33 55
258090 P173563 2009 10 8 1.9568 156.0102 2010 6 30 -2.0182 154.2826 41 63
258205 P174750 2009 10 9 -0.0108 155.9743 2010 6 30 -2.1739 170.0123 46 39
258497 P174040 2009 10 11 -2.8309 150.6783 2010 6 29 3.4 194.6833 56 NA
258588 P175318 2009 10 11 -2.8309 150.6783 2010 6 5 -1.771 148.1082 55 NA
258703 P174579 2009 10 11 -2.8309 150.6783 2010 6 24 1.1 151.4333 53 60
258707 P174581 2009 10 11 -2.8309 150.6783 2010 6 2 0.9741 167.6314 61 70
258971 P174858 2009 10 11 -2.8309 150.6783 2010 6 10 0.4823 151.0011 53 NA
259052 P174891 2009 10 11 -2.8309 150.6783 2010 6 30 -1.2579 154.8455 55 64
259219 P174686 2009 10 11 -2.8309 150.6783 2010 6 5 -1.8 164.5333 55 61.9
259296 P175018 2009 10 11 -2.8309 150.6783 2010 6 10 4.2 250.0333 55 NA
259340 P175062 2009 10 11 -2.8309 150.6783 2010 6 5 -1.771 148.1082 62 NA
259482 P174955 2009 10 11 -2.8309 150.6783 2010 6 13 -1.8333 160.8667 50 59.9
259590 P175563 2009 10 11 -2.8309 150.6783 2010 6 15 -1.5277 155.8702 54 69
260254 P175757 2009 10 13 -5.1764 153.6656 2010 6 10 2.0776 154.4148 48 65
260943 P176849 2009 10 14 -5.6126 155.5626 2010 6 8 2.6955 154.1543 42 53
L8287 1804 2010 5 16 33.4167 145.1 2010 6 26 31.8333 150.3333 45 43
L8300 1805 2010 5 16 33.4167 145.1 2010 6 25 33.5 147.5 45.1 43
H9178 1806 2010 5 30 34.5 143.6333 2010 6 25 33.6667 143.5 45 41
K8449 1807 2010 2 6 12.6667 148.6333 2010 6 26 36 148 40 51.5
H9210 1808 2010 6 4 34.95 146.1167 2010 6 26 37 145 44 51.5
H9166 1809 2010 5 30 34.3333 143.5333 2010 6 27 37 152 41 43
D8157 1811 2010 2 20 23.4333 130.4 2010 6 20 37.8333 147 41 48
